95.123474 30.629877 94.765190 85.619398 4.026824 0.125000 81.386608 
136.875909 30.589752 94.339729 29.493194 5.417116 0.125000 49.585684 
160.820441 8.188883 161.156142 0.593229 2.773520 0.031250 2.457839 
142.017258 33.124534 142.107326 60.628333 3.803195 0.125000 49.834534 
138.370941 74.378050 138.238058 30.628453 2.625279 0.125000 47.456512 
114.371200 84.374893 115.851424 31.881385 3.818978 0.125000 35.605018 
143.131604 58.124923 143.468785 86.885624 5.028964 0.125000 59.329382 
137.511395 0.078617 139.734571 33.184795 15.477904 0.125000 137.524706 
164.938764 0.320032 166.302620 8.431417 5.967119 0.125000 4.304398 
170.706225 60.638929 170.110061 10.616240 5.386948 0.125000 67.002971 
140.636725 87.301761 119.355435 86.998655 2.588755 0.125000 15.564217 
99.845936 9.309417 98.470010 25.654044 3.120329 0.125000 9.449320 
143.381541 86.877066 143.240558 104.385996 3.739814 0.125000 10.884515 
118.510885 31.884625 117.481889 73.140137 3.216083 0.125000 49.383499 
96.857481 84.258090 111.892540 84.490545 2.731586 0.125000 11.964570 
168.236813 78.315153 170.558067 61.691114 7.773664 0.125000 21.943697 
117.504990 19.317252 118.439137 9.287833 3.733839 0.125000 2.036308 
117.867457 76.813624 117.558483 84.402826 2.752172 0.125000 1.067674 
91.916769 84.206952 0.591306 82.777214 8.340457 0.125000 201.889546 
111.872585 86.759808 104.349687 86.917513 0.755717 0.015625 1.067674 
13.209365 33.128344 14.499674 0.580388 3.796572 0.125000 41.692743 
137.960121 85.690129 138.492383 76.822026 2.944849 0.125000 2.560371 
110.651514 7.043619 100.892795 8.578089 5.979974 0.125000 3.141359 
123.124169 37.395722 134.375579 37.382898 2.511396 0.125000 0.883796 
80.784076 37.371738 71.902232 35.496050 3.220894 0.125000 1.720471 
0.621363 78.572225 91.885658 79.314450 2.550745 0.125000 112.927180 
83.778335 18.154241 82.996667 35.619256 4.137475 0.125000 9.214542 
145.626589 86.737022 163.124268 86.938544 1.278708 0.125000 0.164584 
23.084170 2.386634 34.380743 2.154667 3.672222 0.125000 2.486513 
94.959526 88.107976 95.398135 103.168012 4.039527 0.125000 17.891364 
89.064039 71.624632 91.050020 59.242679 3.458256 0.125000 9.366697 
58.126387 42.500383 48.120886 42.478171 3.769416 0.125000 11.416468 
71.117808 34.355916 70.733007 24.419224 2.691609 0.125000 0.820776 
29.188422 40.783407 21.693723 42.064420 3.696394 0.125000 0.050694 
29.309730 20.627477 30.069566 40.646082 1.580980 0.125000 1.034919 
44.956328 33.752493 33.073246 29.520315 3.693857 0.125000 8.533210 
60.040996 23.103267 60.612771 40.625399 5.119643 0.125000 7.127536 
114.929535 103.167789 114.005407 88.147740 2.955858 0.125000 10.225809 
96.879656 17.036502 83.177081 17.431536 3.820486 0.125000 2.246834 
0.599614 107.535178 93.134448 106.774924 6.290867 0.125000 156.945866 
160.475767 56.880440 160.611698 29.374934 2.543211 0.125000 5.141086 
95.155102 104.332248 94.657488 124.350950 3.685946 0.125000 8.712693 
120.679180 83.501551 135.621685 84.428435 2.340427 0.125000 3.403198 
171.313941 87.300361 169.792055 80.820633 5.512816 0.125000 6.829207 
121.689012 13.109688 120.556194 26.869335 1.861171 0.125000 4.680034 
134.375000 78.125000 120.625000 78.125000 1.250000 0.062500 0.616176 
123.106932 107.494451 133.170305 107.206096 3.963278 0.125000 7.653196 
170.148673 107.058985 168.921040 95.540161 5.634194 0.125000 4.092379 
149.368851 107.966175 166.875339 108.064821 3.799244 0.125000 12.321533 
70.646578 8.021416 85.771423 11.172094 1.733565 0.125000 0.797908 
96.764454 106.569328 110.761627 108.207879 4.966089 0.125000 13.956256 
126.187558 26.880751 126.051539 10.621432 1.364980 0.125000 1.067674 
