164.378410 24.783626 174.388143 24.700103 3.812448 0.125000 5.096624 
121.216005 86.959689 123.021465 74.360164 5.304060 0.125000 11.688648 
124.255067 74.528385 103.182456 58.051518 5.604464 0.125000 38.492476 
134.300712 66.856628 126.804743 97.166761 5.780179 0.125000 35.041414 
17.584232 55.294220 -0.022448 92.821235 6.537977 0.125000 90.149392 
127.469503 54.052001 133.943441 65.967744 5.993401 0.125000 14.703475 
93.094725 91.549865 123.183031 88.748225 3.849739 0.125000 10.904130 
61.259194 92.245813 37.042560 52.029501 7.104574 0.125000 93.024674 
138.730119 59.690045 132.102845 46.124356 7.313281 0.125000 13.104592 
135.996711 -0.561887 140.620972 10.626665 5.776105 0.125000 12.321533 
58.824353 46.422249 70.758078 97.803770 8.633102 0.125000 108.307010 
73.129915 45.568731 60.507846 44.466127 6.443848 0.125000 12.576327 
164.123661 44.393885 162.895495 28.048322 4.207749 0.125000 6.729638 
133.091852 44.476856 126.336880 42.278509 3.742721 0.125000 0.050694 
33.611131 51.896264 22.977044 50.509853 9.916081 0.125000 14.348050 
158.331722 19.157191 159.876231 29.486956 6.054102 0.062500 0.262893 
164.240707 82.084305 166.137911 71.971221 6.603797 0.125000 5.682535 
66.088318 102.924520 57.911818 103.991796 6.844585 0.125000 2.402083 
70.677245 97.301869 68.281046 104.427475 5.536061 0.125000 6.009503 
123.064244 43.789552 127.758313 53.324800 5.037977 0.125000 2.089640 
103.296970 57.313663 99.454666 50.579545 4.962289 0.062500 0.606042 
14.373091 90.160858 55.625884 90.261072 2.521249 0.125000 47.156015 
158.249854 66.374431 143.247823 62.632572 4.854167 0.125000 8.991506 
125.383974 94.733185 117.229592 96.937020 7.794685 0.125000 6.907656 
144.770383 0.183150 158.763798 12.704940 6.766315 0.125000 24.962463 
86.547820 55.615839 76.900656 48.545583 6.988529 0.125000 4.691204 
139.270458 13.258647 152.653785 23.727405 6.463126 0.125000 9.526297 
156.700654 30.299786 159.543339 39.702031 7.429561 0.125000 7.190052 
131.829047 88.584494 154.398109 87.272535 3.221198 0.125000 21.367748 
118.407468 73.036381 119.132070 85.566763 2.567994 0.125000 4.336995 
97.992377 51.163631 85.461824 53.499750 7.456314 0.125000 37.669546 
171.227757 70.620940 171.257904 84.379091 3.755463 0.125000 0.891631 
70.625572 90.450176 89.375371 90.511575 2.545013 0.125000 6.953153 
174.994530 4.069215 161.669682 12.812078 3.135349 0.125000 10.225809 
63.064937 51.791896 74.413551 52.376038 5.121901 0.125000 3.885675 
146.882625 90.978112 130.613219 91.329411 2.607355 0.125000 10.529091 
111.883220 93.417505 73.128697 94.506554 3.060816 0.125000 42.776318 
127.770741 95.734006 132.878977 112.335327 4.595140 0.125000 6.512397 
151.861642 91.551498 174.374984 91.876090 2.734004 0.125000 21.498652 
30.589263 92.437608 3.098581 93.866830 3.744942 0.125000 29.004996 
158.825734 41.387252 168.358411 55.082599 4.103756 0.125000 6.434302 
122.388429 111.957171 121.271183 101.942361 3.038945 0.125000 0.218275 
51.894157 99.795331 8.138623 98.785021 3.076427 0.125000 17.862863 
7.473031 85.747090 38.572760 60.872010 7.807788 0.125000 98.796028 
80.811801 128.291516 68.447277 142.162281 2.271488 0.125000 2.249350 
116.241099 79.836782 99.651843 66.870026 5.173482 0.125000 29.169150 
82.446367 143.382499 90.947100 124.520161 2.279230 0.125000 4.067599 
99.922047 68.048427 94.121926 66.816970 5.854114 0.125000 4.232717 
13.190903 128.186435 1.725494 140.485629 1.250000 0.125000 0.820776 
89.496617 70.293111 72.049181 63.899668 4.775096 0.125000 21.622673 
54.373731 93.226253 30.611800 92.928523 1.250000 0.125000 6.486214 
