0.616784 85.046785 31.878234 84.602597 4.033769 0.125000 25.454348 
33.121028 50.625015 33.280560 91.879232 2.548319 0.125000 12.713033 
33.408379 34.349879 33.017964 49.372218 1.314529 0.031250 3.114218 
29.520839 87.735751 20.603258 89.246675 2.882499 0.125000 4.680034 
30.914031 75.636533 30.418698 34.362475 2.049812 0.125000 17.143730 
33.219522 10.622491 33.817335 33.139805 2.399596 0.125000 9.711716 
151.784344 103.594706 174.414559 100.965494 2.483296 0.125000 21.838744 
142.244648 111.332338 174.315664 125.756926 4.734404 0.125000 30.426496 
56.877877 90.956486 174.379874 89.936575 2.630100 0.125000 122.292376 
174.653122 130.017103 141.157831 114.692533 4.836492 0.125000 26.890033 
174.441065 103.538045 147.871131 107.787777 3.800799 0.125000 20.905616 
21.952541 94.565106 4.363783 93.278326 7.297599 0.125000 2.844057 
174.369762 91.568374 75.627226 93.255302 1.356578 0.125000 64.283973 
35.624797 90.348822 53.125057 90.352473 2.502347 0.125000 14.614024 
14.489878 71.877824 14.243459 81.902493 3.933172 0.125000 9.642303 
54.007398 0.613780 54.707029 55.636672 1.895871 0.125000 28.798057 
0.185605 32.049650 12.617546 63.326702 7.445979 0.125000 62.173229 
14.410008 63.122276 15.101705 72.012963 4.223489 0.125000 12.807844 
56.879332 57.085200 126.875364 55.642675 1.945129 0.125000 49.728693 
52.493410 53.135606 51.611715 0.629421 1.270811 0.125000 16.190856 
95.623732 53.094973 59.385581 54.625522 1.723617 0.125000 22.741834 
159.375000 55.625000 174.375000 55.625000 1.250000 0.125000 0.164584 
