105.830181 48.137465 105.263231 0.614403 5.014556 0.125000 50.670454 
20.333608 99.363856 22.389882 45.596886 6.436516 0.125000 74.918415 
115.240121 85.648803 115.999981 58.032138 5.170009 0.125000 41.429127 
22.180133 44.392757 22.679949 0.619918 2.656830 0.125000 52.543804 
129.340263 0.599519 128.620592 36.884829 5.346038 0.125000 61.449982 
128.354164 38.029552 128.926810 46.903921 3.358695 0.062500 1.347188 
115.183562 4.455757 126.269218 0.270458 4.832822 0.125000 3.012505 
66.561682 99.377434 65.794322 0.604262 4.941584 0.125000 156.310932 
125.298474 46.453129 127.516211 64.450020 8.055214 0.125000 26.099643 
29.375565 80.653616 54.365829 80.160363 2.820190 0.125000 24.120316 
73.492499 0.605431 74.037581 45.659328 7.469207 0.125000 133.214513 
76.902374 102.288468 40.642216 101.812751 5.179948 0.125000 36.486528 
74.909761 46.645108 77.944224 103.201766 11.099901 0.125000 154.360034 
26.795127 0.594798 25.887471 78.128073 5.819068 0.125000 197.612548 
135.610991 76.746846 156.884206 76.530597 3.864161 0.125000 16.898940 
168.075783 75.619034 174.414767 75.869821 2.745119 0.062500 0.966439 
0.564093 100.879009 19.320391 99.732012 3.971903 0.125000 27.912643 
164.446809 80.362029 154.350896 79.882858 3.355015 0.125000 2.510782 
115.263526 113.125268 115.244031 86.874355 3.758354 0.125000 21.492224 
118.871610 45.731641 117.645880 25.578115 4.426042 0.125000 13.631855 
21.883881 103.590112 0.617767 103.996175 2.785908 0.125000 18.532534 
174.639680 81.171524 165.382171 79.917209 4.619065 0.125000 12.304394 
96.871313 104.635451 76.857627 104.352112 2.499750 0.062500 4.473212 
126.852386 73.369231 136.996894 74.308522 1.633860 0.062500 0.616176 
27.112240 83.119408 27.015579 100.625776 6.243003 0.125000 30.107196 
80.591563 102.417485 111.889808 100.938326 2.379194 0.125000 30.139265 
165.823221 73.119040 163.715725 3.032063 5.909045 0.125000 133.380072 
40.636771 102.158519 29.354322 102.626958 1.663759 0.125000 2.873854 
0.584537 92.511289 5.727012 92.172235 2.659057 0.062500 0.465614 
153.139366 79.879897 126.875062 80.627188 3.103365 0.125000 35.385094 
111.765541 8.139378 112.916624 16.902372 1.890546 0.062500 0.616176 
30.600360 99.714976 64.359455 98.800890 2.228416 0.125000 24.120316 
118.154507 25.862133 113.201063 0.367356 4.396385 0.125000 22.621449 
81.873488 50.657097 108.124123 51.893613 2.673676 0.125000 10.884515 
169.312709 4.372669 168.563628 24.391413 4.074565 0.125000 6.455911 
125.174440 81.827310 125.777728 91.940457 2.942174 0.125000 1.855669 
40.647682 94.718026 54.420119 93.807355 1.374713 0.125000 0.164584 
129.369706 61.373783 158.129700 61.070025 1.527163 0.125000 25.670416 
44.394234 85.024723 34.366018 85.321590 1.508367 0.031250 0.255185 
156.883516 58.793132 140.620226 59.000413 1.425132 0.125000 2.873854 
171.359386 50.620665 171.191151 70.629760 1.407599 0.125000 16.420204 
