69.422344 44.349635 68.789356 74.362649 4.170881 0.125000 47.118245 
68.147906 75.634620 40.657282 75.126944 4.003242 0.125000 46.259346 
40.126867 74.383286 40.443809 45.623003 2.789109 0.125000 29.245104 
69.642683 16.873028 69.826889 41.880879 3.814348 0.125000 21.925975 
0.567368 43.244112 5.681491 42.983486 2.687620 0.125000 0.164584 
41.870935 44.600854 68.112435 45.073150 2.657053 0.125000 19.754330 
43.139626 7.707062 23.076707 7.004925 2.760785 0.125000 12.811411 
41.490189 40.626137 41.408911 13.122683 6.283219 0.125000 27.781245 
63.137932 42.679362 43.118516 42.098436 2.571463 0.125000 11.948253 
10.629298 42.960246 36.894033 43.645397 1.412559 0.125000 6.102063 
7.199492 11.873256 7.154734 35.625527 2.525905 0.125000 19.962553 
10.622624 10.815706 39.368160 11.173910 5.139790 0.125000 35.466565 
5.117791 45.829383 6.839174 60.629167 5.399765 0.125000 2.318777 
41.775832 11.589047 69.242361 14.414427 7.752088 0.125000 44.268587 
4.649262 5.364181 14.900908 2.521792 3.279695 0.125000 1.720471 
18.142942 7.897567 0.555177 6.510051 2.295640 0.125000 13.710934 
36.913902 45.994679 11.852366 44.887194 2.497563 0.125000 18.883306 
10.805054 46.873847 10.965220 71.880827 1.410092 0.125000 7.389304 
9.832668 36.871821 9.659035 11.873027 3.784637 0.125000 9.649660 
38.882626 13.109015 38.394856 28.133761 2.742039 0.125000 9.642303 
23.208179 41.702560 17.684529 39.038151 3.756818 0.125000 0.820776 
14.692098 2.777171 20.705272 3.970517 5.147679 0.125000 2.510782 
6.510745 61.872022 6.418684 73.131489 2.561237 0.125000 6.486214 
73.668201 6.833419 73.219879 14.454118 2.569095 0.125000 1.067674 
8.611232 71.890497 9.448255 45.627335 1.966091 0.125000 17.641629 
40.430849 110.627564 40.067590 83.115855 2.747332 0.125000 21.367748 
31.873199 79.477027 68.111904 80.116796 5.418446 0.125000 55.068599 
0.610206 78.529880 31.872508 77.982624 1.337322 0.125000 8.756152 
72.190576 60.630483 72.929188 18.121598 2.564771 0.125000 46.565806 
71.872144 63.346921 174.387339 64.666114 2.226365 0.125000 117.251371 
13.124857 50.604490 30.624006 50.482452 1.302273 0.125000 1.067674 
69.013128 86.872735 69.080091 113.125752 2.551005 0.125000 21.498652 
174.389124 62.067572 75.623352 60.748387 2.497586 0.125000 61.158433 
138.125000 86.875000 116.875000 86.875000 1.250000 0.125000 4.680034 
10.625000 81.875000 10.625000 101.875000 1.250000 0.125000 3.776944 
80.625000 84.375000 103.125000 84.375000 1.250000 0.125000 5.583124 
109.375000 84.375000 126.875000 84.375000 1.250000 0.125000 1.970764 
