92.517397 3.096267 93.864045 33.203764 5.852778 0.125000 46.637458 
94.027830 34.280782 96.273663 85.596611 3.956796 0.125000 68.114620 
53.123487 24.382852 32.910500 20.488254 3.918769 0.125000 31.456359 
100.759018 85.660083 98.083381 0.547717 5.382836 0.125000 166.595841 
76.989724 65.200629 64.377639 64.336479 4.253909 0.125000 6.905508 
23.121756 34.400260 34.347131 35.841992 3.400976 0.125000 0.149785 
93.147853 62.214828 75.559273 63.397624 2.578237 0.125000 14.614024 
5.613760 80.463863 0.551201 80.816986 2.841855 0.125000 0.164584 
90.727273 20.039057 63.112233 24.292105 4.561192 0.125000 29.481910 
65.584451 58.382670 93.140596 57.256666 5.097901 0.125000 21.646687 
34.906325 34.239885 42.158056 62.756634 7.639197 0.125000 29.447598 
16.640757 84.343564 16.370214 75.601937 5.036275 0.125000 0.434640 
31.953131 20.685040 26.473187 27.816228 4.726271 0.125000 0.923527 
54.828921 9.426722 56.775126 39.381489 4.228371 0.125000 17.274970 
0.449304 30.509652 15.476119 32.836484 3.323281 0.125000 14.081748 
54.755147 56.920530 53.178927 26.806750 3.352844 0.125000 47.156015 
55.637334 75.676403 55.168745 64.393949 2.705331 0.125000 1.720471 
40.609601 65.463039 41.962696 75.777476 4.957524 0.125000 11.925485 
103.114185 64.231405 133.131778 63.998461 2.499925 0.125000 32.675824 
25.455351 81.510576 41.787710 79.794322 2.815024 0.125000 2.486513 
135.616496 78.377792 174.406700 79.682657 2.781305 0.125000 34.046625 
5.597428 74.341148 14.530260 67.065626 2.368171 0.125000 1.653093 
53.193849 65.997729 44.302411 65.299920 3.176940 0.125000 3.370729 
62.397272 34.263884 60.279750 0.489904 7.328867 0.125000 34.945364 
64.355578 65.624778 64.141152 84.386613 2.714113 0.125000 16.275264 
119.376357 59.249172 103.128246 59.073965 1.384710 0.125000 1.067674 
137.678644 58.063832 135.591825 73.291752 4.733552 0.125000 11.314525 
21.842226 16.682601 52.030878 11.540061 4.116567 0.125000 23.389951 
14.949421 34.358589 15.665133 59.409566 2.998755 0.125000 25.871204 
53.164413 81.771972 35.642150 82.374089 2.713167 0.125000 10.225862 
31.725679 2.320707 19.193498 4.647367 2.001659 0.125000 1.970764 
132.686317 0.535064 120.673755 59.128727 6.686154 0.125000 90.983483 
64.369913 25.625000 64.368002 56.875076 2.501758 0.125000 26.567138 
81.733034 82.441990 63.261430 86.281374 4.180288 0.125000 4.705434 
44.357667 77.085161 53.146897 76.938653 3.832813 0.125000 4.248691 
66.854806 77.186158 93.132747 77.526077 2.515959 0.125000 28.160374 
125.635966 67.423169 113.119491 67.227605 2.636393 0.125000 2.560371 
19.248297 40.630206 17.859641 6.834541 3.592882 0.125000 21.375938 
80.175221 12.578340 71.128174 6.792847 2.865461 0.125000 2.510782 
23.321876 60.627870 23.668320 36.864697 2.754840 0.125000 18.013092 
53.347055 2.833873 38.011584 6.385251 3.473860 0.125000 9.449320 
66.944469 12.797038 79.414515 15.438450 1.927678 0.125000 1.067674 
36.874304 5.621823 22.970350 8.669454 2.291555 0.125000 4.336995 
13.740958 8.043460 15.063475 18.033860 2.642421 0.125000 4.680034 
136.084502 0.611373 137.753378 56.886021 1.980151 0.125000 54.332526 
101.412711 103.139975 100.885571 86.866559 2.620098 0.125000 9.438675 
96.250468 88.122874 96.199396 103.126955 1.301051 0.125000 6.486214 
39.385515 90.729423 0.650675 94.629965 1.753357 0.125000 13.137834 
