86.621681 73.155006 86.238215 101.866495 6.483149 0.125000 50.833986 
141.888781 38.127282 141.819546 0.622795 3.770762 0.125000 50.192326 
84.391052 57.394657 111.927113 74.998721 7.458621 0.125000 61.472053 
108.607536 80.564074 87.347098 72.738359 5.742970 0.125000 25.188317 
164.376763 24.475617 174.395589 24.300075 2.631005 0.125000 4.232717 
73.215046 74.531473 32.841514 41.234390 7.476332 0.125000 96.973130 
75.498343 94.387626 73.487359 74.214272 5.971192 0.125000 35.075485 
138.022688 4.355458 138.257474 18.144029 2.733732 0.125000 7.274493 
85.299371 99.791851 81.386604 108.468450 5.071837 0.125000 3.521151 
78.104684 38.382402 85.696037 57.346930 7.891935 0.125000 58.694102 
174.356385 62.229098 165.564969 61.766943 2.955897 0.125000 6.486214 
121.896002 88.125147 122.306349 29.378013 5.060995 0.125000 71.361444 
123.121795 2.117950 136.869403 2.299306 2.615201 0.125000 4.232717 
27.184182 72.482297 8.011804 100.547672 4.659611 0.125000 59.612401 
121.569123 18.151475 121.955382 4.377254 1.354626 0.062500 0.616176 
-0.199697 91.489893 6.893521 76.299939 4.680042 0.125000 20.451191 
69.159617 0.094126 78.003382 38.153260 11.670306 0.125000 127.438603 
164.563141 45.675388 163.728966 28.096340 5.290626 0.125000 9.973546 
29.060526 53.453664 26.036467 73.562833 7.723270 0.125000 30.348633 
7.378198 100.947469 1.606757 105.594346 3.587386 0.125000 3.456020 
159.862011 22.985730 158.897375 36.928437 3.913609 0.125000 4.057129 
80.790413 106.784573 70.290820 108.282340 4.067263 0.125000 3.048414 
6.527577 77.085286 0.724641 58.094553 6.973455 0.125000 38.407971 
36.872534 95.515172 11.829030 96.077413 2.499370 0.125000 1.939155 
134.231108 21.512869 137.920740 32.782633 2.876818 0.125000 1.720471 
161.738260 12.389407 158.150458 20.153991 6.722237 0.125000 0.891631 
144.693449 0.274817 158.441465 12.776999 5.970718 0.125000 24.701793 
123.248287 15.685082 135.615525 16.966446 5.488666 0.125000 3.369347 
91.860074 94.105044 119.345166 92.585399 3.468254 0.125000 23.400890 
141.821375 39.878070 161.897381 38.436740 3.113791 0.125000 12.171350 
123.068877 90.364930 138.162099 91.220631 3.203536 0.125000 11.074856 
15.630563 92.582898 69.362078 93.134261 2.756391 0.125000 48.519296 
132.663898 68.145814 132.041940 54.367464 1.756039 0.125000 6.486214 
129.552776 53.111482 130.504963 65.634127 1.815040 0.062500 2.527919 
175.054795 4.162486 161.725245 12.896447 3.461249 0.125000 7.274493 
158.122417 76.063486 133.122670 76.143050 2.547726 0.125000 18.883306 
131.173984 11.391485 126.525676 7.140209 4.533205 0.062500 2.426959 
121.780224 113.123823 122.028534 93.126906 3.904916 0.125000 15.743835 
83.953882 107.870146 87.897119 120.695066 4.411837 0.125000 5.101639 
89.491086 0.624030 89.929791 53.130809 1.594596 0.125000 36.288184 
161.190734 53.887330 149.516540 58.484435 2.661064 0.125000 0.883796 
87.823498 50.631739 86.705859 0.628781 1.808335 0.125000 41.706724 
164.858450 59.395189 165.381720 46.864841 1.666150 0.125000 2.576231 
25.581149 102.900642 6.815091 106.568484 1.974021 0.125000 5.946800 
154.376223 94.465502 166.873941 94.296647 1.874772 0.062500 1.669734 
14.766607 122.203274 2.461667 133.662726 2.555693 0.125000 3.048414 
63.088190 102.706645 28.156625 101.160503 2.442281 0.125000 11.554906 
31.759550 63.463549 53.516059 70.699134 9.086392 0.125000 26.019640 
