61.803737 11.842138 61.552860 21.929166 6.372386 0.125000 6.434302 
80.723091 19.395023 80.505493 6.877077 2.673425 0.125000 5.301648 
61.744852 22.163047 59.372649 51.974281 6.881442 0.125000 44.206430 
62.470081 0.729456 59.841075 15.706811 5.140818 0.125000 15.910044 
113.125852 5.631848 98.048171 7.507349 5.733249 0.125000 1.793200 
131.526272 3.108913 131.375101 18.132548 5.138095 0.125000 9.277472 
131.317678 26.859730 131.106287 51.879066 3.802671 0.125000 11.738727 
109.231386 31.845372 109.844021 3.028673 7.817130 0.125000 46.276750 
131.713340 18.601267 129.504561 22.631140 3.994695 0.125000 0.164584 
125.502388 43.148408 122.607508 27.985154 4.676888 0.125000 10.768851 
90.780753 8.098230 91.020513 31.883613 5.213938 0.125000 47.311261 
97.903007 33.762052 105.880801 34.700561 6.061153 0.125000 3.012505 
124.990670 70.632610 125.315263 44.371172 2.546156 0.125000 28.160374 
76.968492 7.748878 66.786547 7.163481 3.959063 0.125000 7.689797 
54.921294 66.875006 54.920705 0.624984 3.749978 0.125000 49.389184 
70.810945 38.058383 71.510705 53.141901 4.762915 0.125000 0.704127 
121.952112 28.059098 121.456751 18.083697 2.806906 0.062500 0.850453 
81.885526 23.422759 69.356994 23.865652 2.807565 0.125000 1.034919 
131.333916 53.030306 127.614058 74.285581 3.909345 0.125000 17.705453 
86.334409 71.888223 86.684200 53.121444 2.732511 0.125000 14.971112 
85.297893 52.000376 83.965163 21.948610 8.157200 0.125000 62.255822 
117.171401 0.757948 115.784596 16.888721 4.271572 0.125000 2.986018 
115.622658 38.125004 115.666901 63.124926 1.267695 0.125000 7.389304 
96.513669 71.872681 96.746314 35.624174 1.466580 0.125000 11.184171 
116.044956 18.128369 115.894528 36.877163 2.590179 0.125000 5.468486 
113.173149 74.557714 89.324059 75.359200 4.293683 0.125000 42.071000 
142.149367 31.870809 141.690887 1.858717 7.632779 0.125000 30.141876 
174.418396 77.989774 148.115891 77.165782 2.655335 0.125000 25.670416 
99.768019 35.629635 99.340426 71.889333 2.573524 0.125000 26.579721 
73.125503 53.108294 84.402925 53.448029 3.823579 0.125000 6.009503 
96.875000 30.625000 96.875000 9.375000 1.250000 0.125000 4.680034 
73.131863 79.982820 56.869822 80.166431 2.626854 0.125000 3.048414 
126.678394 19.483044 125.643267 5.623636 4.018885 0.125000 19.423771 
160.619339 74.727872 174.385850 74.948733 2.579885 0.125000 9.195484 
99.106424 9.376183 99.200054 30.625771 1.327095 0.125000 3.776944 
86.249633 20.638178 86.513784 8.117379 1.460644 0.062500 2.108726 
110.069364 125.795143 109.078630 108.002298 8.527984 0.125000 40.462397 
84.338486 75.508291 73.059920 75.144899 3.788309 0.125000 2.249350 
71.324880 55.621356 71.409516 71.877424 1.334586 0.125000 1.067674 
140.533967 50.625045 140.525317 33.124431 2.506178 0.125000 3.274964 
126.879195 79.528151 99.365600 80.281828 2.909802 0.125000 8.712693 
91.185875 104.367430 90.801287 139.376937 5.178198 0.125000 31.144857 
146.134712 73.127599 146.345090 31.872298 2.665696 0.125000 48.931444 
166.763822 84.996115 144.095139 80.938495 3.523926 0.125000 5.412007 
68.522044 87.940094 66.103429 115.447250 14.025613 0.125000 77.133765 
82.641447 121.900556 83.979263 81.778446 8.203993 0.125000 57.884164 
108.325102 131.985258 108.797586 125.771183 6.137242 0.125000 2.680153 
159.756547 50.596548 159.017508 73.154241 4.116366 0.125000 26.408166 
50.536062 39.375395 50.380725 4.376084 2.533262 0.125000 14.382555 
100.628182 71.312554 113.127782 71.383262 1.313619 0.015625 1.232791 
68.965968 69.381442 68.709811 53.115790 1.466357 0.125000 4.232717 
89.263323 48.127697 89.776908 69.395480 1.430697 0.125000 4.680034 
156.103592 29.201436 148.020511 6.912894 5.126606 0.125000 16.741949 
150.576716 80.189295 174.391223 81.601401 2.717587 0.125000 23.884372 
0.639598 61.722458 40.632210 65.549657 2.131396 0.125000 29.176401 
104.029386 142.929983 109.352454 133.496297 9.937757 0.125000 16.282393 
55.679361 80.457821 41.838736 81.152662 2.183481 0.125000 5.583124 
68.604984 121.539070 66.447610 134.511801 11.302649 0.125000 17.457178 
113.062776 69.374197 113.433895 40.628988 2.370696 0.125000 9.079857 
53.295494 9.377805 52.390588 64.383482 1.619932 0.125000 41.706724 
41.894150 67.624105 53.127730 68.053590 1.678886 0.062500 1.669734 
81.630040 138.103186 82.633806 126.831259 5.312914 0.125000 2.319990 
124.845341 103.131221 125.143090 80.618626 1.514385 0.125000 20.032564 
38.126259 63.112673 6.819862 59.914779 2.005675 0.125000 10.695739 
128.845508 80.566614 131.578869 114.297704 3.636787 0.125000 16.637183 
101.888096 3.245846 113.141403 2.026366 1.781403 0.125000 1.067674 
69.379650 2.492723 85.628729 2.370401 1.372290 0.125000 4.680034 
59.122779 53.110191 59.457194 75.642332 2.815075 0.125000 20.493157 
171.892306 72.399078 162.710087 50.801400 6.902113 0.125000 35.467522 
153.640862 73.186887 155.133107 30.607761 4.448197 0.125000 54.861180 
118.661603 48.166851 119.465477 61.869692 1.465324 0.062500 2.957812 
174.375000 3.125000 159.375000 3.125000 1.250000 0.125000 0.164584 
