114.456846 1.174504 98.013100 3.623711 4.813979 0.125000 5.078000 
79.768764 15.634546 79.629266 3.122165 2.611326 0.125000 1.720471 
57.068595 0.620817 56.939796 33.145057 8.809332 0.125000 51.093614 
69.239020 29.372639 69.302617 59.377803 3.776486 0.125000 13.041889 
73.148892 3.611868 63.041396 3.295429 5.036666 0.125000 3.782874 
97.865746 30.915104 107.193115 32.485228 5.553128 0.125000 6.467797 
137.820587 0.609724 137.255317 58.128738 3.811238 0.125000 52.138950 
79.373117 81.779677 30.592764 82.743522 2.524206 0.125000 25.746386 
110.408007 29.496212 109.606683 3.270697 9.509440 0.125000 56.314587 
129.271916 35.645268 125.819643 18.086730 3.658795 0.125000 10.884515 
48.727930 65.626409 48.586353 0.623995 2.638843 0.125000 84.151953 
90.442388 3.106856 90.657692 30.605170 5.185796 0.125000 58.842240 
125.834017 18.954119 123.368870 3.087112 4.281250 0.125000 4.092379 
66.872113 17.027802 78.141707 17.240730 2.664847 0.125000 2.576231 
71.867519 79.616165 115.624382 79.291707 1.435336 0.125000 17.641629 
129.281430 70.637459 129.645135 36.877910 2.823038 0.125000 43.816112 
81.895034 20.350722 68.125173 20.633445 2.679090 0.125000 5.172956 
134.225948 30.655640 132.152264 20.568004 2.700491 0.125000 0.050694 
114.448482 75.495546 88.068840 76.313259 5.617259 0.125000 46.978059 
131.211488 20.573183 130.646635 0.553851 4.962756 0.125000 15.430769 
86.433823 55.662415 85.573944 45.523320 5.299009 0.125000 0.553250 
86.384685 44.380971 86.232302 31.867605 1.402116 0.125000 3.776944 
133.133850 81.306891 80.626472 81.988393 2.726905 0.125000 13.414828 
134.237540 55.622801 134.577790 34.358244 2.519678 0.125000 1.668182 
86.333337 73.125559 86.316556 56.874286 1.266779 0.125000 1.067674 
150.586855 75.780383 174.387177 76.426370 2.600824 0.125000 11.349210 
116.840322 31.875090 116.885938 49.374971 1.256512 0.125000 1.970764 
117.600067 0.622579 117.700239 30.622244 3.812587 0.125000 12.000505 
116.984455 50.626778 116.558175 76.869854 2.337256 0.125000 9.449320 
96.875000 29.375000 96.875000 5.625000 1.250000 0.125000 6.486214 
97.021087 71.875849 97.246240 33.127157 2.645220 0.125000 25.750214 
99.777774 33.125264 99.752359 71.875247 1.273775 0.125000 14.971112 
81.150893 35.707140 82.574334 26.593750 6.753834 0.125000 4.634728 
174.387687 78.957483 161.861270 78.576851 1.591112 0.125000 5.583124 
84.415388 75.882296 70.675252 76.250460 5.199095 0.125000 5.241318 
99.121345 5.623964 99.029431 28.128694 1.336778 0.125000 5.583124 
136.820645 78.778937 146.964270 77.853942 2.149121 0.125000 1.970764 
69.770274 60.612796 69.591572 73.128092 2.588978 0.125000 4.232717 
81.189752 49.385606 81.425307 36.843079 3.890168 0.125000 12.806661 
86.458081 30.635403 85.802709 4.370566 2.655126 0.125000 21.498652 
71.832674 51.861338 84.403528 52.291704 3.876111 0.125000 6.953153 
110.596087 126.886823 110.387998 104.377191 8.680296 0.125000 42.910315 
66.329146 99.156046 64.694324 121.897955 13.364088 0.125000 54.608800 
138.039415 61.177897 149.273548 59.798658 2.329047 0.125000 3.776944 
148.224104 57.667997 139.301034 58.783145 2.015669 0.125000 0.164584 
57.143785 34.322067 57.320869 39.403026 2.629100 0.062500 0.465614 
91.103938 108.135983 90.443664 136.928173 6.420305 0.125000 29.449772 
46.305195 0.625574 46.251372 64.374473 1.303824 0.125000 48.788863 
107.994467 140.088689 112.278103 125.866906 11.492984 0.125000 35.466451 
66.431899 68.125103 66.427843 50.624814 1.254056 0.125000 1.970764 
78.511502 143.363177 81.974164 119.571357 7.421808 0.125000 15.961546 
81.869529 119.374893 82.583374 83.040684 10.219053 0.125000 62.091434 
30.679443 66.195280 46.925339 67.496512 1.993017 0.125000 5.219043 
158.703650 73.128546 158.333838 3.110693 3.736744 0.125000 64.457440 
133.084001 44.372305 131.851653 63.123466 2.149030 0.125000 6.799042 
118.118909 78.790781 128.130853 78.686403 1.354180 0.125000 2.873854 
114.375000 69.375000 114.375000 38.125000 1.250000 0.125000 11.904754 
0.562946 61.200713 28.146679 64.173870 1.875403 0.125000 20.032564 
150.670087 46.875256 150.904365 5.626587 3.842232 0.125000 54.426099 
100.629262 71.261751 114.378598 71.357317 1.336850 0.125000 0.164584 
161.904506 81.673308 174.500660 83.516040 3.016491 0.062500 1.617266 
174.402089 86.726706 164.504033 84.918628 2.234685 0.062500 2.957812 
69.167983 84.796710 64.472734 96.409103 8.358828 0.125000 15.241215 
129.750534 110.621387 129.485999 83.123932 2.596083 0.125000 15.479921 
43.789368 35.616788 43.356799 0.622135 2.731560 0.125000 30.047395 
88.628792 45.615571 89.073604 69.380641 1.670841 0.125000 17.641629 
173.579682 46.871805 173.764146 73.120508 1.399301 0.125000 17.323294 
171.220427 15.943708 163.400241 -0.117632 6.195976 0.125000 9.184843 
51.875000 79.375000 66.875000 79.375000 1.250000 0.125000 0.164584 
44.461666 65.098049 8.165536 59.128529 2.280278 0.125000 11.554906 
134.842364 82.981671 137.976357 120.533082 3.944932 0.125000 24.466060 
55.061412 59.370159 55.176066 75.628166 5.026321 0.125000 4.691204 
30.625962 79.998097 48.125920 79.971081 1.277014 0.125000 6.486214 
159.653591 100.590611 158.096224 87.974252 2.328030 0.125000 0.050694 
120.625000 46.875000 120.625000 68.125000 1.250000 0.125000 4.680034 
55.853313 46.783660 54.835702 58.166187 2.823991 0.125000 9.195484 
170.370787 29.391311 169.481916 15.537936 3.662266 0.125000 0.218016 
168.628678 74.377612 168.587780 43.124394 5.019625 0.125000 53.573497 
123.125000 61.875000 123.125000 45.625000 1.250000 0.125000 1.067674 
