159.355782 78.440206 96.882187 79.724596 4.597084 0.125000 51.998811 
100.668366 6.675892 124.382438 11.840849 4.244725 0.125000 23.093660 
127.768450 13.672358 165.518664 21.161037 5.147659 0.125000 44.703685 
174.546262 25.930538 162.996053 23.836104 3.128972 0.125000 1.229414 
166.709697 21.280026 174.650342 23.283935 2.435450 0.062500 0.616176 
138.273665 11.161450 128.190490 9.060666 3.467273 0.125000 1.855669 
39.376863 82.700328 0.624239 82.787785 3.809232 0.125000 44.487281 
11.861701 74.049599 39.417847 72.923371 2.344779 0.125000 22.608456 
156.088880 23.927252 128.101713 19.522975 5.659958 0.125000 24.246797 
123.756706 74.402453 126.206047 18.041606 3.747040 0.125000 86.119349 
125.631152 75.894899 153.145349 75.267761 2.869645 0.125000 37.298484 
119.896995 13.038618 117.106351 76.939693 7.062106 0.125000 213.536484 
174.513056 19.953769 164.425592 17.879020 2.327390 0.125000 1.067674 
11.884237 88.299411 40.619842 86.777612 2.496502 0.125000 10.297348 
165.212961 15.950477 167.614345 0.545398 6.288034 0.125000 28.961490 
39.376730 68.483554 13.124403 68.432620 1.293651 0.125000 7.389304 
120.929716 6.568956 105.540722 3.555367 4.666579 0.125000 2.962376 
129.110310 8.573135 130.160609 0.404567 8.076403 0.125000 4.503683 
0.593325 66.820020 40.630418 65.848235 2.711582 0.125000 43.894783 
160.765258 21.880197 158.771384 75.695262 8.697719 0.125000 149.202452 
0.469212 86.382708 14.401277 89.247196 2.448777 0.125000 4.248691 
9.373799 80.575868 38.137168 79.872793 1.799440 0.125000 18.532534 
41.861096 89.098345 15.614566 90.417386 1.562127 0.125000 12.807844 
101.562939 91.048527 174.575808 86.069915 11.223937 0.125000 184.794464 
65.775663 123.322371 83.221236 122.347940 4.580692 0.125000 13.121880 
38.134610 76.222008 1.855676 75.688111 2.426155 0.125000 22.445353 
82.913227 122.209971 96.787940 118.998830 2.999316 0.125000 6.848509 
96.835534 125.282450 65.426392 128.901137 4.824075 0.125000 31.351377 
93.848348 58.121467 86.057378 53.625707 4.497529 0.125000 0.923527 
42.146197 74.043757 43.100481 82.027344 6.205824 0.125000 0.614840 
161.297223 0.589784 160.837157 8.137931 2.647464 0.125000 1.067674 
100.021092 77.031794 102.711818 23.042111 6.802232 0.125000 112.814650 
55.358938 119.412195 59.854078 0.501351 7.279949 0.125000 351.543277 
116.771439 96.840591 116.167273 120.607009 4.034683 0.125000 11.418727 
157.633957 91.863215 158.080892 120.645095 6.288063 0.125000 40.337847 
153.125000 70.625000 126.875000 70.625000 1.250000 0.125000 8.292394 
1.968909 15.654358 6.908491 -0.146087 8.650259 0.125000 41.709860 
129.375000 69.375000 153.125000 69.375000 1.250000 0.125000 6.486214 
