20.661186 112.832406 174.531224 131.861785 4.909469 0.125000 213.309448 
0.521609 111.527772 18.218959 113.554590 3.337136 0.125000 19.754330 
66.579950 115.629212 64.938198 0.616961 2.481904 0.125000 138.824497 
124.071567 123.127223 123.174178 0.615484 2.719675 0.125000 170.400707 
19.698756 110.620872 18.296373 0.622815 1.775759 0.125000 98.601393 
15.694204 0.624342 16.739969 110.626284 2.666248 0.125000 109.640737 
125.816127 0.623086 127.055554 124.373192 1.936528 0.125000 88.311047 
61.777590 0.614761 62.799288 115.627893 2.877427 0.125000 170.251721 
68.079201 132.206097 120.781151 139.496135 2.779698 0.125000 35.876624 
119.632724 0.622292 120.906617 121.872041 1.775220 0.125000 111.244653 
48.149357 134.104426 21.887124 131.740317 3.622827 0.125000 16.437095 
118.138513 141.648200 78.205802 139.268881 4.115097 0.125000 41.452473 
68.125000 11.875000 68.125000 75.625000 1.250000 0.125000 35.385094 
121.775179 139.996888 135.571021 142.211291 1.675985 0.125000 1.970764 
46.950722 128.841289 66.903775 131.672187 1.597267 0.125000 5.219043 
64.291107 136.146727 49.277309 133.732537 1.872948 0.125000 0.050694 
