71.720718 114.376283 71.616799 0.624094 5.014843 0.125000 151.034241 
138.149413 109.906877 108.056708 108.883858 4.954643 0.125000 38.671457 
174.390610 110.398171 139.368098 110.027974 4.066881 0.125000 32.402098 
106.985074 108.954268 74.297541 106.800698 5.975299 0.125000 52.011510 
107.140634 99.557129 146.566696 109.364409 4.852135 0.125000 48.452790 
5.339049 114.373980 5.597701 41.874903 2.754178 0.125000 105.775809 
81.852682 84.266397 174.390627 86.075811 3.529352 0.125000 150.101179 
98.993644 91.764485 83.251806 86.496107 3.957611 0.125000 4.503683 
97.212881 94.860071 106.966298 99.168311 5.583810 0.125000 3.885675 
149.485470 92.911607 114.324551 94.009894 6.793876 0.125000 58.826230 
131.688775 21.157689 105.571745 12.027333 3.770162 0.125000 19.555565 
174.427398 91.700219 150.548683 92.238316 7.864190 0.125000 45.727402 
74.206686 84.772473 96.876224 94.372111 1.990881 0.125000 12.058439 
5.295032 39.375820 5.198698 0.622952 1.337001 0.125000 16.420204 
8.117926 111.653301 56.874218 111.988694 1.292963 0.125000 24.548014 
6.874424 115.732744 63.129498 116.033450 1.510566 0.125000 24.374822 
113.331817 94.730689 99.456649 91.521938 6.561274 0.125000 6.767599 
6.867724 41.219518 69.373659 41.984545 2.255046 0.125000 45.959375 
174.384131 24.196222 156.868869 24.084283 2.603800 0.125000 10.310893 
68.125000 79.375000 68.125000 106.875000 1.250000 0.125000 9.195484 
61.875000 114.375000 40.625000 114.375000 1.250000 0.125000 2.576231 
69.135706 44.368395 68.307266 74.380031 1.835885 0.125000 14.553849 
156.399778 24.181714 152.012578 18.026933 6.248166 0.125000 3.274964 
154.129406 6.139420 145.545587 2.041338 2.307017 0.062500 2.957812 
