146.872138 16.643855 174.378943 16.721109 2.570204 0.125000 29.063464 
42.555397 34.955386 53.080000 45.649476 4.440456 0.125000 4.634728 
48.754735 11.312393 51.226019 19.569241 5.148469 0.125000 3.851484 
88.094895 26.597911 73.109244 26.134212 2.846744 0.125000 2.680153 
49.268528 0.349406 47.892360 13.364738 7.852730 0.125000 25.337593 
87.670966 43.151102 86.807358 28.128889 3.815561 0.125000 18.201342 
59.155656 3.966087 72.385796 7.416322 5.732299 0.125000 8.821999 
49.820045 24.951294 54.318365 40.991435 6.692895 0.125000 21.597948 
160.468993 64.420527 146.767158 62.770552 4.021993 0.125000 7.274493 
73.138680 44.245719 84.525720 45.450685 5.103778 0.125000 5.595353 
51.841582 45.611156 52.155118 73.164485 7.414176 0.125000 35.482486 
112.330579 7.889021 104.648902 1.870920 4.149040 0.125000 4.248691 
124.182701 34.385362 123.440298 20.608010 4.349904 0.125000 15.391931 
123.490917 18.149336 123.007665 0.593821 3.989351 0.125000 25.670416 
55.624963 83.078066 95.624939 83.046808 1.272467 0.125000 12.933632 
39.369028 29.445301 20.647939 27.854968 1.351319 0.125000 2.873854 
58.947200 24.556566 57.779303 5.723957 9.042702 0.125000 41.485672 
19.950980 54.416858 18.389978 29.280916 5.145343 0.125000 36.242781 
25.670092 26.438458 44.349904 28.367959 1.973035 0.125000 3.403198 
62.547119 40.545391 65.957174 69.335656 3.364815 0.125000 18.772676 
24.850028 81.896453 24.157538 56.881020 5.413164 0.125000 36.880878 
119.293753 36.233233 132.966753 38.059666 2.466985 0.125000 1.034919 
61.497521 33.205642 59.345307 23.131343 4.628514 0.125000 1.036501 
47.073097 16.579499 39.379063 15.593302 2.607663 0.125000 1.067674 
73.492880 29.368214 73.723789 41.887012 1.480310 0.125000 1.970764 
71.871596 20.143603 89.371253 20.221107 1.321957 0.062500 0.966439 
101.758590 58.143138 101.392950 30.598213 7.515931 0.125000 32.732170 
96.136521 41.826476 98.039128 61.883146 2.842968 0.125000 21.838744 
126.880044 32.148466 141.874943 31.871883 2.614837 0.125000 4.339063 
131.389593 55.611705 131.765907 41.872012 3.919710 0.125000 0.218016 
71.751872 55.832583 70.442801 39.290499 6.131910 0.125000 17.229454 
72.006650 7.755072 81.438908 1.243321 4.506345 0.125000 7.782856 
18.267582 26.870400 17.499497 3.064520 5.279567 0.125000 32.494700 
20.601126 31.299210 39.371853 31.963885 5.085338 0.125000 13.158455 
126.833791 19.641884 139.392440 19.983067 2.668810 0.125000 6.102063 
173.222149 9.465592 172.515771 0.476421 4.423946 0.125000 13.710934 
150.660889 75.840341 151.848510 68.748555 5.757152 0.125000 0.923527 
90.889809 128.248820 88.596439 86.848884 6.516986 0.125000 117.176900 
94.315586 51.882459 92.886257 40.498035 2.480526 0.125000 2.510782 
174.396027 76.620609 148.133686 76.253537 3.767103 0.125000 13.449242 
144.184318 66.594717 146.284244 74.531307 3.056299 0.125000 2.576231 
85.627604 84.955837 64.373062 84.873125 1.327820 0.125000 4.680034 
141.877119 64.313211 121.875152 64.280904 2.530282 0.125000 5.664267 
46.353626 71.896105 45.844370 59.315521 2.851860 0.125000 4.232717 
72.574486 69.406564 72.354653 56.866591 3.968523 0.125000 10.695739 
143.172051 75.037781 133.136325 74.233665 2.292340 0.125000 1.067674 
143.653063 33.078151 144.471315 20.469016 5.832148 0.125000 6.601199 
118.592413 0.614871 118.414053 14.394920 2.677747 0.125000 10.098574 
70.465717 38.337355 69.093259 29.229100 3.030846 0.125000 4.336995 
139.386025 35.134073 126.864268 34.852869 1.530329 0.125000 5.583124 
40.537780 62.847185 38.442742 72.931318 6.627863 0.125000 5.983381 
128.891481 -0.384335 141.224664 8.981390 4.977471 0.125000 10.526739 
114.184409 70.559529 113.183986 54.371355 2.572342 0.125000 8.567595 
21.862885 42.734934 31.878507 42.876034 2.623010 0.125000 3.776944 
62.942061 86.812225 66.269978 143.381203 10.129560 0.125000 132.670422 
64.385966 74.092353 62.845258 80.846334 4.874772 0.125000 9.195484 
116.881113 71.839102 93.125422 71.958718 2.613261 0.125000 1.067155 
58.741672 64.483887 57.792793 48.071937 4.393097 0.125000 17.144900 
102.255793 23.210884 101.742363 18.014597 4.100559 0.125000 1.067674 
59.043787 71.946136 59.539698 65.540972 2.778283 0.062500 0.293299 
143.983408 9.133571 140.716947 14.431688 4.535104 0.125000 0.050694 
91.287891 49.365774 91.566421 69.379295 2.673704 0.125000 9.449320 
174.395482 83.048246 115.620895 82.140909 3.691669 0.125000 47.527541 
102.553578 69.426810 102.233836 58.185904 3.997273 0.125000 4.067599 
82.807976 3.508473 96.985530 15.229298 7.168163 0.125000 9.300248 
82.811326 143.902870 88.560224 118.506479 12.743495 0.125000 123.029875 
80.399813 78.464890 74.218927 79.994218 3.940458 0.125000 0.820776 
46.863262 84.065742 19.355446 85.109808 1.391330 0.125000 8.756152 
156.487350 0.136457 144.714732 9.477819 3.310105 0.125000 9.378608 
94.484977 66.880312 95.029963 55.596261 1.550049 0.125000 0.164584 
34.016612 65.519978 34.776926 71.974893 3.067734 0.125000 0.820776 
31.913221 38.031947 21.841623 38.364670 2.787543 0.125000 9.195484 
53.065081 86.864711 53.181082 114.374764 5.084288 0.125000 47.431522 
102.566024 103.146178 101.903941 85.671263 3.841963 0.125000 13.137834 
85.705856 13.274906 68.117124 11.982153 2.310022 0.125000 6.799042 
102.171205 81.898353 102.285024 74.362314 3.825080 0.125000 4.336995 
12.636411 25.660421 13.905013 43.159073 2.854993 0.125000 15.860896 
25.205724 98.139341 24.819909 86.859782 1.548387 0.125000 1.697763 
