50.622118 87.672323 154.375871 87.011822 2.690927 0.125000 119.374287 
79.462902 5.657825 79.319791 0.591252 2.604884 0.125000 0.164584 
68.921569 0.563093 67.375759 43.097771 4.019914 0.125000 56.380093 
100.464616 24.082697 109.790410 25.644471 5.757168 0.125000 6.677210 
165.627624 90.522705 50.622510 90.785598 4.951411 0.125000 145.414160 
71.202234 19.413487 72.770311 46.823781 4.457806 0.125000 32.829287 
113.775022 23.167065 113.468613 0.586413 6.537751 0.125000 51.220730 
148.499650 84.376758 148.331489 0.622076 5.140534 0.125000 124.059436 
125.539902 70.373190 141.884243 71.766582 2.809505 0.125000 3.851484 
102.095404 0.614150 101.871348 21.874962 1.381654 0.125000 4.680034 
91.810727 0.602720 91.614871 23.144461 5.021532 0.125000 49.674496 
122.190446 0.605106 120.380745 85.619801 2.765460 0.125000 62.817195 
98.222985 70.627474 99.359450 25.624607 2.656985 0.125000 33.415100 
86.316406 40.678305 86.524061 33.115364 4.998116 0.031250 2.361493 
99.192359 23.117136 100.161628 0.605049 2.336377 0.125000 13.809694 
86.088841 71.880741 86.460258 41.869867 2.608091 0.125000 28.798057 
59.201176 30.624955 59.209012 0.624630 3.752285 0.125000 25.691914 
86.489130 31.879588 86.655072 0.623832 2.632692 0.125000 34.482004 
151.995289 27.087831 164.681687 19.917629 2.298407 0.125000 0.218275 
0.395370 37.484248 48.174885 55.492647 2.815888 0.125000 38.979281 
80.167386 45.561044 81.382924 13.106570 6.479542 0.125000 44.476257 
171.231887 76.876294 171.267606 25.625448 3.763067 0.125000 28.076217 
170.744127 17.133286 166.968815 0.603573 4.039497 0.125000 5.983381 
63.481061 61.858371 64.620457 0.606314 2.429823 0.125000 45.316721 
70.570966 97.743946 67.853558 115.957494 9.446895 0.125000 41.485672 
169.072706 44.365050 168.783669 53.146679 1.537163 0.031250 2.447038 
49.679123 53.578385 0.466378 34.790493 2.398821 0.125000 45.158486 
128.494036 26.839974 129.563429 38.107116 1.598737 0.125000 0.164584 
141.876075 73.873845 125.626150 73.838985 2.532172 0.125000 8.756152 
101.938590 26.876587 100.846330 70.630525 2.967145 0.125000 47.118245 
115.838427 82.362383 89.366329 84.253624 7.392105 0.125000 31.046251 
74.317826 47.410571 84.337085 48.480166 1.986501 0.062500 2.873854 
118.125003 73.124668 88.116905 72.883904 2.740611 0.125000 40.881460 
151.875000 30.625000 151.875000 45.625000 1.250000 0.125000 0.164584 
151.556942 51.882029 151.888279 66.874707 0.790404 0.125000 0.164584 
103.108433 69.960006 118.131784 70.385448 1.603341 0.125000 4.680034 
118.162545 68.165006 119.406634 28.125983 2.537615 0.125000 31.500055 
89.244616 40.622837 88.788247 68.136001 2.789894 0.125000 16.311590 
82.410825 125.689689 83.412228 98.044845 7.857085 0.125000 47.572433 
50.795404 60.026182 61.860765 63.175025 1.896172 0.125000 1.970764 
166.881056 73.943094 151.866481 73.732574 1.460173 0.125000 6.486214 
114.152318 131.908429 114.373262 116.856626 12.627080 0.125000 40.892253 
61.981045 0.626528 61.116890 60.614079 1.718002 0.125000 49.834534 
52.330190 0.624561 52.321222 16.875246 1.257587 0.125000 1.067674 
106.943424 110.165654 94.428973 111.248668 4.274903 0.125000 7.098330 
119.230792 26.870273 120.091709 0.607518 1.658871 0.125000 12.304394 
106.958837 99.152471 94.357350 98.435014 2.424905 0.125000 5.219043 
130.625000 65.625000 130.625000 40.625000 1.250000 0.125000 7.389304 
127.400440 43.123473 127.473112 68.126895 1.322656 0.125000 9.195484 
64.909854 64.424569 65.772130 76.864802 2.407582 0.062500 1.347188 
67.772220 134.154215 68.434299 140.593197 4.348776 0.125000 2.576231 
91.141806 119.279220 93.282056 130.827555 5.371849 0.125000 4.934975 
