144.657078 35.626438 144.790891 9.370749 3.820028 0.125000 37.034701 
140.701900 1.826245 141.255679 16.897756 2.498314 0.125000 7.697740 
133.229599 118.103022 134.524341 50.627866 3.509499 0.125000 70.085246 
169.565097 39.382516 170.159203 24.356583 3.944612 0.125000 12.171350 
145.138865 8.147078 144.793804 0.549210 6.413697 0.125000 0.940023 
174.488330 61.659871 164.471570 62.756823 2.757295 0.125000 2.576231 
133.999598 31.964068 133.570495 18.111200 3.709501 0.125000 1.349337 
91.855940 104.566851 131.865475 103.846193 2.544618 0.125000 45.362773 
163.295019 21.821921 162.614837 35.661362 4.359090 0.125000 2.720074 
145.640305 38.342402 168.116909 36.760069 2.669391 0.125000 5.101639 
0.607736 102.973868 85.626028 104.309541 3.533546 0.125000 70.096722 
159.384925 35.252428 150.607855 35.018623 1.482558 0.062500 0.465614 
169.511305 72.979604 158.125738 71.867442 2.100284 0.062500 0.805318 
170.623156 103.279426 135.613222 102.861385 1.250000 0.125000 11.416468 
148.870609 -0.254657 161.804449 10.708235 5.058348 0.125000 11.284283 
169.377089 77.458482 140.623454 77.368348 1.336197 0.125000 5.962107 
174.583877 4.661047 164.489663 12.032026 2.756166 0.125000 3.370729 
88.833681 0.619844 89.561201 100.623645 1.531863 0.125000 66.993243 
139.377463 100.837955 156.875123 100.635620 1.322184 0.125000 0.164584 
86.621222 44.375402 86.551879 0.623531 1.319338 0.125000 20.032564 
131.880659 106.266710 114.370546 106.103823 1.389477 0.125000 5.219043 
86.875000 81.875000 86.875000 59.375000 1.250000 0.125000 5.583124 
