130.357405 28.427833 133.849771 17.098415 7.167205 0.125000 5.386417 
137.667542 53.213263 139.363522 37.984513 2.679219 0.125000 0.434640 
139.524413 37.628143 134.618204 30.458573 4.506608 0.125000 1.454630 
143.219151 39.404659 137.998031 55.978773 3.266666 0.125000 4.824161 
124.052770 60.578659 137.938113 49.875959 14.932830 0.125000 18.650053 
62.925423 17.782877 61.264336 24.820913 3.936857 0.125000 0.883796 
111.128325 86.868025 110.383401 33.111026 4.964880 0.125000 65.766912 
150.883217 45.638584 152.332793 18.083325 7.818581 0.125000 40.639959 
18.692588 27.304242 29.570863 23.719341 3.966310 0.125000 2.486513 
60.414548 25.592179 60.076362 40.640762 5.054906 0.125000 16.561053 
115.537197 33.124855 115.464912 76.876801 3.772712 0.125000 41.055452 
151.161623 18.325690 150.536886 0.540279 8.876249 0.125000 45.797517 
48.093131 18.477358 0.529985 14.175528 3.396967 0.125000 67.845089 
0.487915 9.416712 54.688726 15.168852 5.271288 0.125000 99.523125 
60.392588 45.582846 59.820286 65.708752 5.069041 0.125000 19.795299 
124.818333 0.617747 125.207470 24.402282 2.520114 0.125000 18.013092 
5.413120 22.364116 19.129590 28.305944 5.084889 0.125000 7.776105 
150.056658 75.669002 149.328919 45.595866 5.512615 0.125000 36.743898 
31.391990 28.803448 53.104100 23.046180 5.473744 0.125000 21.860321 
138.135558 43.984352 118.116397 43.443315 3.883712 0.125000 3.315834 
139.331589 0.613021 139.455927 13.136607 2.623974 0.125000 15.517114 
60.317850 71.686226 57.892144 91.695232 3.722743 0.125000 18.816157 
169.527683 28.409989 167.770832 37.057010 3.196593 0.125000 4.336995 
129.441112 89.945285 114.279514 90.495951 7.540428 0.125000 32.699616 
64.223146 18.982183 94.247382 21.145873 7.570449 0.125000 7.867334 
163.018472 49.977497 153.081780 51.612300 2.669762 0.125000 3.776944 
114.371722 78.766640 145.627550 78.598226 2.641403 0.125000 19.736889 
150.556764 91.714305 129.389823 90.388376 10.371181 0.125000 45.781729 
122.356859 20.627242 122.449925 0.621860 1.343026 0.125000 3.776944 
30.625000 66.875000 16.875000 66.875000 1.250000 0.062500 2.873854 
15.625000 69.375000 30.625000 69.375000 1.250000 0.125000 0.164584 
15.625000 56.875000 31.875000 56.875000 1.250000 0.125000 1.067674 
153.015961 57.403359 171.901411 54.549794 2.845448 0.125000 14.541222 
115.139784 20.637100 115.456750 0.602562 2.479913 0.125000 15.860896 
34.375000 46.875000 50.625000 46.875000 1.250000 0.125000 1.067674 
31.865506 55.262421 16.875784 55.654936 1.413176 0.125000 0.164584 
54.561231 99.871499 32.182395 102.257782 7.325184 0.125000 17.792027 
58.460991 98.167459 56.109164 116.778222 5.730541 0.125000 18.759088 
174.452523 98.338218 147.012474 96.286444 5.265699 0.125000 15.375286 
39.323638 94.088555 51.868567 91.839126 2.112852 0.125000 1.653093 
57.647611 0.621779 57.571656 11.879700 1.325871 0.031250 0.983154 
15.671692 52.520697 46.928255 54.935758 1.722210 0.125000 6.467797 
18.151973 43.509202 0.650478 44.737909 1.250000 0.062500 0.966439 
13.125000 73.125000 30.625000 73.125000 1.250000 0.125000 1.970764 
33.125000 50.625000 15.625000 50.625000 1.250000 0.125000 1.970764 
174.483675 90.645974 151.719544 88.633087 4.616225 0.125000 21.916287 
16.901674 44.082019 33.130955 45.559594 1.698195 0.125000 2.576231 
42.845743 33.720355 55.676973 28.246836 2.130684 0.031250 0.566731 
60.618854 86.594756 109.372817 85.525477 1.797871 0.125000 37.669546 
103.196266 89.846263 83.133203 89.141484 3.923221 0.125000 11.021859 
16.877330 35.688263 36.896213 34.951015 1.709187 0.031250 0.802786 
5.678412 69.337267 11.882641 78.119602 1.716582 0.125000 0.164584 
73.127840 64.276080 106.885901 65.245331 2.534845 0.125000 16.294391 
69.391047 71.555033 104.365766 73.309114 1.436268 0.125000 16.420204 
165.668828 130.481363 145.627693 124.366174 2.290010 0.125000 8.533210 
81.875000 89.375000 60.625000 89.375000 1.250000 0.125000 4.680034 
