5.626778 36.886153 15.573230 35.300301 3.703226 0.125000 3.508045 
45.568649 80.844542 93.199636 78.239816 6.016364 0.125000 47.458349 
143.111504 82.484700 91.858947 81.350241 3.998036 0.125000 75.776783 
93.312398 88.143344 70.392058 84.655992 7.898345 0.125000 35.041414 
148.079336 42.717284 129.285089 44.822211 2.772644 0.125000 10.225862 
0.598671 12.376068 13.114636 12.564256 3.881125 0.125000 3.586135 
94.292336 78.121450 104.413184 77.454042 2.905838 0.125000 6.486214 
26.348466 0.524830 28.098378 56.836983 8.311712 0.125000 185.675349 
66.811265 86.172408 58.180389 82.975466 5.426677 0.125000 10.225862 
10.717721 25.686802 5.166187 31.369184 6.238237 0.125000 2.246834 
105.609408 78.049025 146.852134 78.596763 3.014366 0.125000 44.241151 
158.204352 1.314608 149.000871 2.373639 5.110116 0.125000 1.702576 
126.932454 48.132642 127.017757 5.630304 8.780088 0.125000 79.920039 
17.504131 34.271946 18.749144 26.771118 7.398773 0.125000 0.186775 
25.170774 62.991578 24.540870 76.938945 7.435967 0.125000 20.042958 
174.797009 29.172078 169.210945 17.554944 7.300877 0.125000 23.911826 
149.480375 84.949168 139.337167 83.367646 4.475521 0.125000 8.509122 
26.877549 76.846021 44.461413 78.392408 2.121248 0.125000 8.292394 
141.881387 93.065585 94.259832 87.946348 3.501723 0.125000 42.644876 
167.080738 20.634707 167.205927 1.860536 8.816486 0.125000 33.449004 
40.649664 79.994635 26.871848 79.455567 1.688873 0.125000 0.820776 
130.559103 40.871598 149.392060 39.634773 3.578109 0.125000 4.092379 
144.099396 17.769906 136.931287 25.574722 8.755750 0.125000 10.056191 
5.478016 25.663861 2.761831 15.390529 4.583959 0.125000 6.281913 
129.056135 6.782959 147.444425 11.846509 6.148005 0.125000 18.826518 
56.952918 84.257304 26.923085 86.323772 3.700988 0.125000 30.828346 
17.004822 14.336947 13.235199 1.476308 5.997663 0.125000 5.792958 
18.717408 44.468431 20.316948 34.326416 7.603164 0.125000 1.653239 
26.867808 82.653582 45.613445 82.367603 1.516800 0.125000 14.614024 
98.074462 84.993143 133.349657 87.877140 5.210651 0.125000 44.293017 
166.869995 85.783712 150.596758 85.270489 1.288782 0.125000 0.164584 
174.397955 90.941985 141.977456 93.289796 2.781588 0.125000 21.622673 
7.334026 64.376814 7.276700 39.374079 3.787247 0.125000 12.701479 
138.376315 25.491027 139.411806 37.094809 6.780788 0.125000 30.257893 
19.751167 60.647599 19.977432 44.366001 6.249397 0.125000 18.496364 
167.153079 42.756465 174.691512 40.378291 3.200188 0.125000 3.776944 
30.617268 59.868466 65.626387 59.510662 1.530979 0.125000 12.304394 
134.339230 88.853683 174.348752 89.576959 3.907541 0.125000 21.441503 
8.294492 75.793132 6.716131 65.649721 5.324931 0.125000 2.402083 
72.992732 75.699213 68.952481 0.446351 7.539369 0.125000 219.496552 
126.013915 59.310505 125.619066 49.276852 6.294319 0.125000 26.354194 
129.300341 75.682449 129.569476 64.320389 5.235403 0.125000 28.351130 
90.174778 14.110278 85.455854 -0.146501 6.326206 0.125000 15.663201 
166.381593 66.670154 164.976801 44.337145 6.865452 0.125000 33.963355 
20.650780 85.565925 0.633102 85.999254 2.688784 0.125000 0.891631 
116.762390 0.608977 117.232287 70.622602 5.218007 0.125000 168.922984 
99.606939 76.012023 94.092781 61.507091 9.067295 0.125000 24.312805 
26.109515 88.040712 26.606095 98.259554 4.933435 0.125000 11.124244 
61.875000 56.875000 33.125000 56.875000 1.250000 0.125000 10.098574 
89.655815 68.138221 89.359457 74.433117 2.673585 0.125000 0.164584 
27.128233 101.751804 31.035543 109.783390 3.888596 0.125000 2.560371 
153.505312 41.819313 152.453747 58.242096 4.301461 0.125000 13.956256 
88.812575 26.898081 88.351674 15.666995 2.702915 0.125000 3.456020 
