130.598169 36.919487 145.643523 37.231330 4.008225 0.125000 21.838744 
146.870206 37.108066 166.887448 37.519773 6.300087 0.125000 14.744364 
123.295586 57.024951 124.380836 46.743671 3.991713 0.125000 13.710934 
115.349637 0.620675 114.642368 45.648834 5.058278 0.125000 49.852843 
130.665051 71.958002 114.336681 71.687429 6.269853 0.125000 5.840417 
114.266320 53.121726 113.851296 66.896882 2.649440 0.125000 1.229414 
108.148592 86.402473 134.374443 85.606655 2.764245 0.125000 6.729638 
126.303517 47.027261 123.268170 37.672936 8.708610 0.125000 6.838852 
114.045399 73.116875 113.829080 81.892356 3.718057 0.125000 3.403198 
146.875811 88.313173 114.376416 88.453302 2.559263 0.125000 26.567138 
150.657827 7.254321 121.901576 6.170128 3.558957 0.125000 22.292077 
131.730301 48.818764 126.167711 57.681056 2.781981 0.125000 1.653093 
127.639444 63.505820 132.624751 53.498500 6.713121 0.125000 3.307159 
139.516643 46.085099 131.962904 48.410540 2.848444 0.125000 1.067674 
147.862173 34.397266 148.286142 15.600440 2.893983 0.125000 26.563777 
167.989864 36.660342 174.415823 36.067453 1.979270 0.062500 0.465614 
0.165554 101.934136 40.859915 86.233888 3.664143 0.125000 65.225581 
129.374986 3.676890 151.875011 3.676451 1.250414 0.125000 0.050694 
113.692424 90.623350 113.706046 105.626742 3.763617 0.125000 23.644924 
174.431097 86.313056 144.325475 88.767551 4.015354 0.125000 9.214126 
146.884159 14.002612 128.114769 13.540992 2.622179 0.125000 15.517114 
143.220843 74.359958 129.585913 73.840361 12.538534 0.125000 19.498471 
129.357846 9.830609 145.631840 10.443334 2.639319 0.125000 7.653196 
123.870280 84.454960 123.353517 73.114587 5.787930 0.125000 1.939155 
174.412053 45.216990 155.590243 43.507731 2.376704 0.125000 7.689797 
139.615327 50.141508 149.077111 47.174903 5.518929 0.125000 0.940023 
125.983328 8.071386 124.850983 26.903620 2.945640 0.125000 8.275987 
143.629339 57.518892 134.565534 64.618256 4.493775 0.125000 0.614840 
174.388254 73.929775 145.625469 74.403469 5.081656 0.125000 21.441503 
145.625000 1.875000 129.375000 1.875000 1.250000 0.125000 1.067674 
50.888790 88.036141 -0.519770 107.619910 7.286821 0.125000 92.427566 
113.707182 106.818901 113.483709 114.458622 6.247328 0.125000 11.925485 
149.203425 143.181629 148.443638 90.566247 11.501508 0.125000 217.238184 
151.843704 34.374855 151.959821 9.375394 1.255792 0.125000 6.486214 
44.060855 0.622917 43.488915 86.877413 1.813582 0.125000 104.694033 
113.412696 115.582301 113.290715 121.902324 5.095554 0.125000 10.098574 
53.118857 87.465095 105.626179 88.011721 1.692353 0.125000 43.512904 
113.299106 121.695081 113.818344 129.412453 6.403726 0.125000 13.675756 
123.388852 122.896651 122.073960 135.772964 10.456209 0.125000 16.823429 
126.327592 90.570562 123.189125 122.129993 5.222853 0.125000 26.740470 
40.649273 84.387783 41.489610 0.621134 2.224011 0.125000 74.917103 
155.039012 86.525325 151.919506 80.601563 3.131494 0.125000 1.067674 
113.458128 130.027320 116.908462 141.488624 8.622950 0.125000 27.514630 
