88.460559 23.114960 88.227123 44.376121 3.818391 0.125000 29.379557 
113.105958 51.874982 113.124951 31.876187 5.002372 0.125000 6.430839 
126.950962 31.842895 130.467514 40.163255 4.427418 0.125000 0.149785 
131.268127 59.352126 131.715305 71.925138 3.925350 0.125000 6.467797 
130.780279 43.119068 131.354261 58.144892 3.699552 0.125000 6.677210 
89.236398 45.581236 88.682925 63.142584 4.997519 0.125000 7.127536 
49.524169 26.876676 49.355611 41.874782 3.777858 0.125000 6.119189 
95.384957 54.247006 92.383128 30.560604 5.903274 0.125000 22.823135 
97.377528 55.602607 97.077089 65.631054 2.536310 0.125000 0.797908 
105.314290 44.372424 105.341727 54.375777 2.523989 0.125000 2.576231 
107.244897 78.168413 106.562224 64.328769 3.991783 0.125000 5.336485 
175.492102 37.657055 166.167805 15.397623 5.281712 0.125000 30.704344 
47.239076 54.234942 45.596079 79.291138 6.379715 0.125000 27.726884 
82.193229 52.079494 80.988286 39.223789 6.106077 0.125000 4.000928 
167.950136 3.692892 158.113029 0.663877 3.951797 0.125000 5.962107 
88.665766 64.374274 88.650417 79.374259 3.758951 0.125000 3.586135 
48.927719 43.051581 48.491291 53.140845 3.962578 0.125000 1.967896 
167.201083 14.583891 168.383926 5.659318 4.045963 0.125000 4.248691 
122.727915 -0.451636 130.378057 5.608840 4.695406 0.125000 4.339063 
133.558054 40.691693 135.684498 26.884163 3.842363 0.125000 0.940023 
11.951097 11.003898 33.342450 6.707719 2.953579 0.125000 3.042730 
56.483008 91.888582 -0.031053 109.805681 4.300198 0.125000 57.022314 
42.965897 91.011034 55.723818 88.661601 5.143702 0.125000 7.405795 
102.861716 75.638556 101.121995 41.849411 4.452057 0.125000 17.782304 
39.586316 68.093320 42.601204 88.203527 4.820517 0.125000 11.418727 
133.271462 73.165906 130.409250 83.413862 4.143197 0.125000 5.301648 
135.897792 55.595031 134.375400 41.737629 2.485048 0.125000 0.426994 
137.850547 30.629528 138.675523 80.636539 3.035746 0.125000 82.179982 
79.588548 96.880474 80.710860 53.095161 5.190536 0.125000 58.439813 
96.117902 80.600642 96.537331 110.612250 4.046586 0.125000 33.076012 
116.228170 0.542739 113.998225 18.077083 3.110823 0.125000 3.294530 
27.746008 12.747404 39.494027 17.851010 2.941405 0.125000 5.096624 
141.875286 78.131746 142.293533 0.620513 4.019739 0.125000 120.046748 
138.177938 88.592490 124.182753 90.177301 5.671501 0.125000 13.121880 
109.049727 106.986819 103.261212 90.148462 12.264392 0.125000 39.333178 
104.384573 38.248642 110.693535 37.760156 2.782026 0.125000 0.164584 
163.171143 76.119053 142.996885 78.003284 3.767821 0.125000 17.249225 
41.452995 88.744772 0.311607 97.978689 5.550799 0.125000 54.706938 
8.118196 14.761086 20.636337 14.981678 1.470044 0.125000 1.067674 
138.234475 0.606073 138.513345 20.636996 2.725968 0.125000 16.751076 
92.459450 78.120397 92.311792 59.371560 2.637741 0.125000 12.058439 
144.361145 87.115118 174.405367 88.848737 3.743773 0.125000 21.597948 
21.316272 15.468130 32.768826 21.321841 2.745436 0.125000 0.426994 
110.984402 125.419568 108.395589 105.138243 11.291489 0.125000 57.097252 
88.753183 81.825629 86.362676 111.933570 4.588570 0.125000 19.358656 
10.199411 101.604097 42.934429 92.443968 4.815037 0.125000 33.670799 
31.810611 23.351242 15.461832 18.698317 2.922437 0.125000 6.281913 
118.230916 135.608202 116.072994 122.002199 1.821980 0.125000 0.820776 
39.850516 39.379079 39.614635 66.877056 1.485844 0.125000 9.195484 
48.140911 81.222701 75.624558 81.893101 1.615410 0.125000 13.710934 
174.386164 77.375316 163.113884 77.626848 1.472775 0.125000 2.576231 
78.950793 21.869346 79.067393 13.120900 1.924754 0.062500 0.293299 
103.052976 143.112484 104.813042 132.983904 3.694632 0.125000 1.454630 
44.162373 97.975421 45.272693 105.675799 2.831196 0.062500 1.407712 
129.511858 19.196588 120.984992 12.655705 1.983609 0.125000 0.164584 
142.978948 93.764786 155.402237 96.600816 2.821356 0.125000 1.855669 
171.509861 142.192606 140.718821 106.793393 2.009048 0.125000 31.550228 
86.975994 126.895851 83.604856 143.224071 1.516473 0.125000 0.797908 
0.834552 23.871701 25.689448 34.220211 1.252639 0.125000 5.219043 
