127.230673 22.817966 120.318368 14.810640 4.731054 0.125000 3.521151 
74.219086 34.506350 105.633230 38.052084 6.591820 0.125000 44.206430 
164.802248 25.659440 162.383428 55.665984 3.496281 0.125000 40.539510 
58.015889 30.106138 74.276828 32.532834 4.022735 0.125000 13.717433 
161.796837 26.023354 135.575303 20.878280 4.688971 0.125000 31.346245 
121.778920 8.094971 124.248122 0.194664 5.145231 0.125000 0.923527 
174.634332 23.075341 165.500490 25.048694 4.457341 0.125000 11.904754 
161.290582 65.575279 160.443268 96.836194 3.714755 0.125000 20.063090 
129.337387 0.602176 128.982590 20.618044 3.815872 0.125000 32.675824 
35.706610 33.913643 58.224186 31.583488 4.716112 0.125000 30.744904 
132.399281 34.422828 135.494034 0.499019 5.774255 0.125000 40.892253 
125.032268 46.858775 125.681901 23.126558 3.782800 0.125000 30.918972 
-0.051133 25.814065 35.528184 34.760050 6.345228 0.125000 52.143423 
68.398425 58.439837 70.534016 48.106197 3.315299 0.125000 1.229414 
108.229840 57.114928 123.118114 50.609241 2.646954 0.125000 3.662037 
156.445027 56.926627 158.336171 26.888295 7.328097 0.125000 59.782425 
174.419696 57.638256 145.622051 59.324636 2.934171 0.125000 14.928004 
128.777919 20.626255 128.725080 48.126153 2.504799 0.125000 24.374822 
88.062884 46.805267 76.944555 36.797725 3.251322 0.125000 10.225809 
108.176733 42.882340 100.492986 41.244222 2.966319 0.125000 0.820776 
156.838111 65.170450 174.425167 63.743163 2.087360 0.125000 5.096624 
155.474613 80.639486 155.567134 65.632350 6.226762 0.125000 24.921977 
35.722649 37.427528 0.537294 32.501453 3.936550 0.125000 20.491983 
164.295864 55.819904 174.426383 55.060080 2.586489 0.125000 4.680034 
51.924508 36.300517 36.913526 37.400665 2.493313 0.062500 0.234390 
128.768999 58.123944 128.842764 103.123823 2.573762 0.125000 51.640714 
99.382574 76.512883 29.370167 76.760934 5.030969 0.125000 101.768044 
135.441076 23.123737 135.200825 58.122088 2.628650 0.125000 38.997454 
28.161295 76.648640 0.607293 77.625615 4.057697 0.125000 41.042918 
123.119955 77.033228 100.563178 76.314056 7.695357 0.125000 23.307269 
89.264092 43.827137 94.344336 54.389749 3.835464 0.125000 3.274964 
127.806892 49.416573 128.791585 56.951245 5.281807 0.125000 0.923527 
155.832407 89.419268 155.459303 80.632035 5.207607 0.125000 3.521151 
7.002950 44.266421 15.599502 54.396638 3.523737 0.125000 3.274964 
65.933354 50.748936 62.990447 58.070919 2.695635 0.125000 1.970764 
124.157281 57.755013 120.746395 71.285810 7.292690 0.125000 23.896917 
174.389259 65.940893 164.353284 66.393908 1.699661 0.125000 1.067674 
133.007213 84.375907 132.872441 66.867322 3.817240 0.125000 6.434302 
155.231743 12.208379 164.433212 8.260683 5.580650 0.125000 2.536664 
0.739214 64.910384 14.655857 61.941535 3.406680 0.125000 1.036501 
174.693518 138.017336 157.162352 142.905561 3.276478 0.125000 12.049956 
164.850164 9.064471 174.359142 4.343062 5.590148 0.125000 2.720074 
141.855151 76.041449 153.139095 76.579262 1.724660 0.125000 3.776944 
171.963089 2.488390 154.640825 4.976030 7.423837 0.125000 20.153740 
143.125000 56.875000 143.125000 25.625000 1.250000 0.125000 9.642303 
145.349754 15.867734 156.453755 12.833450 3.070573 0.062500 2.034583 
155.408133 106.881795 155.515116 90.616056 2.590380 0.125000 13.710934 
132.497520 58.128054 132.607930 35.622463 1.360366 0.125000 14.614024 
164.392006 134.427982 174.549208 131.167741 2.806524 0.125000 1.653093 
57.974135 0.282702 46.708768 5.247838 2.287660 0.062500 0.805318 
124.416186 119.380637 124.346216 104.375134 1.921602 0.125000 0.164584 
140.527878 136.578555 153.295557 132.395592 1.617758 0.125000 1.067674 
136.946094 142.134650 157.987636 136.373319 2.741356 0.125000 10.529290 
