148.040290 75.622157 147.954890 40.622365 2.582342 0.125000 37.298484 
81.703426 38.682390 92.806538 66.999867 5.065259 0.125000 42.388596 
158.124653 76.562513 149.373274 76.572240 2.505556 0.007812 4.103165 
66.616444 50.482838 75.097977 41.292195 5.653417 0.125000 13.304151 
92.336666 70.569104 93.566031 80.722945 5.264241 0.125000 6.677210 
112.371041 0.586926 112.645265 13.162718 3.803610 0.125000 13.675756 
108.869102 9.390100 108.607056 0.610612 2.685351 0.015625 7.459493 
149.359780 40.147444 158.140699 39.867591 2.658003 0.031250 1.896440 
75.624854 10.361624 108.124854 10.358489 3.752894 0.125000 53.696074 
126.937656 23.038783 119.325126 23.448631 2.765188 0.125000 0.820776 
51.893880 51.060559 65.665457 51.379809 3.720023 0.125000 9.378608 
75.106461 0.621061 75.039921 9.380051 2.547406 0.125000 0.820776 
110.625918 14.924195 71.871848 14.988957 3.810572 0.125000 75.438857 
71.160291 14.362977 70.850972 0.591848 3.861333 0.125000 19.129474 
94.374945 79.417118 114.374911 79.443296 2.522904 0.062500 0.538800 
119.032183 19.038690 138.826877 -1.138993 7.002996 0.125000 71.482093 
117.845240 79.674180 122.016232 66.147658 5.972503 0.125000 11.554906 
98.124256 83.588270 49.374382 83.509946 10.042161 0.125000 111.075844 
29.381821 18.124856 30.303777 61.908086 3.880748 0.125000 64.689538 
52.012408 0.424548 49.984958 24.320696 6.016274 0.125000 31.382533 
123.449751 58.382561 129.053936 24.118042 13.344913 0.125000 117.990710 
172.685038 74.385474 173.105407 41.874747 3.959784 0.125000 55.480163 
50.848669 24.291322 51.619546 49.382848 4.882487 0.125000 18.827547 
173.268022 33.120526 173.203790 13.120732 2.556191 0.125000 12.933632 
37.816450 9.397410 38.026032 0.592889 2.558785 0.125000 1.970764 
157.631502 41.866965 157.481678 74.377796 3.755721 0.125000 25.981593 
158.210771 0.608812 157.758729 33.119907 2.934223 0.125000 25.508236 
30.571828 65.625284 30.651962 80.631531 2.560039 0.125000 7.917544 
28.825579 0.592561 29.523999 15.675981 3.133320 0.125000 6.467797 
137.391449 61.871355 137.462085 71.879679 3.124907 0.062500 1.900835 
137.486448 35.622714 137.396930 60.626869 2.513409 0.125000 26.354194 
39.107405 83.126391 38.736964 11.871818 2.727413 0.125000 60.411591 
28.161056 63.229753 0.609657 62.362354 3.049441 0.125000 23.074217 
144.204740 35.621790 144.334802 79.375119 2.626325 0.125000 58.865434 
174.379884 88.839449 150.609063 88.622680 3.875227 0.125000 12.061261 
104.387937 6.105366 80.602634 5.705540 2.877814 0.125000 22.371880 
0.575721 66.552008 29.310966 68.079565 3.280221 0.125000 33.374216 
48.447775 83.327485 37.859540 85.680433 3.931865 0.125000 3.662037 
28.151164 16.459337 3.171454 14.886989 2.730640 0.125000 17.918538 
29.408399 84.777349 0.133779 87.207464 13.181010 0.125000 85.724859 
4.386938 17.967169 28.095850 19.760400 3.152804 0.125000 14.491747 
128.627453 69.418638 128.037195 59.307157 3.670782 0.125000 6.799042 
0.584526 27.499802 28.130880 29.284235 2.530085 0.125000 24.374822 
121.139739 87.201798 117.995274 80.127078 4.949845 0.125000 2.680153 
135.719665 30.776986 156.299861 17.958495 4.644234 0.125000 16.575611 
137.044080 87.330741 129.492353 86.706142 6.640872 0.125000 8.533210 
51.742413 78.215656 49.517511 44.283694 4.723400 0.125000 27.893759 
11.497032 55.616279 11.901270 38.096764 3.893174 0.125000 8.959915 
52.921889 39.607862 64.264677 49.501483 1.884017 0.125000 2.576231 
18.444348 48.097209 19.542767 60.719181 1.948733 0.125000 2.576231 
22.310942 60.626451 22.288660 48.124263 1.272277 0.062500 1.669734 
121.372104 66.184060 119.813205 57.810701 6.144422 0.125000 19.129474 
42.691284 38.188806 45.444229 56.901594 1.563696 0.125000 4.336995 
157.013910 7.490917 144.386395 16.890309 4.757210 0.125000 8.233892 
116.892880 89.151889 98.063459 87.642939 2.591863 0.125000 18.226384 
26.803297 23.691213 0.500226 20.360293 2.182342 0.125000 5.336485 
147.941441 118.123006 148.090911 104.361053 2.554155 0.125000 1.855669 
90.622797 92.112488 53.126024 91.764640 1.273137 0.125000 11.184171 
103.123695 66.973602 115.638049 67.139267 0.773805 0.062500 0.465614 
1.875000 44.375000 1.875000 59.375000 1.250000 0.125000 0.164584 
3.125000 116.875000 20.625000 116.875000 1.250000 0.125000 1.970764 
