6.830719 24.527034 33.377265 32.258873 3.646952 0.125000 32.359550 
58.122970 76.884613 21.651612 69.182841 3.927353 0.125000 53.675736 
150.622446 0.597115 119.291813 3.466765 4.637118 0.125000 55.880072 
11.913639 0.408634 18.710227 6.381458 5.633710 0.125000 4.658263 
41.003926 -0.633421 54.472065 16.800013 5.170959 0.125000 34.897133 
83.135992 3.158998 90.657957 0.726930 5.142061 0.031250 1.734895 
54.305985 13.793643 64.328232 14.828107 4.716898 0.125000 5.301648 
49.505006 21.643175 36.465445 15.204418 6.213183 0.125000 14.891772 
64.798798 14.673478 68.682444 25.423615 4.203458 0.125000 1.783865 
76.252162 32.628920 48.713197 22.737402 8.143679 0.125000 47.020697 
91.868114 0.877309 108.140109 1.321376 1.590536 0.125000 1.720471 
70.709286 9.556870 84.010999 3.392338 7.164506 0.125000 12.877214 
35.931509 28.376886 7.995116 19.797954 3.396612 0.125000 37.910273 
54.888484 38.202704 64.439964 43.501186 7.071658 0.125000 0.704127 
42.258922 35.223192 54.393904 38.043668 4.784591 0.125000 12.049956 
21.765116 69.731675 9.299962 71.264959 3.264128 0.125000 10.098574 
118.120353 37.978343 129.398638 37.620964 2.696693 0.125000 2.510782 
73.480327 16.864115 73.287880 10.581720 4.997656 0.125000 1.034919 
79.812185 34.249284 74.782394 16.757851 4.459825 0.125000 29.379557 
101.921271 89.804662 95.620810 89.449289 2.566426 0.062500 1.669734 
87.087809 88.529973 73.101207 87.109237 6.218003 0.125000 9.010332 
4.616128 74.440848 3.955019 89.411654 5.270863 0.125000 13.357671 
6.729758 13.714484 0.348457 5.849371 7.637460 0.125000 2.267805 
37.404113 16.204855 21.795763 13.599744 7.603453 0.125000 15.594179 
130.653681 89.689121 108.174793 89.000230 3.034882 0.125000 23.963988 
25.639633 92.445563 0.597406 91.906213 3.856794 0.125000 16.968635 
36.914644 89.611390 50.696294 87.300112 2.059769 0.125000 0.797908 
71.809839 89.835582 45.586609 90.673440 5.077286 0.125000 22.695920 
114.351060 46.725659 105.624916 48.124479 2.025649 0.062500 1.669734 
89.350832 30.073083 110.614794 29.141942 1.250000 0.125000 1.697763 
6.193525 36.957833 7.824533 25.763344 3.530602 0.125000 4.339063 
3.053731 25.614422 1.365993 36.984986 4.443471 0.125000 13.809694 
114.367886 15.085978 85.606399 15.465547 2.780197 0.125000 6.729638 
118.569567 23.156351 117.598522 36.926023 4.004507 0.125000 5.091660 
90.624173 21.586189 111.873998 21.525310 1.289387 0.125000 3.776944 
27.393143 11.684573 23.155582 0.154363 6.297560 0.125000 15.743835 
110.620523 31.555060 90.606951 31.835109 2.394818 0.125000 4.067599 
108.132205 85.490737 128.141663 86.564489 2.764334 0.125000 9.563678 
63.213134 36.582393 45.442788 31.229952 2.999402 0.125000 17.641629 
89.348521 26.080558 108.119332 25.454930 1.290945 0.062500 4.132106 
108.124125 23.096407 89.353452 23.670633 1.746298 0.062500 1.347188 
88.117224 12.954765 113.123318 12.817845 2.486274 0.125000 3.042730 
87.490375 70.097604 100.107011 84.818932 3.389407 0.125000 10.884515 
90.610243 34.117336 108.124386 33.114279 1.266203 0.125000 1.067674 
33.928687 51.951065 35.464119 35.728080 3.733316 0.125000 2.319990 
85.938840 76.764286 81.740555 64.863391 4.783942 0.125000 1.602836 
92.065901 49.362614 93.287862 68.195538 3.984937 0.125000 16.561053 
20.933824 12.848379 7.710619 10.173427 5.396421 0.125000 17.144900 
111.896476 3.955818 88.144778 2.738961 1.250000 0.125000 4.680034 
94.369378 41.798535 104.407024 41.060592 1.868271 0.125000 1.067674 
115.625000 54.375000 95.625000 54.375000 1.250000 0.125000 3.776944 
104.333124 26.595276 82.999847 29.789010 2.531720 0.125000 2.835356 
80.553332 20.342658 95.539615 16.538619 1.845242 0.125000 0.050694 
21.863384 71.891852 28.700119 76.604138 3.157377 0.062500 0.275019 
121.854007 35.675154 121.310328 21.897282 2.695204 0.125000 8.756152 
90.251812 10.866700 78.037119 15.387559 1.544406 0.125000 0.164584 
83.382221 63.157594 84.512983 54.234088 2.480167 0.125000 0.820776 
26.722312 78.800297 14.292505 75.989851 2.554977 0.125000 5.219043 
145.067824 53.062265 143.924669 63.215039 3.183604 0.125000 5.096564 
65.696752 81.525214 59.207005 80.193968 3.202555 0.125000 1.067674 
8.109727 79.759427 16.877318 79.696133 3.776973 0.125000 2.560371 
81.318217 49.450488 79.838456 63.039349 2.620627 0.125000 3.403198 
31.135988 0.321113 33.129659 11.874196 3.907947 0.125000 0.731012 
47.701599 51.531126 57.092204 47.931026 7.722712 0.125000 6.916790 
74.787430 75.921009 84.123340 79.957115 8.372301 0.125000 9.124190 
161.875024 86.946772 148.125025 86.951278 1.252048 0.015625 2.951974 
146.890177 84.144272 174.353573 85.950754 1.250000 0.125000 9.195484 
168.007610 13.128621 168.469850 28.114363 1.326483 0.125000 0.164584 
