0.640892 107.353762 158.174774 102.124469 3.960484 0.125000 156.860355 
160.043250 25.661232 160.203453 0.598335 10.151603 0.125000 140.143532 
163.858903 50.793242 162.650085 29.122585 8.388326 0.125000 78.105644 
162.593844 101.828920 163.855876 53.046893 6.656970 0.125000 139.229077 
15.644580 47.640449 158.113992 53.397415 1.841860 0.125000 82.921795 
124.375000 49.375000 103.125000 49.375000 1.250000 0.125000 4.680034 
64.399701 21.528588 148.080758 27.495456 1.786743 0.125000 50.175555 
55.625000 46.875000 38.125000 46.875000 1.250000 0.125000 1.970764 
148.125000 50.625000 128.125000 50.625000 1.250000 0.125000 3.776944 
94.375000 48.125000 71.875000 48.125000 1.250000 0.125000 5.583124 
172.809500 23.172067 173.440644 10.640898 1.930935 0.031250 6.486214 
174.330106 45.627220 173.586956 30.602151 1.680726 0.125000 6.486214 
