86.306710 50.232383 89.659205 34.706275 6.997984 0.125000 11.291299 
82.412066 60.385402 86.062908 49.522169 4.360780 0.125000 1.036501 
84.689676 73.373716 80.323736 56.955110 3.945289 0.125000 2.986018 
20.404951 38.124357 20.459716 19.374517 2.547452 0.125000 14.081748 
78.113475 104.908156 60.621648 104.530055 3.776138 0.125000 10.082962 
38.119573 101.108020 98.140086 101.782430 3.693585 0.125000 44.080032 
79.375264 10.507663 63.122534 10.471103 2.533735 0.125000 12.807844 
13.261199 19.376622 13.037692 38.138851 2.708279 0.125000 24.777277 
126.876622 105.060965 75.630639 104.913640 2.643731 0.125000 41.688129 
26.558281 38.135987 26.911566 8.125430 2.794107 0.125000 31.550228 
50.309727 14.322566 49.595882 35.632399 2.749696 0.125000 18.532534 
48.171362 37.099921 29.346799 36.248521 3.175176 0.125000 22.991712 
65.640224 104.904551 36.872626 104.682290 3.749888 0.125000 9.526297 
82.552838 36.909215 81.054270 11.849330 4.564090 0.125000 14.147607 
30.606743 33.624125 45.632362 34.173741 1.751784 0.125000 6.102063 
23.125451 9.374997 23.316551 34.373536 1.326406 0.125000 6.486214 
25.900028 66.881116 26.010337 39.376545 3.815141 0.125000 31.526772 
40.711741 69.569848 24.468751 68.234566 5.085603 0.125000 7.963887 
45.709123 15.840650 30.605700 14.612302 3.099734 0.125000 11.184171 
29.853036 15.627677 29.762036 31.877167 1.340982 0.125000 1.067674 
64.351558 16.314487 78.170581 16.784314 2.625977 0.125000 9.195484 
29.308876 12.014838 48.194540 12.913352 3.448746 0.125000 17.918538 
28.060411 40.450478 35.608258 40.903769 2.870177 0.125000 2.576231 
80.600340 20.284030 61.864128 19.775753 2.770261 0.125000 13.192832 
90.881495 34.375598 90.863424 4.374856 1.264306 0.125000 11.001664 
89.366293 43.124941 89.121889 79.381720 2.634759 0.125000 16.958752 
43.206831 30.352693 34.415042 29.880096 2.139781 0.062500 0.293299 
47.198973 33.132823 47.591839 16.862126 2.529445 0.125000 12.807844 
60.904897 13.394012 57.502962 48.548658 9.552121 0.125000 74.071280 
23.763276 30.589064 22.149034 58.067666 2.349087 0.125000 19.754330 
79.375942 83.979549 60.626048 83.934884 1.291684 0.125000 1.067674 
44.526020 56.844934 44.349850 70.608679 3.733695 0.125000 7.917544 
74.399071 73.373624 44.356336 72.651464 2.829702 0.125000 14.891772 
45.625000 81.875000 78.125000 81.875000 1.250000 0.125000 12.807844 
21.965379 58.863221 4.352430 55.752802 2.100489 0.125000 5.096624 
0.451813 79.533306 23.173190 75.928770 2.920278 0.125000 19.641228 
36.854676 43.764464 34.150778 54.926296 7.289175 0.125000 14.703475 
82.394186 99.527139 83.632149 85.131152 13.378150 0.125000 36.938506 
34.361029 21.635128 43.226565 21.118756 4.179752 0.125000 5.946800 
23.268186 80.802057 0.495763 83.086964 6.468363 0.125000 32.946979 
168.064010 101.977651 174.330075 105.700613 3.439728 0.125000 0.820776 
121.405428 10.631724 121.103896 45.629126 3.879094 0.125000 54.535675 
129.371705 103.859182 161.876660 104.005065 2.561685 0.125000 34.612635 
60.543595 85.217436 58.182268 100.173465 9.682704 0.125000 41.429127 
125.692623 50.626432 126.513595 11.867345 2.684735 0.125000 31.505821 
23.518946 0.604579 24.427008 18.122304 2.884902 0.125000 7.098330 
0.612225 101.042512 31.871207 101.998971 2.613519 0.125000 28.306011 
5.567613 58.502729 22.007868 61.000445 2.174589 0.125000 7.870688 
3.900695 44.365633 4.665644 5.630740 2.943763 0.125000 32.829287 
35.626381 104.499232 0.616812 104.888350 1.499986 0.125000 14.614024 
30.551919 81.923100 40.666535 81.308083 2.647123 0.125000 1.653093 
58.884389 109.274354 59.649464 124.549082 12.546881 0.125000 38.901624 
59.445815 124.055842 58.714229 138.219997 13.538264 0.125000 18.106300 
103.083890 101.862565 125.642044 102.611911 3.245624 0.125000 16.423266 
103.073345 40.661717 103.457150 28.135177 2.766796 0.125000 9.642303 
83.254045 135.745516 84.592782 106.541180 15.098745 0.125000 108.761765 
107.609099 78.131545 119.432170 82.985755 3.055360 0.125000 9.195484 
162.566852 91.974645 157.399651 63.031335 3.339835 0.125000 11.832543 
25.733138 99.379831 26.460076 83.106465 2.720639 0.125000 9.438675 
106.186446 30.599866 105.865806 39.383790 1.522759 0.031250 3.475914 
168.815828 76.943080 167.729550 68.020958 3.237040 0.125000 0.883796 
126.627561 120.625302 126.612278 108.123793 1.263752 0.062500 1.669734 
130.749993 25.629673 131.405115 8.107432 1.762853 0.125000 10.098574 
114.083956 91.072812 119.312587 94.471031 2.777361 0.062500 0.616176 
130.054335 48.160027 130.507613 39.368947 1.570171 0.062500 0.465614 
121.494579 46.847994 122.038755 64.369914 1.327002 0.125000 1.067674 
174.573614 109.546751 159.620470 106.792375 3.040848 0.125000 0.294986 
80.367920 143.635329 83.953785 136.658509 6.161231 0.125000 3.012505 
134.458110 0.627369 132.997276 51.871359 1.890649 0.125000 41.706724 
9.375000 23.125000 9.375000 36.875000 1.250000 0.062500 2.873854 
12.131422 116.858976 12.992167 130.633301 3.664740 0.125000 5.664267 
