93.189896 68.167369 93.836267 48.107641 6.407786 0.125000 22.233427 
71.015105 46.867616 70.800271 71.887238 5.107145 0.125000 24.927418 
96.871139 47.144026 120.634184 47.485042 3.911043 0.125000 17.751826 
93.502057 47.042513 94.942163 33.054699 3.639001 0.125000 0.218016 
71.032132 21.879313 70.780424 45.639888 3.842477 0.125000 30.776105 
85.645064 20.945145 73.096962 20.674389 2.742108 0.125000 7.870688 
113.320639 44.635855 112.016404 26.864622 5.592794 0.125000 14.953352 
109.358057 24.829563 94.332340 24.269503 2.358587 0.125000 5.219043 
122.130115 53.126862 121.956743 76.875597 2.645935 0.125000 23.644924 
81.688045 50.634743 81.164945 40.596862 3.315076 0.125000 0.218275 
119.496507 76.668496 95.289299 74.649034 7.266199 0.125000 48.241650 
93.454069 106.877713 93.380434 81.877929 5.051523 0.125000 40.841404 
69.787661 83.124684 69.821143 126.874659 10.029653 0.125000 93.674124 
87.617177 41.866718 87.454142 51.864060 1.392509 0.125000 1.067674 
154.295195 78.770469 136.754239 76.601730 2.481108 0.125000 6.848509 
90.636710 82.348048 73.121849 82.084059 1.475916 0.125000 1.970764 
106.887059 51.810306 119.417685 54.146004 2.145049 0.125000 1.653093 
99.840191 44.381116 100.037596 29.367277 1.430665 0.125000 5.219043 
73.124013 25.639891 85.651827 26.470261 2.907882 0.125000 5.096564 
136.915374 79.868441 153.119227 80.733170 1.714510 0.125000 5.583124 
84.373784 28.658628 73.123842 28.632982 1.275643 0.015625 1.925686 
109.398865 19.120895 98.112040 18.941815 5.118353 0.125000 13.631274 
111.580553 128.194350 113.308308 104.388304 5.891707 0.125000 22.263659 
120.542766 51.320833 106.836472 49.701005 2.042605 0.125000 2.576231 
97.410870 30.618280 97.583466 44.381791 1.406641 0.125000 6.102063 
0.274304 76.880353 18.296755 74.346767 6.537169 0.125000 26.308242 
170.836188 80.679420 173.710301 69.525823 4.567123 0.125000 2.089640 
95.609166 79.943869 109.383287 80.327271 1.562538 0.125000 0.797908 
106.755651 108.927561 103.810618 117.940587 5.917438 0.125000 5.336485 
87.808918 126.868210 88.346885 101.826060 10.346703 0.125000 29.486959 
73.118055 67.004789 82.043169 67.482397 5.478908 0.125000 1.486207 
124.375000 49.375000 124.375000 23.125000 1.250000 0.125000 8.292394 
135.563477 74.078617 153.071250 75.208135 2.011953 0.125000 7.389304 
15.767222 86.268431 0.437635 82.674101 7.226369 0.125000 5.614492 
121.875000 30.625000 121.875000 44.375000 1.250000 0.031250 1.681407 
66.875000 81.875000 44.375000 81.875000 1.250000 0.125000 5.583124 
84.473897 103.426544 82.394543 95.488900 3.944359 0.125000 6.102063 
160.625000 60.625000 160.625000 24.375000 1.250000 0.125000 15.517114 
43.125000 48.125000 43.125000 74.375000 1.250000 0.125000 8.292394 
159.375000 0.625000 159.375000 26.875000 1.250000 0.125000 8.292394 
41.875000 31.875000 41.875000 0.625000 1.250000 0.125000 11.904754 
161.875000 15.625000 161.875000 0.625000 1.250000 0.125000 0.164584 
163.734434 0.612113 162.476589 63.137102 1.594391 0.125000 39.064127 
78.125000 10.625000 95.625000 10.625000 1.250000 0.125000 1.970764 
134.375000 23.125000 134.375000 0.625000 1.250000 0.125000 4.680034 
29.375000 61.875000 29.375000 39.375000 1.250000 0.125000 5.583124 
