138.102712 10.369127 174.400263 9.831898 4.212061 0.125000 80.784414 
135.446093 48.118962 136.038864 30.554596 8.449890 0.125000 16.417944 
134.907060 66.889848 135.397007 49.333753 4.166990 0.125000 5.045066 
118.295830 71.616082 123.320807 50.671979 2.820626 0.125000 5.595353 
113.281920 41.874886 113.300110 66.874873 1.261823 0.125000 4.336995 
138.739050 0.548529 138.429288 8.188023 4.000135 0.125000 8.292394 
77.103971 0.619499 76.949008 29.382133 3.891370 0.125000 53.446894 
135.931564 29.453447 135.389393 14.294015 8.833764 0.125000 30.918990 
110.918331 70.641449 110.423417 41.856974 2.864945 0.125000 17.466236 
120.568400 74.201947 128.451610 71.623599 5.293011 0.125000 0.731012 
135.339473 13.295519 133.937810 0.673550 3.865053 0.125000 13.809694 
127.663685 71.437640 133.296776 70.096494 5.732580 0.125000 2.560371 
20.621538 39.492365 31.861761 39.823882 2.720021 0.125000 0.050694 
51.936932 6.390682 14.350950 5.048496 4.238308 0.125000 49.655891 
148.727085 52.429095 155.528044 33.881114 3.951104 0.125000 12.334838 
118.695020 23.113211 119.085373 0.598307 2.586299 0.125000 21.838744 
20.673721 24.379974 19.271540 38.114438 2.867938 0.125000 2.249350 
13.123982 0.691547 46.885203 1.208000 1.670478 0.125000 21.838744 
119.297522 80.823782 111.517776 77.791510 2.980437 0.125000 0.797908 
135.661788 84.570192 113.063628 84.878642 8.902726 0.125000 42.684208 
152.185324 35.872586 142.078686 48.540218 5.083136 0.125000 10.792579 
174.388320 13.139445 164.623329 22.144292 1.837852 0.125000 3.776944 
164.556780 25.827118 174.435566 16.942342 2.694696 0.125000 1.034919 
140.324048 66.603484 146.858737 59.360328 3.621649 0.125000 1.229414 
34.040637 50.620613 33.679484 78.148674 3.979247 0.125000 11.249092 
71.183461 0.606828 70.361113 31.900913 3.024517 0.125000 47.156015 
89.368270 31.225313 111.879454 31.477667 2.710020 0.125000 16.275264 
75.724853 119.349414 75.537755 136.900720 10.119351 0.125000 39.376452 
160.684323 85.047005 136.801028 82.595727 2.486936 0.125000 18.201342 
22.602678 36.895003 22.946974 24.370106 1.489965 0.062500 0.616176 
118.644820 138.218982 116.031084 117.911845 10.040956 0.125000 38.120092 
86.875376 83.556361 74.375385 83.567250 1.259800 0.062500 0.465614 
152.621007 96.662501 138.052786 93.452764 3.400898 0.125000 1.036501 
133.831559 124.351368 134.756258 103.087222 5.429731 0.125000 13.372504 
96.723195 68.189868 108.394883 69.537399 8.835624 0.125000 15.241215 
106.903448 88.057254 81.887069 87.944609 11.311800 0.125000 87.910503 
74.405289 83.798468 56.887968 82.878169 1.445019 0.125000 2.873854 
132.348039 106.654534 123.767955 100.179382 3.256698 0.125000 2.560371 
64.375000 16.875000 64.375000 31.875000 1.250000 0.125000 0.164584 
79.375000 65.625000 96.875000 65.625000 1.250000 0.125000 1.970764 
174.205518 96.561246 156.822586 93.414542 2.003936 0.125000 4.248691 
160.125708 143.188660 151.267297 131.392656 4.503711 0.125000 9.505731 
91.875000 80.625000 108.125000 80.625000 1.250000 0.062500 2.957812 
