70.192151 60.629577 69.557442 0.609852 3.895189 0.125000 66.944849 
0.381865 16.061402 20.005032 26.994159 5.600121 0.125000 15.513331 
19.033316 29.159386 4.606718 52.021222 6.065689 0.125000 31.934490 
91.963193 14.341144 92.311639 28.113953 4.935172 0.125000 2.619268 
80.551715 86.872102 81.442164 64.357881 4.043468 0.125000 28.949636 
118.127909 9.161877 106.880005 9.008334 2.602139 0.125000 1.653093 
113.108024 12.233981 126.876981 12.124809 6.319179 0.125000 6.790762 
143.102249 40.605628 164.390218 40.224086 4.062998 0.125000 21.402828 
148.110657 13.749687 164.438150 14.124563 4.035934 0.125000 14.776697 
105.597812 44.901251 119.440025 45.616397 3.938488 0.125000 11.124244 
94.037832 37.798101 96.560485 44.842344 5.971564 0.125000 6.848509 
125.199672 44.473084 133.712205 41.329954 5.989393 0.125000 0.940023 
79.372894 63.509906 71.873118 63.468866 6.270426 0.125000 1.486207 
124.562760 12.597603 134.452398 13.642323 4.123200 0.125000 1.229414 
174.440876 89.827599 81.877929 87.978370 8.499948 0.125000 281.781205 
133.367425 21.140882 99.231155 25.827201 3.180089 0.125000 26.316196 
163.069478 11.473085 140.584016 10.001024 2.224570 0.062500 3.107848 
106.057862 7.303978 114.137672 -0.848983 3.567363 0.125000 2.560371 
147.404041 21.324291 141.213230 19.034575 3.774065 0.125000 0.820776 
72.872679 65.621268 72.558173 86.885105 2.703076 0.125000 20.935654 
174.456410 25.924790 159.538184 29.975922 2.219220 0.125000 0.426994 
165.684408 20.164083 148.095885 21.488279 4.208636 0.125000 10.248991 
170.603388 1.873746 170.097304 10.594376 6.529179 0.125000 8.084162 
6.339161 5.605816 5.935296 16.886109 1.606997 0.125000 0.820776 
5.612835 66.027607 50.647258 67.388371 2.310095 0.125000 44.784936 
70.771870 88.402751 40.573323 86.406911 7.225596 0.125000 55.418646 
51.323100 66.644369 68.704011 33.427975 7.276292 0.125000 85.179669 
5.073106 51.856761 4.659083 64.384389 1.579626 0.125000 3.776944 
49.360801 69.820174 5.615436 68.424858 2.179928 0.125000 33.374216 
64.874017 68.139296 65.447519 48.119916 1.679022 0.125000 10.529091 
2.533753 66.885968 2.762977 53.118972 1.457926 0.125000 2.873854 
86.680898 58.133928 86.410389 14.377872 2.731781 0.125000 30.828346 
91.871497 65.806198 164.368567 67.207771 2.071258 0.125000 29.047787 
0.626404 80.561300 38.135732 81.388188 1.718036 0.125000 29.063464 
109.379841 68.894952 85.619652 68.655360 1.451601 0.125000 18.532534 
68.125000 98.125000 36.875000 98.125000 1.250000 0.125000 11.904754 
45.261205 79.963584 51.013402 71.302759 5.890071 0.125000 9.284128 
174.375000 129.375000 159.375000 129.375000 1.250000 0.125000 0.164584 
68.125000 120.625000 84.375000 120.625000 1.250000 0.125000 1.067674 
125.624615 129.398279 94.362489 128.880807 1.518773 0.125000 11.001664 
150.625000 129.375000 133.125000 129.375000 1.250000 0.125000 1.970764 
