64.342527 31.871266 66.361436 14.315939 2.912066 0.125000 9.449320 
51.933900 14.373386 54.433176 105.589156 3.543173 0.125000 73.452367 
120.757327 19.358893 120.126441 63.135829 2.968062 0.125000 46.001424 
39.404816 49.130604 28.164697 49.463872 3.822445 0.125000 4.339063 
38.900728 103.118699 39.598275 50.611360 2.981309 0.125000 53.177419 
114.500194 75.512108 110.601845 28.024286 4.537027 0.125000 46.268387 
70.603179 0.546816 69.598570 16.888744 3.108874 0.125000 12.933632 
27.479023 50.615976 27.890074 78.128510 2.761150 0.125000 29.966554 
93.364079 39.518241 91.944292 17.108191 6.553635 0.125000 36.265975 
82.796321 39.745525 89.773417 41.160637 7.119158 0.125000 2.742210 
66.180955 33.120740 65.989144 64.369562 2.630386 0.125000 15.101392 
154.377773 39.426563 165.729388 38.816099 3.744589 0.125000 0.434640 
5.689246 113.124869 5.459607 0.622786 3.849501 0.125000 192.204120 
49.375000 48.125000 49.375000 16.875000 1.250000 0.125000 11.904754 
168.803451 20.627777 168.885354 0.617879 3.760201 0.125000 10.248991 
168.324945 36.885021 168.890514 25.600718 2.809723 0.125000 2.510782 
76.746844 18.115329 76.919432 38.135393 3.868392 0.125000 27.624343 
73.478253 71.881599 73.340205 53.123416 2.601120 0.125000 17.323294 
140.146126 19.569058 141.131759 9.303638 3.613364 0.125000 6.799042 
111.798633 7.077072 109.672404 19.426206 4.544021 0.125000 0.891631 
57.484191 0.337287 59.490286 13.300599 4.191070 0.125000 9.563678 
71.187791 54.430251 72.257032 19.348546 6.856388 0.125000 43.489864 
168.003395 51.296002 163.583885 42.262021 3.942050 0.125000 2.847294 
116.815919 55.631420 118.993158 75.666495 3.160588 0.125000 5.388241 
169.080938 73.235001 167.555769 51.826501 3.562867 0.125000 17.380123 
95.673663 73.837953 75.426712 75.219916 5.754484 0.125000 17.173606 
64.883654 18.109762 64.356521 0.513216 7.646353 0.125000 31.706945 
145.608794 4.289602 150.892924 3.286833 4.150353 0.125000 1.970764 
75.614019 8.493190 96.882382 9.127477 1.882902 0.125000 15.860896 
47.213758 0.601839 48.453186 85.620216 4.041138 0.125000 70.133981 
155.642881 20.061770 141.837149 20.421223 2.466619 0.125000 6.985969 
157.280123 9.354437 157.852890 20.638812 1.691951 0.125000 3.776944 
97.878378 26.874327 97.769142 66.877442 3.777293 0.125000 25.647125 
81.613112 71.872251 81.928034 41.875557 1.381156 0.125000 6.829207 
98.092620 10.624667 97.938154 25.635940 2.577039 0.125000 2.036308 
129.433966 36.876330 129.603062 29.380145 3.749046 0.125000 5.583124 
84.683934 41.879920 84.205979 71.892215 2.579299 0.125000 12.054691 
151.686614 3.281550 156.905083 9.561242 4.019412 0.125000 1.034919 
61.551337 18.113167 61.822735 39.359700 2.723319 0.125000 14.486264 
43.844181 21.944656 42.210500 9.495003 3.129288 0.125000 5.096624 
159.902610 75.622291 160.019816 44.372730 2.593748 0.125000 34.482004 
130.468784 27.600208 145.615054 23.091587 4.764301 0.125000 1.930492 
156.086313 25.644264 155.615173 36.926788 4.216108 0.125000 11.184171 
27.684460 83.121650 27.494235 108.139213 3.911464 0.125000 30.107196 
144.402236 22.544702 163.121276 21.783433 2.650315 0.125000 7.782856 
29.033789 4.602610 42.693070 25.079294 6.244201 0.125000 30.844290 
154.845750 43.121458 155.080937 74.379094 3.937992 0.125000 37.066612 
25.647276 79.941364 8.076129 80.632467 2.841955 0.125000 19.129474 
153.116357 75.837500 135.594502 75.124794 1.182790 0.062500 2.957812 
48.054774 85.339974 46.639866 98.098925 4.686371 0.125000 1.602836 
62.849700 65.656789 62.379889 43.114477 2.473411 0.125000 14.486264 
112.394385 101.903918 113.928511 74.350141 3.260516 0.125000 16.507842 
134.028989 24.384987 134.291639 0.610270 3.901665 0.125000 28.099339 
111.871326 77.334215 93.122526 77.184214 1.369964 0.125000 1.067674 
51.958966 71.870534 50.894657 51.860657 1.845769 0.125000 9.642303 
139.939772 60.621498 140.009584 71.878816 1.311990 0.125000 2.873854 
66.096006 79.128580 62.527908 108.507918 6.807227 0.125000 64.124544 
133.634908 53.186145 133.327639 30.622241 10.169279 0.125000 35.029174 
162.934365 46.870853 162.553899 64.362578 1.575895 0.125000 5.583124 
95.625000 69.375000 95.625000 45.625000 1.250000 0.125000 6.486214 
81.875000 36.875000 81.875000 19.375000 1.250000 0.125000 1.970764 
63.114889 106.838989 62.844921 125.656848 7.714402 0.125000 41.087246 
132.407463 71.876329 132.454279 53.126446 2.503113 0.125000 12.058439 
75.625000 51.875000 75.625000 69.375000 1.250000 0.125000 1.970764 
161.172866 36.888905 161.395600 28.112833 1.471598 0.125000 1.067674 
92.201747 130.628372 92.485676 103.118402 8.723733 0.125000 73.336882 
14.375000 26.875000 36.875000 26.875000 1.250000 0.125000 5.583124 
68.606053 116.917966 71.978399 79.160943 5.224386 0.125000 49.683587 
26.914290 100.678148 14.051313 110.187143 2.796601 0.125000 2.486513 
92.184299 103.036996 92.838048 86.763044 8.893470 0.125000 11.442591 
84.375000 19.375000 84.375000 36.875000 1.250000 0.125000 1.970764 
136.890040 71.875611 137.602163 54.353751 2.447177 0.125000 10.310893 
147.802667 71.426055 141.201109 58.468327 5.590011 0.125000 6.123218 
76.644594 99.360852 74.647084 131.891707 4.377719 0.125000 39.299975 
8.118242 84.897557 24.378451 84.746489 1.389300 0.125000 1.067674 
150.646757 78.982162 136.869787 78.219122 1.731966 0.125000 5.583124 
11.879102 110.629210 0.485231 121.731561 2.662881 0.125000 1.702576 
100.859333 53.112508 101.726664 69.382907 1.913624 0.125000 7.870688 
118.849861 81.930148 120.032028 93.187271 2.877981 0.125000 4.232717 
102.866287 9.695934 91.014457 0.141877 2.323690 0.125000 8.292394 
24.374184 1.907251 8.134582 1.496323 1.407700 0.125000 1.067674 
25.644916 123.150653 0.963927 142.311568 1.637128 0.125000 12.811411 
146.697760 131.999590 153.882840 142.220962 1.437698 0.125000 0.164584 
168.820154 140.151304 154.161197 129.674139 1.890428 0.125000 0.426994 
149.754147 66.890402 150.516612 48.120597 1.807061 0.125000 5.172956 
