36.725798 47.546723 51.152285 50.751102 5.015990 0.125000 11.550453 
53.121268 51.472836 59.190599 70.281137 4.758385 0.125000 10.373848 
23.815741 52.672408 36.210209 48.601131 4.767602 0.125000 22.991712 
61.741658 58.138656 60.689210 47.862385 7.078914 0.125000 0.054958 
65.583083 24.117540 86.900642 25.017831 4.731830 0.125000 35.109332 
61.006784 47.194231 62.195928 31.803218 11.692530 0.125000 14.188603 
54.144472 41.558394 52.191154 50.692608 3.751715 0.125000 4.248691 
27.629615 71.384230 21.001654 61.192988 4.191531 0.125000 1.783865 
60.919121 30.680438 59.754684 10.602979 3.960834 0.125000 12.054691 
14.648132 60.723358 15.140822 53.093734 4.144966 0.125000 5.096624 
95.346682 15.626596 95.260560 0.612750 3.757108 0.125000 21.838744 
93.295439 34.504520 83.613057 47.245883 3.742029 0.125000 1.602836 
109.404057 8.366111 122.022083 6.845456 3.872622 0.125000 14.971112 
122.578507 7.068360 154.463638 19.140896 5.436352 0.125000 40.337847 
150.509191 15.960948 174.496396 17.712539 5.350862 0.125000 43.383728 
63.587390 0.612716 63.274928 20.646834 4.022449 0.125000 28.798057 
13.155901 0.619576 13.293553 33.129579 2.637586 0.125000 44.415994 
91.879408 77.084966 54.343468 77.872921 5.156304 0.125000 30.806143 
174.348954 22.540905 133.064330 20.926108 3.405151 0.125000 20.179752 
83.893948 27.617758 69.755494 41.026209 2.048127 0.125000 9.438675 
59.352711 69.837693 64.005870 64.076846 5.872017 0.125000 6.009503 
65.849078 57.870050 68.920159 45.511968 2.124740 0.125000 2.576231 
48.672273 14.377477 48.623788 0.623242 1.298462 0.062500 1.669734 
150.595484 83.542792 76.868575 82.238021 4.202961 0.125000 89.065686 
7.809857 0.623514 7.644849 35.628629 1.409076 0.125000 13.710934 
63.310613 93.807118 60.968791 81.569996 7.836225 0.125000 9.973546 
59.562183 120.575612 60.892600 91.945522 5.721048 0.125000 39.470654 
88.941172 132.395418 81.751669 124.352630 10.787743 0.125000 8.862368 
19.417212 79.538137 0.605612 79.198329 3.726812 0.125000 19.604676 
12.681178 108.097924 12.565797 120.642850 8.830104 0.125000 29.562304 
49.987180 143.157171 49.679105 113.109066 7.691835 0.125000 48.880999 
64.367524 123.124543 63.139263 143.202341 5.780381 0.125000 27.487078 
11.937004 120.831458 10.711002 143.468157 12.887312 0.125000 82.667566 
174.379888 82.353790 150.619603 82.596360 1.479627 0.125000 20.935654 
100.015974 11.902950 100.507984 0.619897 1.575549 0.031250 3.914505 
88.022305 94.554203 66.093991 81.987865 8.542667 0.125000 51.399334 
2.086517 21.866638 2.633135 35.693859 2.498049 0.125000 5.962107 
96.622957 80.634681 95.662239 55.623570 1.776850 0.125000 12.058439 
38.396495 87.350671 23.496852 85.352388 8.098075 0.125000 20.619654 
96.212470 105.598200 96.719323 93.068139 2.396913 0.125000 1.720471 
2.823522 4.355362 1.926343 18.128345 1.816130 0.062500 0.275019 
