13.053194 17.846497 68.030021 21.910003 4.850898 0.125000 57.347181 
110.555225 81.441094 174.479180 86.906494 3.491040 0.125000 78.215980 
47.915862 64.932371 31.737839 63.060350 3.920265 0.125000 10.695739 
174.633277 90.581371 108.179954 83.833785 5.226971 0.125000 93.884401 
14.613426 45.374625 0.427114 43.120264 3.646083 0.125000 1.349337 
67.722925 25.548437 67.955701 31.926797 6.428194 0.125000 3.851484 
10.556941 34.378759 8.687016 0.524913 5.543901 0.125000 53.076789 
62.199656 35.409769 64.251243 74.249482 13.994600 0.125000 98.548969 
64.363655 74.574597 81.878121 75.570082 2.495972 0.125000 4.480242 
58.982555 14.423073 57.418537 1.655297 8.204282 0.125000 21.698959 
81.893626 77.768413 46.858629 75.938421 4.005706 0.125000 20.400178 
29.395374 64.743786 8.098957 64.251395 2.759372 0.125000 13.137834 
13.121083 30.662381 28.217284 32.244374 3.599298 0.125000 2.835356 
28.140322 35.489644 13.050685 33.781492 2.343532 0.125000 8.756152 
22.065310 23.970319 16.526688 21.365661 3.233182 0.125000 1.067674 
31.615135 65.629594 31.880633 80.647000 2.720567 0.125000 8.533210 
29.791923 33.102500 30.062719 23.076054 3.883625 0.125000 1.198571 
22.193487 10.253160 13.059323 8.459450 1.850386 0.125000 0.164584 
3.825328 0.611462 3.546901 11.916178 3.871972 0.125000 1.783865 
29.387009 75.523323 20.611781 74.486922 2.150969 0.062500 0.966439 
16.721874 -0.678279 28.465587 9.205542 5.738187 0.125000 10.792579 
13.098000 6.056092 21.969778 6.611748 1.789530 0.125000 0.164584 
31.839334 82.011548 0.621365 83.011514 3.387905 0.125000 23.550741 
61.831607 81.708888 35.606231 82.512495 2.996532 0.125000 24.738389 
46.769233 142.427508 60.580744 140.333148 1.596555 0.125000 1.067674 
80.353397 24.381908 80.034855 11.858216 4.966600 0.125000 6.145961 
37.951061 5.444073 27.295518 16.047581 3.697983 0.125000 1.668182 
93.123448 82.937087 63.125495 83.184878 1.311907 0.125000 7.870688 
140.581436 132.880425 88.185258 142.213295 3.218956 0.125000 29.806236 
73.282122 142.704734 106.777829 136.361858 1.925889 0.125000 6.145961 
0.539897 140.050159 174.366241 114.315834 3.032447 0.125000 151.303871 
50.519569 137.504225 29.246304 141.117243 2.255405 0.125000 6.953153 
107.950048 59.381197 105.866974 0.572153 2.774183 0.125000 64.353011 
68.178893 139.684851 85.587083 136.657001 1.250000 0.125000 0.164584 
45.051139 9.497749 46.694578 17.180967 3.667049 0.125000 4.336995 
110.625000 15.625000 110.625000 30.625000 1.250000 0.125000 0.164584 
