71.269613 33.913480 61.204358 19.855155 2.898767 0.125000 10.225862 
90.148864 26.823516 89.184778 35.739593 2.485512 0.125000 0.820776 
72.801552 40.635240 73.988768 78.137227 2.973372 0.125000 42.943341 
72.100375 0.588125 72.945714 34.410723 5.217062 0.125000 33.252256 
128.783206 38.111456 127.924791 75.620418 3.185734 0.125000 24.672101 
85.981433 43.135409 86.494202 25.577374 3.711912 0.125000 4.503683 
163.175530 41.926040 164.797701 0.592532 3.576509 0.125000 51.867852 
126.034735 74.345730 123.179096 34.371136 4.007673 0.125000 30.143508 
84.044290 24.509797 83.253804 0.579454 10.778650 0.125000 59.058029 
66.947117 33.061916 72.831186 39.788589 2.947071 0.125000 2.576231 
88.495047 39.352119 89.731729 59.352943 3.420940 0.125000 22.371880 
9.394514 103.129852 9.167800 45.630746 2.716839 0.125000 76.359573 
54.160472 15.791440 66.863236 32.164325 2.724256 0.125000 12.777654 
114.973647 43.241714 113.894061 25.654522 5.143780 0.125000 24.823557 
96.946967 53.240185 94.357259 26.754513 6.922541 0.125000 36.830880 
57.875146 59.372680 57.712550 76.882777 5.011391 0.125000 14.632986 
118.223416 76.163826 109.298372 74.928733 2.819097 0.125000 0.797908 
146.880065 49.457283 158.164253 48.762665 1.629280 0.125000 0.164584 
62.875058 78.125394 62.845502 59.375441 2.529553 0.125000 12.058439 
9.228258 44.888667 -0.182133 42.200346 5.494386 0.125000 9.449320 
89.407085 0.621011 91.128398 14.467811 2.796144 0.125000 8.756152 
100.820253 26.872311 100.775631 44.375384 2.541419 0.125000 9.366697 
49.936842 36.525673 63.256666 46.702673 4.084684 0.125000 12.495233 
159.048764 50.291656 161.875402 58.124855 3.527367 0.125000 0.050694 
135.098570 64.377082 135.213680 24.373816 8.749964 0.125000 87.505610 
0.635484 11.248272 39.395548 11.896645 2.436930 0.125000 28.099339 
150.682485 28.119755 151.371484 35.670943 2.943990 0.062500 0.293299 
30.625883 9.356220 13.105848 8.532221 4.039484 0.125000 3.662453 
93.128320 1.838464 99.552436 2.422164 4.187056 0.125000 1.697763 
98.266709 64.340158 95.663122 53.750948 4.202294 0.125000 0.731012 
160.507302 60.739412 150.650814 50.599907 3.460126 0.125000 1.198571 
97.357845 74.434833 97.662591 65.609033 2.455376 0.125000 0.820776 
28.117861 6.985133 69.437329 9.663412 3.095316 0.125000 19.137436 
15.681622 8.493924 0.612618 9.020962 2.454780 0.125000 11.904754 
94.510649 98.135081 96.286555 74.238374 6.696009 0.125000 14.177825 
48.980935 80.627464 48.683940 33.121506 2.726572 0.125000 51.446450 
68.924108 55.611336 68.689068 41.865355 2.606487 0.125000 6.985969 
151.518748 75.628592 151.291774 53.118277 2.499873 0.125000 15.407743 
67.581026 60.605842 66.963919 78.128132 5.084893 0.125000 17.301091 
39.221285 25.626128 39.615768 79.373233 2.784335 0.125000 62.901171 
148.392515 39.385206 148.104979 46.921925 2.736456 0.125000 0.820776 
43.133208 10.554354 31.889754 9.248013 1.818700 0.125000 0.164584 
154.877334 15.969673 158.861338 24.611797 2.155547 0.125000 0.164584 
64.311145 43.328468 65.600502 59.575345 5.973224 0.125000 5.753152 
73.840408 78.160525 71.852853 118.185972 4.551323 0.125000 36.551449 
119.606936 20.624451 119.666124 45.627270 3.782539 0.125000 11.522001 
99.369398 18.782107 118.129534 18.604855 1.415282 0.125000 11.001664 
136.845230 2.441854 156.916060 1.567201 4.399499 0.125000 26.459591 
114.943733 113.178092 114.391498 93.090183 8.884098 0.125000 40.086392 
107.345979 48.125930 107.296637 73.125832 1.296873 0.125000 5.219043 
166.533964 84.387908 165.965235 69.362122 2.980480 0.125000 1.454630 
105.036635 73.121297 105.193961 48.122287 2.515683 0.125000 20.844003 
119.800424 48.125784 119.749772 75.625690 3.791437 0.125000 4.532540 
87.825827 81.828565 86.998922 109.416182 7.047228 0.125000 48.049230 
46.893346 83.758340 11.850333 84.773421 3.259009 0.125000 47.311261 
147.478882 53.109060 148.007316 73.128106 1.612391 0.125000 9.195484 
87.376956 109.430409 87.931164 129.415040 7.670374 0.125000 29.315767 
135.687700 73.247439 136.529138 64.226150 5.442738 0.125000 9.378608 
112.633077 134.449578 111.873770 116.714501 8.635055 0.125000 14.432266 
81.347581 68.219191 80.346236 49.323531 6.836583 0.125000 16.165039 
40.275022 3.011247 49.364184 1.794222 4.623987 0.125000 0.434640 
161.972098 78.161932 136.832999 76.149725 3.837779 0.125000 14.670612 
137.750276 15.691800 136.593446 9.202361 5.580513 0.125000 2.036308 
57.663488 84.292747 57.118313 95.636693 4.045698 0.125000 2.536664 
22.586218 49.359643 22.371604 56.889155 1.463179 0.125000 0.164584 
46.346690 28.124144 46.407503 79.375555 1.310811 0.125000 26.354194 
145.471022 71.908507 143.280256 61.841214 2.974418 0.125000 0.883796 
62.440748 91.887777 62.638896 83.114022 1.447243 0.125000 1.067674 
78.588280 28.121072 78.736657 45.619814 1.377140 0.125000 2.576231 
114.127186 93.199800 113.819316 81.890127 6.451773 0.125000 16.423266 
89.922312 61.861667 89.708035 73.155036 2.523263 0.125000 0.883796 
93.224892 111.888631 94.968029 99.114772 3.771014 0.125000 10.225862 
128.471359 78.133807 127.836054 103.117653 2.721621 0.125000 12.688468 
99.241398 104.347697 99.578223 118.120030 2.774307 0.125000 14.081748 
67.565281 83.110750 67.310053 93.136076 1.472284 0.125000 1.970764 
116.875000 71.875000 116.875000 51.875000 1.250000 0.125000 1.697763 
18.125000 49.375000 18.125000 79.375000 1.250000 0.125000 11.001664 
122.782309 106.838399 125.450475 81.856360 3.065047 0.125000 19.653970 
48.782202 104.373579 48.830131 84.373694 1.294930 0.125000 3.776944 
38.121803 77.480627 20.622233 77.567459 1.330616 0.125000 9.195484 
100.013498 56.873210 99.973242 70.626751 1.286582 0.125000 5.219043 
124.257680 19.528198 114.333957 11.928595 1.815148 0.062500 2.108726 
116.234815 1.224456 126.559166 12.250266 4.678253 0.125000 9.214542 
133.387538 100.701045 134.337302 81.810259 5.181992 0.125000 15.924938 
8.128454 30.971352 36.875595 30.684696 2.599587 0.125000 5.552885 
113.185379 10.460503 93.115234 9.603791 2.444417 0.125000 9.449320 
20.625000 75.625000 20.625000 59.375000 1.250000 0.125000 1.067674 
19.367407 34.720404 36.886420 35.105527 1.551894 0.125000 10.098574 
106.875000 29.375000 106.875000 43.125000 1.250000 0.062500 2.873854 
36.893848 24.398617 14.379955 24.052614 3.980057 0.125000 13.603944 
