30.656073 71.876625 16.883492 71.533816 5.153970 0.125000 3.662453 
36.881207 45.622071 26.875260 45.572504 0.674522 0.015625 0.170563 
16.944245 50.341331 30.624002 49.361073 4.097781 0.125000 8.084162 
88.272623 58.309491 96.808336 51.479510 3.709795 0.125000 3.662037 
25.278546 44.375178 25.269561 26.874541 1.258342 0.007812 8.481078 
17.474820 69.381358 17.660439 51.870076 2.685348 0.125000 9.366697 
28.006319 29.371660 27.653860 41.896917 2.534172 0.125000 6.102063 
56.877384 69.470025 71.867948 69.093918 2.624622 0.125000 5.946800 
84.400833 48.219038 111.890678 47.690663 3.003989 0.125000 22.445353 
83.219593 64.377917 83.567429 53.100092 3.786752 0.125000 3.851484 
26.851878 25.900481 36.868523 26.052304 2.613378 0.125000 1.697763 
71.494178 68.130858 71.949166 0.617076 4.154257 0.125000 116.729313 
113.012469 49.378970 113.586562 65.652814 3.615462 0.125000 6.633937 
35.221491 66.832476 35.725724 76.869940 2.747711 0.125000 0.218275 
31.367315 54.227170 30.819011 60.746449 8.823977 0.125000 6.370457 
86.635229 29.385303 87.334479 45.658967 2.873320 0.125000 12.811411 
70.958473 72.075357 57.994210 75.056162 5.055130 0.125000 10.297348 
18.090349 78.829138 0.581554 79.940590 2.415788 0.125000 6.009503 
78.354760 13.161444 80.411543 0.194595 5.329913 0.125000 3.699353 
0.587317 77.802880 15.673321 76.038054 2.337827 0.125000 5.096624 
50.620872 61.655853 60.640864 61.467095 2.640818 0.125000 2.873854 
139.368709 83.806912 86.847464 84.388566 7.541068 0.125000 90.230122 
148.353456 98.135063 147.959089 58.102007 3.749818 0.125000 63.706370 
55.425468 80.182490 69.423017 78.532301 4.309612 0.125000 13.821835 
144.302215 0.613575 143.557207 86.867936 2.629462 0.125000 101.121835 
125.942578 14.663153 138.429427 0.901221 4.045999 0.125000 16.423266 
138.915951 9.345037 139.581526 26.914529 4.031227 0.125000 3.699353 
148.129318 60.585716 150.023321 0.527186 6.837900 0.125000 88.047519 
131.824887 77.046608 140.560037 79.597459 3.100556 0.125000 0.050694 
128.097082 70.630238 127.897236 21.875934 2.663940 0.125000 50.240914 
15.010900 19.373758 14.922440 63.126107 1.335925 0.125000 39.900544 
132.287169 26.873982 132.355119 54.376902 2.533964 0.125000 22.371880 
143.096363 99.820414 165.583777 101.266178 2.655248 0.125000 11.219093 
106.340941 45.590456 108.766857 8.085664 2.538352 0.125000 13.158455 
167.978227 26.887567 168.078048 18.124465 2.585265 0.125000 0.820776 
108.158669 5.698189 86.858847 6.240165 3.685194 0.125000 26.567138 
84.199051 20.655508 81.390689 4.458976 3.317463 0.125000 5.336485 
129.388936 5.658850 113.113717 5.835513 2.676231 0.125000 17.323294 
137.119057 8.361579 130.343093 15.351731 1.250000 0.062500 1.669734 
85.610947 92.374282 141.864635 91.321271 3.318373 0.125000 56.980414 
165.625915 104.312792 150.610783 104.092040 2.701860 0.125000 9.642303 
65.309199 48.158762 66.644597 60.649632 1.641558 0.125000 1.067674 
66.875000 40.625000 66.875000 28.125000 1.250000 0.031250 4.981064 
68.422228 20.560316 65.192437 5.719136 1.645399 0.125000 2.873854 
89.044251 16.922770 88.659671 34.386774 6.551205 0.125000 17.477729 
16.770982 82.495538 30.552802 84.805713 2.266040 0.125000 0.218275 
15.199713 0.553292 14.767892 10.641817 2.551168 0.125000 4.680034 
78.323460 50.628487 78.960614 14.367719 1.732947 0.125000 32.675824 
1.781603 55.625567 1.584305 23.126765 1.363805 0.125000 12.807844 
69.663205 23.137966 68.706578 44.401165 1.250000 0.125000 2.576231 
84.214893 34.380079 83.817517 21.853032 1.526794 0.062500 2.873854 
157.381588 9.167045 155.134798 30.704263 3.470364 0.125000 3.315834 
37.686168 60.631869 37.490239 48.115369 1.425929 0.125000 1.970764 
13.125000 46.875000 13.125000 26.875000 1.250000 0.125000 3.776944 
37.303235 23.137956 36.948277 0.623845 1.506011 0.125000 4.680034 
110.936210 8.086749 110.018884 30.600303 2.345258 0.125000 1.349337 
18.125000 46.875000 18.125000 28.125000 1.250000 0.125000 2.873854 
158.985053 0.532146 157.442523 7.010138 2.432003 0.031250 3.914505 
93.685040 45.046642 88.378714 29.719928 4.361535 0.125000 5.552885 
71.825412 123.125884 71.335193 95.612346 3.905282 0.125000 19.795299 
15.628605 83.178386 0.612664 84.192307 1.836644 0.125000 5.583124 
0.606647 92.594272 13.134891 92.161030 1.594859 0.125000 2.873854 
