46.771149 51.874375 46.515337 94.372835 3.772504 0.125000 69.271858 
80.618225 0.622661 80.462372 84.377023 2.644211 0.125000 123.335437 
88.113890 85.783771 174.378241 86.464103 2.982961 0.125000 122.984823 
63.117643 95.624828 64.109077 53.118797 5.581596 0.125000 88.422914 
81.713669 79.485387 88.103220 85.589306 2.207780 0.062500 0.293299 
63.118511 50.683647 48.026657 49.013823 4.969673 0.125000 18.759376 
173.135070 88.805295 100.595456 89.879033 6.286317 0.125000 93.851343 
44.395704 93.964726 25.610395 94.150840 8.724803 0.125000 31.463447 
100.917985 90.911375 85.499626 89.607150 8.421552 0.125000 12.292427 
14.506306 94.422127 0.507954 93.925736 11.287231 0.125000 33.670799 
23.218500 94.002180 15.513612 94.340848 7.602547 0.125000 14.495760 
83.135855 87.947266 66.794126 86.949235 2.952543 0.125000 8.509122 
87.627072 92.436268 75.569361 95.398525 8.795551 0.125000 2.451314 
75.834596 95.664761 66.708860 94.084317 5.779889 0.125000 11.964570 
66.853761 91.529247 83.119171 90.530104 1.784127 0.125000 6.486214 
116.875521 1.932957 136.873903 1.753084 1.261192 0.125000 2.873854 
46.364096 103.118407 46.186493 116.882245 1.427306 0.125000 4.232717 
32.847725 17.967352 30.637855 39.376327 3.216800 0.125000 16.231598 
136.902813 3.861246 116.884161 4.617497 1.296297 0.125000 0.820776 
59.421410 56.401706 49.308137 57.006001 3.017453 0.125000 9.195484 
36.750245 0.612866 35.149450 17.071897 3.611385 0.125000 5.865812 
108.540155 -0.682768 123.866614 33.481542 6.682987 0.125000 62.817195 
78.145396 107.609386 66.863603 107.163111 1.594878 0.125000 2.873854 
53.125000 131.875000 68.125000 131.875000 1.250000 0.125000 0.164584 
130.625000 128.125000 103.125000 128.125000 1.250000 0.125000 9.195484 
35.650174 88.698290 16.879650 88.000012 1.527949 0.125000 4.680034 
129.351477 119.702963 104.390233 117.912618 1.250000 0.125000 7.389304 
