86.838107 22.926072 96.957265 23.281253 4.996923 0.125000 5.091660 
73.018298 21.919649 85.843271 22.976655 5.085778 0.125000 16.231598 
73.676150 56.939170 73.122202 29.324906 10.474323 0.125000 41.102815 
23.124732 68.286198 50.626737 68.331994 10.008312 0.125000 25.270135 
64.392203 40.626158 63.805805 49.336681 4.077374 0.125000 0.426994 
72.797059 28.828923 70.454386 19.417469 5.159133 0.125000 4.864122 
15.189898 47.800027 22.841830 66.987925 5.805399 0.125000 19.113786 
10.205583 47.399344 15.693642 51.789186 3.709219 0.125000 3.776944 
0.556160 46.376513 9.573999 47.202565 3.734365 0.125000 7.870688 
15.711349 62.970049 16.905226 73.266434 3.581068 0.125000 0.149785 
96.962509 22.138263 107.090017 18.771859 6.722820 0.125000 1.579054 
15.999167 72.505472 13.890740 77.937019 3.687594 0.125000 1.970764 
105.898104 30.811805 94.739988 47.124654 4.180600 0.125000 6.512397 
107.445053 10.612624 107.227471 0.590211 2.607933 0.125000 3.776944 
117.867386 3.227412 134.139216 -0.425342 3.409970 0.125000 2.742210 
6.938782 71.598205 0.183369 70.041563 4.215601 0.125000 5.583124 
84.366992 76.800336 54.443077 80.009736 5.414557 0.125000 24.972122 
110.970548 47.068566 107.480889 30.762849 4.803633 0.125000 5.412007 
89.388701 66.921297 107.180139 61.656080 3.730297 0.125000 13.137834 
137.389203 -0.844360 157.155686 6.072925 4.660549 0.125000 23.018413 
1.517869 0.616454 1.457974 11.879430 2.559789 0.125000 4.336995 
120.647385 14.014971 108.149801 13.841213 2.656156 0.062500 0.850453 
72.660626 0.361316 74.925632 7.109733 3.563283 0.125000 0.797908 
174.446647 15.878061 150.550566 14.160727 3.471546 0.125000 23.074217 
157.028354 7.231203 174.652926 10.255154 5.737226 0.125000 34.993339 
54.366840 79.690976 18.130526 80.007533 3.990086 0.125000 37.261112 
105.604208 78.503306 85.595946 77.403631 2.907819 0.125000 11.964570 
21.664843 0.570540 23.372571 33.177500 3.025723 0.125000 45.675279 
91.806394 28.055209 80.460882 39.208047 2.659122 0.125000 6.009503 
141.823474 13.345197 132.973087 11.274197 3.936172 0.125000 2.560371 
108.140262 41.886601 89.976750 65.782532 8.280411 0.125000 49.095046 
110.074203 65.629038 110.034953 48.123520 5.016803 0.125000 14.122904 
75.533059 63.853183 77.032855 56.403473 5.888467 0.125000 9.366697 
158.161357 85.261369 109.323494 84.160994 4.097712 0.125000 67.352533 
107.628743 63.133284 107.899940 79.378757 1.458467 0.062500 0.966439 
90.851943 45.635249 91.530545 30.609444 2.778159 0.125000 1.454630 
111.060130 81.868321 110.829663 66.852673 2.518889 0.125000 6.829207 
74.220299 6.872769 74.245771 19.377809 2.522910 0.125000 8.292394 
108.137429 82.784011 89.373846 83.040570 2.704846 0.125000 10.225862 
149.230317 15.192790 142.520211 12.663369 6.730107 0.125000 1.486207 
61.693011 11.903300 59.896330 0.349547 5.516842 0.125000 13.717433 
20.817133 81.843914 20.685514 96.908293 14.977586 0.125000 33.237178 
73.191076 114.458824 74.479983 94.222455 7.723198 0.125000 33.149115 
111.924412 98.190778 111.234126 85.591627 2.418318 0.125000 0.218275 
174.445041 84.046346 159.247791 85.201648 5.269871 0.125000 14.703475 
17.194306 0.579513 18.210035 35.622535 3.205181 0.125000 52.543804 
24.174756 116.787100 24.853595 134.547814 12.061203 0.125000 57.992248 
63.239612 143.365747 64.427295 124.300389 9.592060 0.125000 33.963826 
25.207967 101.090318 22.180445 117.167901 14.900423 0.125000 60.921958 
77.548134 130.654574 76.995198 143.240116 6.079382 0.125000 11.550453 
97.058630 91.438336 80.123829 84.316763 4.910456 0.125000 15.163678 
60.542070 105.826517 62.992291 91.636249 4.758763 0.125000 20.504031 
63.803212 124.108770 61.385404 106.597422 5.548883 0.125000 13.000786 
112.242440 115.642407 111.921576 99.374081 2.696708 0.125000 11.184171 
96.845169 101.907336 83.810368 89.882093 4.451414 0.125000 8.821999 
13.064225 24.339326 13.438860 36.828088 1.473758 0.062500 0.465614 
25.562953 53.192091 33.344012 60.388184 3.670823 0.125000 0.149785 
