72.166709 61.884288 71.572754 0.603699 3.761939 0.125000 120.866310 
161.810865 5.609830 163.063351 0.314746 3.615734 0.062500 0.616176 
20.043363 26.340542 25.392598 32.091180 4.640131 0.125000 1.034919 
24.992531 32.730258 10.892364 55.322030 4.896092 0.125000 35.423830 
92.256086 19.364520 92.089908 33.142668 3.840178 0.125000 8.084162 
0.511801 19.715889 20.768598 26.442566 4.731725 0.125000 31.500055 
81.479212 85.669525 82.525632 65.593759 4.135313 0.125000 21.402828 
12.142226 51.738322 0.370306 54.563891 5.105162 0.125000 9.886491 
144.379531 3.859635 158.106490 3.980321 5.032775 0.125000 4.191864 
118.132415 15.400167 105.645999 14.988337 2.622258 0.125000 0.218275 
148.102239 43.442720 156.908026 43.227735 3.809900 0.125000 1.855669 
160.620415 17.077766 140.602386 16.625144 0.737386 0.125000 3.776944 
172.134393 19.425793 173.830673 10.763182 3.150734 0.125000 1.697763 
139.315498 19.323255 158.205134 20.261261 3.621395 0.125000 7.949579 
116.869229 1.045027 143.114273 1.405651 2.705855 0.125000 17.058749 
110.562770 18.316405 120.674789 17.721961 5.504873 0.125000 5.388241 
132.766504 42.694609 144.553991 43.967580 5.677024 0.125000 5.241318 
121.599814 47.409574 132.405172 43.253338 4.128359 0.125000 6.126021 
174.418818 88.237131 83.107814 86.561561 6.558451 0.125000 264.563286 
104.396799 47.626527 116.927500 48.174525 3.855646 0.125000 14.081748 
93.892144 40.748115 95.687704 47.790297 5.462660 0.125000 2.249350 
98.536776 29.344436 97.508095 15.485230 2.304663 0.125000 0.218275 
74.526003 66.875180 74.503687 85.625153 2.519339 0.125000 12.058439 
80.835538 64.012397 73.041776 64.780099 7.463878 0.015625 5.474894 
129.450421 26.186223 97.929763 30.422209 3.290574 0.125000 28.242380 
107.622734 -0.376919 99.849894 13.217075 4.652135 0.125000 4.820313 
166.158086 7.028724 162.875123 18.413402 6.005299 0.125000 7.479874 
141.951543 26.660825 135.221000 24.255437 2.655449 0.125000 0.164584 
164.448144 21.975501 155.159630 28.735570 4.688448 0.125000 0.553250 
157.011196 25.144401 149.309971 26.507634 5.141340 0.125000 0.149785 
73.195907 86.945408 44.249943 85.205424 7.513806 0.125000 62.636729 
10.644890 66.324628 53.134571 67.860170 2.182358 0.125000 35.537042 
54.224003 66.799887 70.159494 34.765243 7.851380 0.125000 76.897221 
11.702130 9.366370 11.138800 20.650650 1.684717 0.125000 1.970764 
66.152233 68.145440 66.976686 46.878942 1.684871 0.125000 8.756152 
50.607264 70.018645 10.603195 68.916294 2.189164 0.125000 30.257893 
86.780055 58.121724 86.871409 20.621946 2.566985 0.125000 10.585534 
0.629719 80.258087 43.122691 80.804549 2.114023 0.125000 22.371880 
109.375017 69.369253 86.875224 69.301068 1.272723 0.125000 5.583124 
53.119857 80.935396 71.885417 81.246354 1.498354 0.125000 0.218275 
94.375000 66.875000 136.875000 66.875000 1.250000 0.125000 20.032564 
51.343838 78.048206 52.280126 71.572130 4.948549 0.125000 2.560371 
131.875000 126.875000 154.375000 126.875000 1.250000 0.125000 5.583124 
69.375000 94.375000 46.875000 94.375000 1.250000 0.125000 5.583124 
128.125000 64.375000 113.125000 64.375000 1.250000 0.125000 0.164584 
