104.445640 83.861984 75.591709 82.705868 3.797038 0.125000 52.543804 
21.909547 80.814448 0.560046 80.118993 3.788709 0.125000 37.191274 
61.875895 81.812665 46.878983 81.597438 3.749614 0.125000 21.838744 
74.443313 82.691782 61.614866 83.764711 6.749165 0.125000 12.593266 
46.883919 81.381938 30.621553 81.298723 3.775535 0.125000 9.284128 
18.673948 0.491579 24.451943 78.397417 6.647371 0.125000 192.599232 
40.602994 76.383332 103.195380 78.199687 4.200215 0.125000 91.773129 
103.049902 0.628834 107.206845 82.049514 6.571598 0.125000 141.587737 
105.629183 96.819726 174.458009 102.028013 2.714920 0.125000 73.290013 
31.801749 78.041808 26.318910 0.487572 4.634947 0.125000 125.915597 
53.011343 92.938252 60.690831 93.759156 2.485838 0.125000 1.067674 
63.101097 95.875755 78.121687 96.006279 7.554025 0.125000 23.160805 
76.922010 96.529851 105.602219 97.003731 5.185174 0.125000 25.647125 
114.447122 83.195267 109.516410 0.541995 4.636588 0.125000 158.927037 
0.266258 99.642449 24.492801 101.805779 8.048257 0.125000 91.830952 
99.429998 5.970625 49.306811 13.946474 2.160783 0.125000 23.717815 
100.544526 11.303977 54.331561 17.816769 1.985616 0.125000 20.494369 
0.622847 89.406264 51.887933 92.937225 2.624538 0.125000 52.342753 
69.372451 18.104605 93.218678 15.124622 1.860694 0.125000 9.438675 
64.317400 13.972800 90.566095 10.213688 1.943132 0.125000 11.086358 
42.965918 26.887114 100.637931 19.475618 2.375133 0.125000 25.725112 
100.599490 16.678845 50.631769 23.177053 2.256838 0.125000 20.297755 
50.601206 6.753569 83.078893 0.389694 1.947758 0.125000 13.717433 
103.126658 74.297056 40.628354 72.967375 1.914425 0.125000 45.808266 
43.121586 58.021232 101.890229 56.087947 1.717778 0.125000 48.052778 
43.092456 31.597939 100.678882 24.833718 2.112511 0.125000 31.512086 
43.042838 36.080498 100.573915 30.131016 2.058555 0.125000 36.619322 
43.125021 66.894723 103.124956 66.832295 1.252601 0.125000 32.675824 
44.326110 44.951813 100.642201 40.861851 1.901401 0.125000 41.416722 
100.539146 27.360694 43.062322 33.817018 1.912622 0.125000 24.890011 
101.843111 37.756539 43.100383 42.840563 1.724499 0.125000 30.652939 
42.923092 13.304053 87.971525 4.810950 2.204837 0.125000 13.000786 
44.387289 53.409112 101.887844 50.921935 1.897049 0.125000 42.294314 
101.860504 47.870113 44.333304 51.141854 1.715225 0.125000 37.669546 
115.334077 0.487852 120.469924 83.212232 5.764948 0.125000 217.448797 
43.086337 22.916551 68.151428 18.267483 1.912922 0.125000 5.664267 
44.363893 40.498858 100.617991 35.545400 2.083247 0.125000 30.377188 
43.119027 49.281875 101.867880 45.513990 1.680104 0.125000 29.800836 
101.883722 63.771000 40.628012 64.598064 1.469271 0.125000 37.191274 
43.126400 62.032100 101.882873 61.508484 1.339063 0.125000 30.869644 
101.884022 58.553686 43.133737 59.790134 1.815608 0.125000 35.855781 
100.570537 32.568908 43.131798 38.194408 1.660847 0.125000 29.832985 
86.962960 2.365395 55.600908 7.990684 1.765486 0.125000 10.390293 
101.875503 53.136252 40.636159 55.874555 1.730968 0.125000 45.362773 
31.814185 101.585493 65.610204 100.250443 6.393151 0.125000 78.141390 
101.868704 43.033627 44.383240 46.994587 1.632592 0.125000 28.099339 
100.629013 21.907138 43.089670 29.092069 2.168383 0.125000 25.447035 
43.116454 71.123694 103.120253 72.152013 1.378329 0.125000 31.136691 
69.263176 0.144935 51.835283 4.204492 1.784562 0.125000 0.883796 
103.124869 69.121247 43.125530 69.152212 1.280965 0.125000 31.772734 
43.199361 18.470628 63.085658 14.192139 1.392400 0.125000 4.680034 
86.838290 105.262390 104.411637 105.989382 4.056797 0.125000 5.682535 
66.741674 103.215756 85.677332 105.098736 3.731595 0.125000 24.120316 
26.026409 105.513738 27.049396 120.697468 3.993598 0.125000 14.553849 
36.065447 71.899140 35.468482 51.879667 2.610662 0.125000 0.553250 
