93.163909 69.448400 94.165354 51.863061 5.702607 0.125000 14.953352 
94.827877 52.021483 93.412996 44.322076 6.372993 0.125000 0.614840 
69.447980 40.590329 69.004351 55.650902 5.365877 0.125000 22.329341 
96.862933 46.121415 124.407428 46.790960 3.991898 0.125000 28.914605 
114.844330 44.437773 113.222380 24.266658 5.184291 0.125000 14.348050 
86.869725 18.595994 73.107452 18.441867 3.847752 0.125000 15.860896 
110.634959 22.909458 95.551648 22.212528 2.381945 0.125000 7.697740 
69.964362 19.430827 69.357890 39.412420 6.019592 0.125000 24.731049 
81.647748 50.721411 82.073436 40.686443 3.746630 0.125000 8.756152 
88.089560 41.869567 86.778901 50.418629 2.063406 0.062500 0.616176 
100.685615 44.375472 100.802544 29.366645 1.327867 0.125000 0.164584 
98.098774 24.779546 110.627157 25.591724 2.193220 0.125000 1.653093 
166.866551 81.930105 143.100307 78.286045 2.751141 0.125000 20.626123 
69.374908 82.198853 84.374907 82.203099 2.500708 0.125000 3.508045 
93.188585 96.930236 93.719899 84.294891 4.166815 0.125000 6.119189 
127.000660 29.377834 126.577348 48.146479 1.362424 0.062500 1.407712 
126.478352 50.622664 126.316362 78.129072 3.830909 0.125000 21.127438 
90.145680 30.743843 87.592681 20.447057 3.629800 0.125000 0.149785 
67.546287 61.820975 68.445861 72.998577 4.439845 0.125000 4.658263 
111.858475 17.286006 98.080490 16.732035 4.198935 0.125000 10.225862 
67.620005 85.596320 68.375371 138.139371 8.928779 0.125000 91.739317 
86.857821 27.205720 71.833430 26.425303 3.015368 0.125000 14.081748 
90.649319 84.914311 69.371584 84.650398 2.670339 0.125000 6.677210 
73.111083 23.703972 85.633894 24.004987 1.550019 0.125000 3.776944 
119.416480 77.706065 99.366730 77.207751 7.777205 0.125000 30.079200 
143.291892 82.322217 165.644149 84.139469 4.041542 0.125000 20.136217 
24.273450 78.843624 34.382034 76.911804 2.455561 0.125000 1.697763 
113.596547 116.755160 115.367119 86.785915 6.460284 0.125000 34.135204 
94.618085 43.255192 93.819243 29.407059 3.118776 0.125000 0.294986 
119.396195 50.442870 108.152995 49.134442 1.675101 0.125000 0.164584 
111.003959 133.245578 112.213881 116.900085 6.232947 0.125000 1.225223 
95.533746 82.467867 110.620547 83.214928 3.683590 0.125000 4.057129 
86.880227 130.625274 88.323050 103.069919 11.430695 0.125000 60.413169 
92.249189 104.104145 93.032798 97.953986 7.913820 0.125000 2.742210 
107.913541 99.310280 101.809849 119.252800 7.609930 0.125000 33.149115 
138.734657 79.355403 139.460807 55.627626 2.575303 0.125000 1.232649 
128.662235 46.849576 129.552840 21.881343 1.650233 0.125000 11.904754 
64.375000 84.375000 36.875000 84.375000 1.250000 0.125000 9.195484 
140.537516 75.428616 165.572497 77.507326 2.392493 0.125000 3.141359 
174.711434 16.883637 173.524118 63.135246 1.602445 0.125000 31.772734 
35.625000 55.625000 35.625000 75.625000 1.250000 0.125000 3.776944 
127.968663 14.369521 128.451522 0.592634 1.293017 0.062500 2.873854 
83.487574 103.110048 83.230265 96.870659 3.746815 0.125000 0.820776 
36.875000 81.875000 64.375000 81.875000 1.250000 0.125000 9.195484 
36.875000 0.625000 36.875000 50.625000 1.250000 0.125000 24.548014 
33.124458 84.218167 14.374682 84.282950 1.280225 0.125000 1.970764 
90.625000 8.125000 111.875000 8.125000 1.250000 0.125000 4.680034 
140.321729 31.903520 141.000064 9.386299 1.934275 0.125000 1.720471 
14.375000 59.375000 14.375000 40.625000 1.250000 0.125000 2.873854 
