48.646711 81.882260 47.849102 1.865290 3.247439 0.125000 137.047170 
61.913926 80.799381 49.209861 83.635201 3.579575 0.031250 0.364103 
85.244971 100.626546 84.838143 0.618031 5.386408 0.125000 224.858683 
58.277276 9.240549 60.106966 79.355899 8.985743 0.125000 136.604119 
15.349522 90.166593 0.140296 92.619055 6.210417 0.125000 8.168637 
104.427788 86.732286 96.843926 86.444837 2.782272 0.125000 1.067674 
95.627769 86.446325 86.873654 86.475836 2.525269 0.015625 7.459493 
174.391434 83.496399 98.149266 84.269162 7.132217 0.125000 130.509042 
105.780057 38.616400 117.069399 40.923923 2.674359 0.125000 0.883796 
128.166199 39.396724 127.469229 0.614321 2.971267 0.125000 48.447225 
14.702965 0.602091 16.010354 90.655700 5.342068 0.125000 123.863596 
106.905403 6.871459 106.936899 29.378412 6.274483 0.125000 27.794034 
89.355952 100.798912 174.395686 99.293643 7.233355 0.125000 149.222168 
139.380717 46.970528 128.021784 47.650318 4.116674 0.125000 10.225862 
0.414056 112.612273 64.611707 86.200348 2.721589 0.125000 71.482093 
112.660156 46.290090 99.382094 40.608421 4.105098 0.125000 12.049956 
165.473753 40.635133 164.806762 30.679821 2.661529 0.125000 1.697763 
95.627272 80.071072 165.626526 79.842551 1.445870 0.125000 69.770588 
26.652044 -0.385962 42.147893 15.356380 2.728285 0.125000 1.575894 
91.046887 19.407711 92.217899 4.304668 2.782405 0.125000 8.567595 
139.883582 29.356665 140.471892 45.675583 2.813617 0.125000 5.301648 
163.174111 30.339610 154.319780 30.790412 2.878121 0.125000 1.720471 
149.771172 12.193208 148.208612 1.862354 3.707828 0.125000 1.454630 
44.513303 107.032138 57.136430 95.922033 8.107539 0.125000 10.671971 
41.855302 18.145631 22.652013 -0.188834 1.767294 0.125000 7.689797 
65.598335 86.245931 83.119703 86.998354 2.712216 0.125000 4.304398 
149.369606 18.123107 145.442640 29.310991 2.772899 0.125000 1.034919 
85.568513 113.123961 85.706788 105.603521 6.248944 0.125000 2.246834 
64.371329 62.907149 81.866360 62.612315 1.460448 0.125000 1.067674 
7.445061 19.373424 7.392913 41.873303 2.549245 0.125000 4.824161 
43.400378 73.120110 42.445784 19.364864 1.516133 0.125000 33.717641 
61.195520 111.633768 58.805240 118.366501 5.894447 0.125000 0.434640 
64.331193 103.668746 83.163805 102.500603 3.974964 0.125000 21.306669 
63.125000 19.375000 63.125000 0.625000 1.250000 0.125000 1.970764 
166.897552 73.134351 172.862897 58.748002 4.224490 0.125000 8.717065 
86.866308 121.549222 84.476222 112.442315 7.631838 0.125000 8.233892 
34.364966 105.541970 43.286790 104.463762 2.481941 0.031250 3.277007 
81.864501 60.063214 68.119302 60.320092 1.436635 0.125000 0.164584 
