156.739958 0.605619 155.760124 70.626891 2.997563 0.125000 85.367959 
146.195606 93.104053 142.794474 0.453587 10.028070 0.125000 217.702536 
162.879597 0.613623 162.375461 66.878807 3.902044 0.125000 47.661005 
156.921514 72.913870 174.403797 73.470407 3.827647 0.125000 25.451104 
0.579749 96.515242 141.858662 92.543807 3.256778 0.125000 153.007774 
80.633295 55.284649 140.628124 56.746813 1.767370 0.125000 35.109332 
174.409792 94.455616 146.896956 93.637038 2.424546 0.125000 17.040467 
63.093142 33.735200 134.344707 37.455210 1.714522 0.125000 39.990706 
153.269935 51.868983 152.749707 39.338684 1.300776 0.062500 1.669734 
152.198498 35.635064 153.288726 0.591206 3.126280 0.125000 46.565806 
41.875000 54.375000 71.875000 54.375000 1.250000 0.125000 11.001664 
159.818591 68.134294 160.237448 48.143070 1.616306 0.125000 4.658263 
