92.558173 61.919231 93.379749 49.229633 5.151075 0.125000 8.442135 
73.981399 31.860868 74.642314 71.911843 3.708240 0.125000 57.118278 
94.374335 46.542904 114.376758 46.502841 3.770022 0.125000 15.743835 
91.182607 68.367878 94.268150 61.283994 3.789519 0.125000 0.050694 
113.209537 72.247578 79.411969 68.991293 5.411012 0.125000 31.749718 
74.706337 70.438571 71.887118 103.233498 10.177377 0.125000 68.798943 
29.257491 8.114458 26.780253 35.728636 4.963565 0.125000 30.132515 
116.049531 48.124182 116.124235 86.874038 3.754813 0.125000 22.263659 
94.038294 101.888896 92.797995 71.836906 5.150385 0.125000 44.021762 
27.291843 36.862492 27.009863 55.645790 2.781167 0.125000 18.226384 
85.489251 23.016704 74.102972 21.662875 4.965027 0.125000 1.668182 
26.623932 0.017422 28.537708 7.101205 4.174916 0.125000 5.583124 
11.875848 57.434792 0.623980 57.451841 2.511361 0.125000 6.486214 
108.274024 20.379341 96.826155 21.136109 5.071563 0.125000 6.370457 
96.855974 23.345136 106.889063 24.212292 1.891172 0.125000 1.970764 
7.305908 76.869879 7.097956 59.372350 2.663225 0.125000 6.848509 
13.627603 76.876642 13.688880 58.122758 1.299004 0.062500 0.293299 
174.042169 61.874725 174.083410 11.874759 1.291241 0.125000 25.451104 
138.098703 73.350557 128.089025 72.183572 1.820597 0.031250 1.681407 
111.257629 44.531601 109.886931 28.186896 3.945804 0.125000 13.821835 
20.513355 16.896613 17.345753 0.533869 2.106360 0.125000 1.855669 
71.243029 101.965700 74.608154 114.644877 8.457205 0.125000 34.902377 
98.795528 44.378979 98.768332 31.873601 2.499994 0.125000 5.219043 
22.885389 59.043201 19.259662 75.320882 6.372264 0.125000 26.150267 
39.554784 79.148483 26.787464 77.593907 5.869863 0.125000 2.282913 
90.638825 76.539177 76.860716 75.971965 2.652132 0.125000 4.232717 
25.647531 72.267145 39.495457 71.471494 5.493683 0.125000 15.291999 
109.015279 115.582426 111.530059 94.334175 5.553005 0.125000 16.741949 
149.433163 74.389251 151.526399 65.845854 3.963958 0.125000 1.855669 
0.267323 4.305738 8.858962 16.003998 4.707114 0.125000 3.770729 
87.576474 123.121408 87.448346 98.102859 10.031877 0.125000 26.120845 
22.286724 84.366304 22.762309 106.882661 3.696371 0.125000 7.236105 
117.584999 46.863875 118.048360 24.373421 1.558708 0.125000 5.219043 
106.732639 95.758780 105.059852 109.608691 3.273288 0.125000 0.731012 
115.502914 23.125941 115.666699 44.374679 1.269232 0.125000 3.776944 
144.024682 0.587681 144.544436 13.117972 1.300731 0.062500 1.669734 
8.372494 142.128209 16.596384 134.089950 1.250000 0.125000 1.067674 
138.125000 26.875000 138.125000 50.625000 1.250000 0.125000 6.486214 
22.229850 49.342713 20.865987 34.353073 1.250000 0.125000 0.164584 
140.625000 4.375000 140.625000 19.375000 1.250000 0.125000 0.164584 
141.875000 48.125000 141.875000 34.375000 1.250000 0.031250 6.486214 
