42.173957 50.619206 41.884531 98.125058 2.766492 0.125000 65.650313 
60.519040 98.122441 61.636936 51.839058 6.640554 0.125000 94.361882 
88.116058 86.856364 174.379664 87.482801 3.080870 0.125000 145.562072 
80.091715 0.624944 80.089147 81.875023 3.752489 0.125000 154.272937 
174.375779 90.243929 88.125848 90.321223 5.030243 0.125000 112.419287 
60.594193 48.456775 44.252950 46.939424 6.134288 0.125000 22.292077 
39.425970 96.112311 0.601962 96.774730 8.386210 0.125000 85.923417 
88.259387 89.782334 64.287157 88.242879 4.383154 0.125000 24.089710 
60.671927 100.602881 45.598399 101.178962 2.450438 0.125000 11.001664 
29.381214 50.519002 40.665712 51.180502 2.493573 0.125000 0.797908 
90.644266 95.855076 59.300033 98.479718 5.915288 0.125000 40.593404 
64.401393 93.481066 84.384253 91.999829 1.616193 0.125000 5.219043 
43.116127 98.526503 56.887026 98.830831 1.525869 0.125000 4.680034 
41.669476 108.085654 41.330910 120.610292 2.532865 0.125000 5.219043 
24.892419 23.136662 24.610831 35.630315 1.475011 0.031250 4.981064 
113.212197 93.663711 91.716073 97.143139 3.901550 0.125000 21.500653 
56.912444 54.896777 44.298000 55.802030 3.030431 0.125000 12.807844 
30.866113 0.690412 24.837753 22.911427 3.516440 0.125000 13.357671 
140.623122 130.663904 105.644288 128.975428 1.429353 0.125000 16.420204 
30.600317 129.631365 0.637375 126.746470 1.843239 0.125000 13.675756 
89.375000 141.875000 46.875000 141.875000 1.250000 0.125000 20.032564 
112.354316 -0.185307 123.474552 23.546924 6.261033 0.125000 45.797517 
35.723599 90.951414 21.864657 89.471882 2.220491 0.125000 6.486214 
78.125000 128.125000 63.125000 128.125000 1.250000 0.125000 0.164584 
