141.014994 36.876494 141.153874 0.622238 3.840952 0.125000 56.074149 
123.123836 2.832011 136.873816 2.848731 2.501518 0.125000 8.292394 
131.423294 12.412707 125.296602 7.265923 4.632436 0.125000 1.855669 
124.356811 15.729416 133.115797 15.662911 5.037819 0.125000 6.848509 
119.932666 21.993182 121.087876 4.323539 3.578914 0.125000 2.651501 
173.121716 61.305556 158.122065 61.233168 3.749956 0.125000 1.668182 
121.793638 40.631660 120.573885 25.731512 5.391275 0.125000 12.576327 
172.938908 25.602539 173.231789 6.876670 4.003667 0.125000 24.374822 
161.075824 41.859629 161.340180 28.114714 3.773343 0.125000 3.782874 
149.572752 54.319584 150.097936 44.347243 2.759496 0.125000 1.697763 
134.377532 5.573112 125.587463 5.144109 2.618896 0.062500 2.957812 
119.662557 75.688612 121.058609 41.944654 7.080224 0.125000 47.314248 
8.127959 88.431830 88.127172 88.682814 3.859788 0.125000 66.086993 
123.317149 25.571771 121.441910 18.802426 4.615017 0.125000 3.370729 
132.095336 66.905545 131.723746 54.379487 2.202378 0.062500 1.785718 
0.531626 61.000333 9.446909 60.048590 3.016630 0.125000 3.456020 
143.125682 39.385878 159.468187 38.361114 2.803912 0.125000 2.486513 
174.632678 73.200445 167.216445 72.412260 5.764623 0.125000 10.529091 
93.114010 89.035257 114.382190 88.347247 1.895993 0.125000 19.129474 
143.655177 0.039521 155.563643 10.823145 6.799835 0.125000 29.075454 
9.558241 67.900286 6.572417 82.074574 3.476948 0.125000 19.129474 
155.635886 74.830382 140.621579 74.624683 2.516889 0.125000 6.829207 
40.612619 90.360166 8.125186 91.878977 2.380523 0.125000 16.423266 
1.419817 86.788521 4.759424 69.210551 3.217476 0.125000 19.081657 
90.625000 0.625000 90.625000 54.375000 1.250000 0.125000 28.160374 
13.629286 0.611685 14.983307 51.891943 2.235178 0.125000 56.156164 
0.531957 51.196942 9.452575 52.648138 1.664722 0.062500 0.616176 
13.898977 66.867979 13.603783 86.882062 1.507949 0.125000 16.420204 
119.884416 84.428276 120.076932 78.070554 3.937449 0.125000 9.195484 
150.638929 89.948306 168.128605 89.523376 1.522882 0.125000 1.970764 
90.625000 63.125000 90.625000 79.375000 1.250000 0.125000 1.067674 
88.885799 53.133838 87.937243 0.628392 1.611054 0.125000 39.900544 
120.667027 105.624674 120.560293 91.865805 2.587193 0.125000 11.086358 
6.875000 19.375000 6.875000 40.625000 1.250000 0.125000 4.680034 
