114.019624 71.795247 114.612692 50.561812 4.306937 0.125000 23.879069 
116.107052 49.140608 129.801736 42.640512 4.038286 0.125000 1.939155 
126.878056 29.607682 153.139944 29.262736 3.995934 0.125000 33.270409 
152.633052 29.896816 164.416363 21.936226 4.170828 0.125000 5.101639 
156.575697 25.687022 157.247483 1.850269 3.678083 0.125000 33.536995 
40.252667 66.881207 40.721306 0.616841 2.924262 0.125000 102.464472 
155.626959 1.037469 129.377551 1.162130 1.368713 0.125000 8.292394 
125.518426 43.281627 124.952686 29.351539 8.945690 0.125000 20.741317 
128.341253 0.657259 127.764010 26.894559 2.966800 0.125000 32.663791 
86.730011 1.873003 86.213275 39.383104 2.826910 0.125000 44.415994 
31.631953 0.616600 31.449077 33.122604 2.640606 0.125000 33.717641 
71.583655 0.555810 70.570644 23.122560 3.522006 0.125000 25.698706 
113.127134 1.163351 88.123610 1.088372 1.324963 0.125000 6.486214 
114.948211 28.084740 114.272529 39.443263 2.718270 0.125000 1.855669 
69.407430 24.577516 43.105241 23.763213 3.079016 0.125000 36.403061 
63.136664 68.231127 39.381137 68.115381 4.963398 0.125000 10.562660 
115.646429 76.377445 100.587445 76.806306 6.283051 0.062500 0.387084 
115.079318 24.387466 115.500712 0.578553 5.286781 0.125000 32.829287 
22.666046 25.638590 23.096151 0.603030 2.864647 0.125000 27.912643 
67.466759 19.397053 68.168018 0.580019 2.777576 0.125000 20.935654 
44.387329 20.294680 66.902618 21.135072 3.151001 0.125000 28.798057 
20.353850 1.873737 20.254869 23.123276 1.348969 0.125000 4.680034 
61.903393 15.845213 49.378450 15.499885 2.809109 0.125000 14.614024 
63.688510 0.604236 63.235234 15.590527 2.763389 0.125000 8.756152 
53.134141 50.152865 64.379926 50.370604 2.596323 0.125000 2.576231 
65.861917 53.119676 65.783049 68.125831 2.572230 0.125000 11.904754 
42.965996 27.081136 53.117937 28.189685 3.727841 0.125000 0.664633 
85.584519 41.623444 103.139159 41.150178 1.941012 0.125000 6.009503 
100.736037 76.952279 79.359072 75.972542 3.917755 0.125000 14.382555 
112.878915 99.444443 113.769215 86.573700 10.666236 0.125000 23.122621 
165.472973 22.137897 174.396343 20.763580 3.516028 0.125000 5.219043 
47.977844 14.398383 48.243316 1.877509 2.684918 0.125000 4.480242 
108.695470 73.125701 108.705102 48.124742 2.500000 0.125000 3.770729 
149.405923 31.912437 131.638438 46.588610 2.723534 0.125000 6.633937 
151.696903 63.127646 151.436642 45.612939 3.693869 0.125000 1.921036 
43.688314 0.617937 43.508208 18.128941 1.429918 0.125000 4.680034 
0.606570 103.073762 35.976223 90.351446 3.249596 0.125000 51.446450 
139.303147 66.590004 150.473413 63.773752 2.729730 0.125000 0.218275 
127.006149 120.622561 127.285864 135.663851 7.521945 0.125000 21.327785 
161.837289 21.874171 162.303937 0.634424 1.496807 0.125000 2.873854 
51.850632 34.477305 51.227557 49.554868 7.441992 0.125000 27.936484 
83.636085 101.815753 85.418172 117.188783 11.894863 0.125000 34.409531 
19.731538 25.013016 0.295883 13.689916 3.324630 0.125000 18.816157 
84.691177 116.724299 85.671296 143.169612 11.427465 0.125000 76.246356 
40.059777 70.619058 39.928251 83.130816 1.368187 0.125000 5.583124 
112.404078 112.049272 111.487936 101.688171 8.605897 0.125000 13.158455 
57.180221 86.659329 50.975035 77.877663 3.184904 0.125000 0.426994 
113.787402 131.885118 114.017627 116.812264 7.499125 0.125000 33.415100 
82.335251 28.019660 80.609698 40.956418 6.112969 0.125000 4.691204 
158.957859 143.253522 151.381254 118.662251 16.911412 0.125000 86.661011 
56.852120 78.368594 68.003739 79.416023 5.328769 0.125000 4.824161 
50.590421 3.739062 62.010561 3.118100 5.060493 0.125000 12.806661 
114.941863 139.386448 114.904720 133.114460 3.786947 0.125000 4.680034 
150.661096 50.652192 139.527447 65.431501 4.499458 0.125000 16.898940 
126.611723 135.489237 127.079048 143.188487 5.142280 0.125000 8.509122 
149.006906 122.322983 140.745753 114.285702 9.782500 0.125000 27.300336 
82.742578 0.619969 82.397095 26.881868 1.545861 0.125000 22.741834 
86.178409 79.621974 83.084763 102.211860 8.160277 0.125000 41.883634 
142.014388 80.117409 125.408416 81.279157 9.252084 0.125000 31.610997 
158.133842 118.117671 152.307581 111.088658 5.748594 0.125000 0.940023 
153.291819 105.513342 148.277996 98.022594 3.256931 0.125000 0.218275 
147.541506 88.769512 139.623196 81.600849 6.223425 0.125000 0.220401 
174.357546 79.747630 143.117535 78.284370 1.424086 0.125000 11.416468 
146.198714 98.922558 139.369366 93.131645 3.005138 0.125000 0.050694 
13.993446 26.221217 28.856048 35.732663 3.916724 0.125000 18.743487 
37.844154 96.835829 29.383699 106.882326 6.743356 0.125000 15.716783 
25.406962 0.631824 26.228928 26.895220 1.444899 0.125000 6.985969 
30.898873 106.187520 16.424129 113.480083 3.945450 0.125000 13.717433 
39.883778 134.379054 40.053177 113.120443 1.399365 0.125000 16.420204 
30.649971 99.428273 14.444887 107.024098 2.122099 0.125000 8.756152 
