66.396466 103.132371 64.817452 0.618185 3.922817 0.125000 109.141555 
75.339361 55.588125 76.006322 95.639466 5.061746 0.125000 46.238358 
174.378346 57.328031 110.631825 57.798920 2.721533 0.125000 76.030865 
110.578316 59.364102 111.087911 115.632128 3.817768 0.125000 99.347558 
85.687167 53.552531 76.940349 54.824410 3.013596 0.125000 2.576231 
110.618536 54.953979 174.374661 54.339764 3.053803 0.125000 87.125151 
113.122456 41.243756 161.876771 41.444245 1.445318 0.125000 39.089723 
88.283506 136.897345 86.594788 54.406326 5.485050 0.125000 145.315318 
170.889143 61.914204 167.177812 86.919943 6.597446 0.125000 29.509894 
0.492627 106.027093 39.654184 99.913297 3.976105 0.125000 31.381816 
110.593967 16.875033 110.632227 53.126312 2.530342 0.125000 26.093022 
111.190042 120.643778 111.568586 134.451937 4.963867 0.125000 13.304151 
113.124047 61.963415 166.881275 62.542599 1.748199 0.125000 43.004826 
106.907776 139.271402 89.350652 139.773364 5.176574 0.125000 15.924938 
168.911451 0.596241 168.260234 39.398248 3.959231 0.125000 73.186596 
113.112587 85.758050 155.635118 85.285498 2.819324 0.125000 43.566117 
162.118321 39.408010 162.976299 0.594082 3.776709 0.125000 70.664644 
0.622860 61.554401 33.125566 61.629227 1.321939 0.125000 11.904754 
38.124949 61.837370 63.124904 61.803749 1.271853 0.125000 6.486214 
16.904591 100.150459 3.126954 100.676197 4.033255 0.125000 12.811411 
26.899257 96.943238 17.947397 100.125375 2.852499 0.125000 3.456020 
76.602884 39.001344 85.294730 32.671489 3.218034 0.125000 3.403198 
111.894063 134.932312 108.855207 140.332496 5.095158 0.125000 0.218275 
89.988687 140.039736 35.629130 121.862650 3.556437 0.125000 43.939680 
160.362692 83.518757 163.750670 64.265139 7.021944 0.125000 22.526659 
130.624418 64.321760 113.126508 64.512969 1.277243 0.125000 1.067674 
63.125803 64.674956 38.122635 64.741916 1.316947 0.125000 7.389304 
163.131988 66.633989 150.570062 66.269760 4.110705 0.125000 4.824161 
93.145040 122.455940 109.418795 121.894559 2.455419 0.125000 11.904754 
108.111488 118.977311 91.880225 119.528779 2.413668 0.125000 3.403198 
31.879668 64.699193 0.624160 64.541613 1.407535 0.125000 11.904754 
34.371686 86.291268 64.377161 86.440492 1.380530 0.125000 9.438675 
0.610088 86.972830 30.637414 86.584203 2.839501 0.125000 47.125264 
85.950184 29.365070 85.768951 0.616212 3.757805 0.125000 51.640714 
78.077238 86.098595 84.456888 85.706135 2.802290 0.015625 2.951974 
40.575979 103.755909 30.539926 104.550583 4.034305 0.125000 2.249350 
36.624071 62.240735 42.204870 46.995757 1.917934 0.125000 0.883796 
89.309071 0.597212 90.512533 51.877639 2.763257 0.125000 50.240914 
150.608634 66.559917 129.365144 66.188047 4.055718 0.125000 21.116024 
0.604667 93.650762 24.371028 92.983527 1.495065 0.125000 7.389304 
29.386583 104.428369 3.022005 110.150448 2.708244 0.125000 2.962376 
167.430509 90.406692 170.059768 97.097129 3.947360 0.125000 2.576231 
14.373398 90.696045 0.602210 90.385437 2.555737 0.031250 1.734895 
68.047523 120.863831 85.715702 126.595400 3.952719 0.125000 13.490504 
66.788181 3.126807 67.464941 35.638740 1.691968 0.125000 20.032564 
87.756214 50.628312 87.599074 33.129723 1.395870 0.125000 1.970764 
109.375000 21.875000 109.375000 0.625000 1.250000 0.125000 4.680034 
136.898454 103.531072 114.329349 104.834611 2.135456 0.125000 14.971112 
140.629300 44.139600 113.115647 43.637052 2.887658 0.125000 25.670416 
35.628029 34.775675 19.369509 34.898576 1.363349 0.062500 0.966439 
153.273939 -0.090715 141.099853 39.900084 7.799255 0.125000 117.159437 
35.625000 23.125000 35.625000 8.125000 1.250000 0.125000 0.164584 
167.251914 108.075077 150.590476 103.244069 3.601656 0.125000 11.349210 
