73.237145 40.619170 75.058416 75.654453 4.069405 0.125000 32.718253 
72.433159 33.956721 58.939887 15.951069 2.747758 0.125000 7.695231 
73.219849 10.635745 73.429118 33.133798 3.842850 0.125000 23.018413 
72.543615 0.599644 72.969644 11.833487 2.924539 0.125000 0.050694 
44.378145 124.041029 151.892154 125.053637 4.575970 0.125000 127.781545 
127.325788 20.623071 127.315195 31.875414 3.747645 0.062500 0.201474 
127.450422 45.604826 126.663858 71.906068 3.096735 0.125000 13.356699 
65.758731 29.279457 69.982277 35.191136 2.906609 0.062500 0.293299 
85.737905 41.878641 86.302898 24.356553 3.707767 0.125000 12.995593 
88.436549 38.108185 89.449209 56.870995 3.237398 0.125000 16.275264 
174.385593 129.471395 0.615811 127.875683 4.919442 0.125000 229.355351 
174.470707 35.910722 160.225512 40.682376 2.761765 0.125000 3.048414 
124.751116 71.850481 122.225070 33.102179 3.660740 0.125000 18.573553 
161.684440 26.880769 161.827446 0.617935 2.629285 0.125000 30.869644 
114.317151 41.969480 113.671627 24.493324 5.596417 0.125000 30.691227 
59.119991 58.096996 58.954446 74.383431 4.999742 0.125000 20.673413 
1.204392 50.627848 1.294637 71.877465 2.526521 0.125000 20.032564 
12.967464 43.773895 0.303471 40.699389 5.448665 0.125000 13.137834 
64.490852 75.647259 64.123004 56.904478 2.793853 0.125000 17.058749 
13.101373 98.125375 12.269104 45.618753 3.908017 0.125000 63.655232 
131.354391 8.070066 132.164602 0.391760 2.872809 0.125000 0.820776 
96.516905 50.775054 94.045466 24.289110 6.836529 0.125000 39.057462 
109.408479 72.552165 99.247914 73.054505 3.745425 0.125000 2.249350 
83.854291 23.237160 83.259483 0.588640 10.390356 0.125000 54.706938 
100.328290 25.614000 100.516106 41.890680 2.672907 0.125000 11.416468 
53.814109 37.606002 64.334300 45.678044 3.898248 0.125000 10.225862 
133.601899 69.376200 133.578517 5.624375 7.511461 0.125000 102.848903 
155.895572 48.399449 157.935173 55.678192 3.610915 0.125000 0.797908 
89.360851 0.542423 89.787717 6.930945 2.661111 0.125000 1.067674 
156.304750 57.500436 149.084349 49.642054 2.910825 0.125000 0.883796 
57.369693 18.711051 65.167092 28.760407 2.401183 0.125000 0.883796 
33.075590 10.046353 61.853704 12.164360 1.980622 0.125000 10.285789 
97.739195 60.436387 95.802646 51.563413 4.434630 0.125000 0.434640 
29.326821 15.011271 39.384727 14.751267 3.156050 0.062500 3.653215 
52.545919 76.878187 52.325715 36.872519 1.456390 0.125000 35.507777 
49.383581 12.866331 0.604330 11.248066 4.493971 0.125000 30.134216 
165.741598 51.891424 166.998803 42.966361 2.042201 0.125000 0.164584 
97.217918 71.941070 97.688034 60.606876 2.446050 0.125000 4.336995 
107.061261 45.624354 107.147913 70.624054 1.327980 0.125000 5.219043 
0.624070 14.801677 28.132111 14.861616 3.752715 0.125000 13.611144 
74.642024 75.640520 72.606150 110.667497 3.743682 0.125000 52.342753 
117.479644 74.821157 109.900530 72.589892 3.737418 0.125000 0.050694 
68.739262 56.923380 68.253003 75.660761 3.943307 0.125000 19.604676 
149.232887 73.128431 148.719485 51.860649 2.559604 0.125000 16.442587 
99.370442 17.408166 116.877682 17.296854 1.361238 0.125000 1.067674 
162.572984 80.632885 162.376357 66.867838 2.642576 0.125000 2.680153 
135.538851 2.544588 154.364812 1.658538 4.451052 0.125000 25.598574 
104.299253 70.622761 105.037743 45.644594 2.535849 0.125000 15.342597 
118.670579 19.373055 118.857748 71.872388 2.647047 0.125000 49.728693 
43.646963 28.130283 43.991628 75.627782 2.681342 0.125000 46.436886 
65.683965 41.899647 65.835401 56.898118 5.113328 0.125000 1.294393 
86.093770 99.054531 90.399984 122.150021 7.685290 0.125000 38.797233 
113.359366 115.799600 114.895117 91.748577 8.652561 0.125000 53.840337 
87.928815 79.255651 86.341168 98.493579 7.577399 0.125000 42.247734 
145.159348 51.859203 145.512166 69.377273 2.726025 0.125000 5.301648 
153.086927 125.478305 174.397820 126.213705 2.757170 0.125000 26.354194 
51.886907 80.387726 15.612528 80.814209 4.073040 0.125000 38.017888 
31.278196 1.785398 29.965906 10.526046 3.454618 0.125000 0.883796 
58.938706 80.619310 58.904933 90.627632 3.766851 0.125000 0.923527 
158.218693 75.280455 135.576522 73.950040 3.743543 0.125000 14.382555 
113.966412 89.708254 112.205255 74.337161 8.020407 0.125000 7.631529 
78.751903 26.864199 79.031791 43.109377 1.508211 0.125000 3.456020 
32.003136 58.090415 29.317551 48.140506 4.923367 0.125000 0.614840 
136.820966 37.731936 144.350510 36.696855 2.817179 0.031250 2.457839 
81.113601 65.669919 80.693210 46.845561 5.305746 0.125000 19.555565 
81.430761 74.445061 82.106136 66.677721 4.060743 0.125000 1.720471 
116.875000 69.375000 116.875000 48.125000 1.250000 0.125000 4.680034 
121.663818 104.223817 124.492251 76.887132 3.344148 0.125000 21.765382 
50.232681 30.613875 49.417049 59.376192 1.745558 0.125000 22.741834 
99.559797 54.372878 99.732196 69.385253 1.422163 0.125000 0.164584 
68.827995 79.356401 68.444477 90.635863 1.546619 0.125000 2.873854 
127.011545 76.876976 126.667878 100.622002 2.626366 0.125000 5.983381 
21.774056 48.126118 22.092527 76.886433 1.263764 0.125000 7.870688 
106.875000 26.875000 106.875000 40.625000 1.250000 0.062500 0.616176 
98.839616 95.599286 99.336966 109.421346 2.857974 0.125000 6.009503 
88.964788 131.440478 90.549750 143.622683 10.672161 0.125000 47.737596 
0.624420 125.034361 43.125486 125.071720 1.287357 0.125000 19.129474 
163.121569 28.802665 174.378658 28.735185 1.317414 0.125000 1.970764 
11.872795 33.222655 41.913930 33.901035 4.369882 0.125000 47.634464 
41.879481 75.007485 24.371504 75.131524 1.365092 0.125000 6.486214 
93.511052 105.680936 94.449416 99.204667 2.653408 0.125000 0.164584 
122.745743 17.387129 112.700539 9.948171 2.009078 0.125000 3.776944 
132.066468 96.894175 134.086728 76.720949 5.597909 0.125000 22.929543 
111.884954 9.058427 93.114208 8.468203 1.681521 0.125000 9.642303 
115.448957 0.800224 126.675584 12.079302 4.442065 0.125000 9.741820 
24.375000 73.125000 24.375000 58.125000 1.250000 0.125000 0.164584 
41.920630 26.600097 18.117136 25.887820 4.122195 0.125000 24.701793 
108.163632 88.955171 101.753008 89.253489 6.475667 0.125000 6.848509 
