104.564063 85.338465 91.582774 87.885820 4.642621 0.125000 15.342597 
39.361290 100.543538 24.365303 103.067384 3.905451 0.125000 23.644924 
63.583360 95.287449 39.586721 100.373855 7.556427 0.125000 42.414119 
24.096790 103.109795 10.456601 106.109178 3.930952 0.125000 9.563678 
90.400122 88.400517 63.742793 94.552135 5.434101 0.125000 31.623677 
134.675975 14.215415 141.327304 20.004294 5.290602 0.125000 1.198571 
174.404213 85.699829 158.133194 85.295358 5.278026 0.125000 6.767599 
114.430292 -0.479891 127.045091 14.422935 5.285063 0.125000 8.505876 
154.965253 85.710537 157.940910 21.692138 8.508407 0.125000 223.949713 
93.200618 82.369291 105.788473 80.443571 3.895903 0.125000 14.971112 
158.628127 20.712789 159.044498 0.540774 11.582949 0.125000 81.272214 
136.058048 30.492813 134.108438 79.414192 6.245043 0.125000 121.437679 
13.093624 104.593219 17.665550 0.495023 9.906015 0.125000 436.639693 
128.542849 79.426672 130.286256 23.153232 6.130880 0.125000 143.968062 
86.867181 0.444566 82.581090 89.709001 12.214616 0.125000 292.438536 
115.662254 29.254894 113.038228 83.059807 10.871310 0.125000 148.415291 
115.361057 10.590266 115.634036 28.163694 6.423978 0.125000 40.936505 
0.049049 137.904583 117.391101 91.942618 4.082251 0.125000 142.072358 
131.765041 92.723803 149.347758 93.644982 3.875662 0.125000 7.673113 
159.349902 81.027096 174.410706 80.581298 5.293681 0.125000 11.075185 
158.133270 93.303591 174.464021 92.547335 3.919457 0.125000 22.991712 
129.302681 85.777287 150.624838 84.372545 3.331017 0.125000 0.632889 
105.619910 69.422260 94.365824 68.210195 1.912067 0.125000 1.067674 
171.882828 99.233219 158.105811 98.472546 1.940110 0.125000 0.883796 
173.966638 11.868126 173.671801 29.384204 1.523310 0.125000 5.946800 
127.772577 106.919257 127.493738 96.823387 3.990145 0.125000 9.366697 
154.579485 121.872591 154.328665 100.581369 8.616872 0.125000 2.084274 
76.848725 116.722293 85.764914 115.188168 2.291704 0.062500 0.293299 
90.501838 117.916835 101.573859 111.366020 6.849251 0.125000 12.593266 
60.367413 127.521971 76.819251 120.494488 4.107057 0.125000 5.868963 
137.068509 0.639181 136.241814 11.920201 1.429372 0.031250 1.681407 
1.174594 0.618199 1.360369 15.631368 1.420037 0.125000 10.098574 
