59.373922 19.457072 40.610738 19.210554 2.729686 0.125000 11.507462 
174.652718 116.536211 87.269343 143.168863 4.180108 0.125000 156.350857 
134.400578 43.903654 96.807783 41.863682 3.715496 0.125000 34.668414 
66.802081 46.115925 49.316517 43.518739 3.892957 0.125000 10.884515 
75.598514 33.384162 39.343937 29.678944 4.012102 0.125000 22.995638 
48.022384 25.282312 68.188552 27.563091 3.726244 0.125000 13.490504 
77.020624 11.132831 50.326734 5.895098 3.897295 0.125000 19.016768 
46.792577 53.212707 58.153484 53.912711 2.416029 0.125000 1.653093 
88.187188 46.526564 116.914489 51.653747 4.130916 0.125000 27.684643 
49.527807 12.398757 75.672388 17.899782 3.605994 0.125000 20.494369 
98.192709 37.191630 136.830060 39.994499 4.063033 0.125000 41.894680 
87.098552 34.500536 99.123282 36.891141 3.685329 0.125000 2.486513 
50.736663 0.039931 74.572700 4.589126 4.911352 0.125000 21.698959 
135.584705 36.140696 115.511915 34.572245 3.174034 0.125000 18.883306 
112.028496 55.975160 89.128700 52.068892 3.906794 0.125000 13.631855 
165.624198 35.518375 174.383108 35.452461 3.768707 0.125000 3.370729 
25.687624 67.344450 45.668619 67.960679 5.074689 0.125000 5.125600 
161.838462 18.896914 174.455830 17.932630 3.159506 0.125000 7.653196 
114.394785 34.283539 87.090885 28.377033 4.029236 0.125000 20.297755 
76.006953 59.191767 90.945378 63.172820 4.589196 0.125000 5.983381 
31.916084 40.861736 45.474660 38.508714 3.531864 0.125000 11.184171 
68.355892 40.918626 85.747547 45.117400 4.231976 0.125000 7.337580 
113.153459 17.920999 145.546185 22.439960 4.808381 0.125000 43.204699 
84.109868 50.446972 69.391877 46.806764 4.266463 0.125000 2.319990 
134.423235 25.108633 121.799854 23.929457 3.966263 0.125000 16.751076 
48.127866 6.574756 40.616619 6.503059 2.511760 0.125000 1.067674 
96.777827 39.949720 88.271017 38.511398 2.655912 0.125000 1.067674 
121.139411 23.656666 85.930741 14.455117 4.411715 0.125000 35.221703 
174.500073 38.969361 165.575573 40.291320 3.892685 0.125000 1.855669 
30.599923 53.957286 45.546055 53.060002 3.967985 0.125000 10.529290 
23.143616 81.726945 29.451068 82.520023 3.553767 0.125000 0.820776 
174.413933 21.095874 161.896155 22.130866 2.491498 0.125000 4.336995 
74.325329 23.362626 61.597586 20.702150 3.670665 0.125000 0.731012 
86.927477 24.017571 113.162535 27.869344 4.254952 0.125000 30.932485 
136.910689 5.026775 111.850735 3.531724 3.520020 0.125000 26.408166 
85.559298 9.723086 95.898751 11.674686 5.307860 0.125000 2.835356 
117.052333 51.232485 128.204416 52.277462 4.549965 0.125000 3.274964 
114.382288 29.318311 141.909426 32.857224 4.516336 0.125000 41.692743 
152.389795 29.721034 133.522507 25.211779 4.174909 0.125000 15.910044 
78.101999 19.452842 85.339468 21.591343 5.503474 0.125000 0.149785 
174.385678 13.747469 160.618394 13.513205 2.542172 0.125000 10.098574 
174.493088 29.385409 158.035207 27.817566 3.496012 0.125000 11.219093 
19.371055 28.313117 28.117210 28.496511 3.176586 0.125000 0.050694 
104.238563 6.382025 84.431373 2.812212 3.003885 0.125000 11.219093 
159.406536 9.159734 174.449928 11.363531 3.560715 0.125000 13.675756 
136.810223 40.832871 149.624019 44.825885 4.401712 0.125000 16.275264 
96.964500 11.590288 113.183537 16.688787 5.008930 0.125000 11.075185 
168.053570 44.813604 174.538711 45.869765 3.500311 0.125000 0.820776 
159.301134 24.275995 174.399391 25.244935 2.414813 0.125000 5.962107 
113.124501 0.724952 129.374095 0.806109 1.306171 0.125000 1.067674 
169.576478 4.368442 158.022250 2.515821 3.504806 0.125000 0.434640 
36.927671 32.046825 25.554361 32.468146 3.701155 0.125000 12.304394 
160.656461 52.717791 174.516877 53.788659 4.407408 0.125000 14.495760 
111.887468 6.753793 138.117098 9.451822 3.602415 0.125000 16.437095 
21.241042 66.558604 23.542197 80.130376 6.162052 0.125000 20.673413 
91.829222 63.489021 130.604874 61.485494 4.519017 0.125000 33.449004 
146.803134 38.514136 135.700945 36.463777 3.366474 0.125000 2.036308 
71.828393 62.070126 59.438138 59.110661 2.441601 0.125000 0.797908 
139.446931 11.442811 159.515161 14.782863 3.695686 0.125000 12.898161 
28.582089 81.338780 42.811198 78.026819 4.953781 0.125000 10.526739 
153.131130 16.191431 140.605540 16.326993 3.736253 0.125000 3.274964 
142.965253 2.767212 155.510692 5.013425 3.470995 0.125000 4.658263 
25.834605 4.237195 36.926235 2.146860 4.219003 0.125000 1.198571 
145.658869 23.071040 154.187264 28.424097 3.446514 0.125000 2.560371 
140.810626 15.257404 112.009566 11.952354 3.440534 0.125000 13.913139 
16.130377 17.794062 18.264326 29.113073 6.373385 0.125000 4.746480 
174.223220 49.813142 148.808896 41.009163 3.404315 0.125000 10.912266 
155.624290 7.744999 140.622008 7.773015 3.763999 0.125000 2.835356 
55.480902 70.382544 63.180949 71.483801 2.993147 0.125000 2.873854 
112.637823 10.605342 103.565349 7.012921 3.970232 0.125000 2.847294 
142.168097 32.605389 164.292529 43.295680 5.045828 0.125000 24.422870 
158.615545 27.470393 145.811857 17.875649 3.003409 0.125000 4.067599 
43.143824 66.049549 44.649809 61.548701 4.746117 0.125000 1.970764 
43.156210 78.603319 73.191459 76.643534 3.308583 0.125000 25.181628 
82.347686 58.232643 83.824064 51.749537 4.489047 0.125000 0.883796 
157.550364 30.314859 165.234809 35.013184 2.187008 0.125000 0.164584 
87.680237 54.291642 86.690095 59.574621 4.376624 0.125000 3.776944 
99.360098 67.462050 83.120563 67.049803 2.530916 0.125000 0.664633 
73.022774 73.066313 85.835164 72.065492 5.841637 0.125000 2.282913 
95.337163 127.000917 174.347895 106.769147 4.517275 0.125000 116.230808 
160.200713 36.215484 152.885081 30.958898 3.045358 0.125000 3.776944 
133.126890 56.347894 113.122665 56.276149 2.544814 0.125000 14.971112 
174.430506 57.267070 159.412496 56.295444 2.979002 0.125000 3.851484 
59.032175 61.734075 56.731866 67.329998 3.943641 0.125000 2.873854 
150.218589 44.996576 160.659030 51.822954 4.144602 0.125000 12.933632 
64.367096 74.106985 51.841125 74.476407 2.720011 0.125000 0.923527 
55.156702 51.824752 55.701315 46.749066 3.995313 0.062500 0.966439 
158.011396 61.430681 165.710825 62.516333 2.999098 0.125000 1.697763 
96.857071 70.223856 155.657215 67.595773 6.822761 0.125000 96.229794 
143.722879 56.293614 157.646958 60.839308 5.577966 0.125000 11.075185 
175.456247 99.526556 112.016131 112.841843 15.707193 0.125000 276.955955 
112.236887 116.416371 72.948825 123.381210 7.742893 0.125000 67.399023 
161.798587 65.878148 133.828548 57.435328 3.454830 0.125000 20.114163 
156.713596 68.793193 174.894975 63.749329 5.486343 0.125000 14.491583 
95.256166 136.907528 174.670085 112.849037 4.531847 0.125000 107.932125 
159.343326 55.681049 145.297116 47.743278 4.021469 0.125000 6.633937 
79.400721 78.399164 97.987131 76.655447 2.331103 0.125000 0.149785 
134.367795 64.984244 108.121114 65.279373 1.488850 0.125000 8.533210 
68.097827 134.266489 96.036977 127.270199 4.550597 0.125000 33.131421 
72.228250 122.790624 19.102803 131.456275 7.804644 0.125000 101.336472 
36.918016 142.051586 60.774844 136.240129 2.724817 0.125000 25.670416 
90.499734 109.831458 60.459029 114.573599 6.888804 0.125000 57.003725 
75.757630 142.438760 94.638905 137.996761 4.151117 0.125000 9.569680 
18.230921 131.431226 0.382105 133.776184 4.369347 0.125000 23.879069 
60.730815 82.684056 35.508318 85.982856 2.698384 0.125000 27.457351 
28.066975 90.204812 61.862961 85.537818 2.393913 0.125000 32.822801 
34.399446 86.072052 0.613766 87.919559 2.564523 0.125000 35.507777 
0.579716 91.051555 29.380099 89.467717 2.427590 0.125000 29.966554 
0.110806 49.222073 14.537625 52.382686 5.419173 0.125000 10.792579 
74.388257 104.506265 51.740528 106.793468 2.851828 0.125000 23.884372 
60.294336 115.575399 45.907648 119.235883 7.906360 0.125000 17.173606 
53.789260 105.222517 0.239876 112.959458 9.553811 0.125000 125.433335 
149.488636 76.786460 68.039910 84.755302 3.137762 0.125000 82.329213 
111.352812 106.202526 91.012349 111.012892 10.084970 0.125000 69.851471 
65.618357 88.054452 146.970954 80.394010 2.153897 0.125000 64.631293 
35.761292 120.553708 18.064293 122.599986 1.520611 0.125000 1.653093 
16.819449 66.356250 0.568276 65.121686 2.492817 0.125000 11.904754 
0.617118 69.903725 16.882138 70.146198 1.492083 0.125000 10.098574 
174.384804 124.418646 163.140611 126.944496 1.767543 0.125000 1.067674 
0.626687 79.470299 19.392934 79.138083 1.250000 0.125000 1.970764 
