51.558472 22.536834 35.754080 31.042126 4.827262 0.125000 11.554906 
32.430157 47.218339 41.907053 31.894823 5.721194 0.125000 25.999241 
35.536091 31.322154 26.377169 46.576087 4.286651 0.125000 7.337580 
0.551016 65.692429 15.643812 66.540008 2.916588 0.125000 8.567595 
42.349193 31.662968 55.704027 25.561842 5.263553 0.125000 18.076861 
75.953413 27.849947 52.226969 22.740561 4.531037 0.125000 13.190779 
25.590118 16.518633 91.836768 19.104472 3.942166 0.125000 95.931010 
0.619550 56.318430 19.378216 56.465864 1.387499 0.125000 2.873854 
0.617802 94.533314 15.623799 94.610012 2.557467 0.125000 7.870688 
53.666592 80.858201 36.500413 72.659278 3.434331 0.125000 13.137834 
40.479438 80.250700 61.562467 83.755197 4.105899 0.125000 17.893882 
18.233399 71.027764 0.400194 72.197383 8.220188 0.125000 48.572184 
0.613828 50.173975 19.377638 50.436349 1.477080 0.125000 2.873854 
78.597766 71.516724 60.798965 80.953129 3.313164 0.125000 13.821835 
0.608920 87.571268 15.668818 87.133950 2.861776 0.125000 11.904754 
63.813852 26.000529 79.310053 38.207447 4.553017 0.125000 9.741766 
28.586307 44.305717 27.368540 58.168355 4.063770 0.125000 0.891631 
30.063857 68.648196 41.675887 79.653942 4.299408 0.125000 20.504031 
14.389022 98.279109 0.609291 98.102802 2.643723 0.125000 14.614024 
58.581611 85.297867 79.627328 74.884987 2.853608 0.125000 20.626123 
43.250978 96.959599 29.154610 98.290205 4.742933 0.125000 18.743487 
22.206873 50.621903 22.375535 0.618256 8.783680 0.125000 153.222550 
40.583602 74.396188 32.330830 57.896997 5.591462 0.125000 19.795299 
19.355879 53.521655 0.589231 52.617009 3.098963 0.125000 16.200067 
140.594902 86.416310 174.526890 84.189758 4.252651 0.125000 33.505797 
32.649245 56.973921 33.946529 46.820256 4.167590 0.125000 8.509122 
104.602581 93.706204 61.831106 99.021809 10.224830 0.125000 111.315326 
50.677287 97.075856 44.345414 97.304047 3.927643 0.125000 4.680034 
82.587410 55.945167 74.783956 73.308790 4.278910 0.125000 12.054691 
18.218376 61.104623 0.567372 62.057534 4.418393 0.125000 9.277472 
27.794689 59.043977 31.299682 68.781985 4.281218 0.125000 9.366697 
55.622959 96.809232 51.837806 96.926722 2.576358 0.031250 1.970764 
90.095438 20.610996 90.824555 58.121121 6.127356 0.125000 100.155005 
93.055380 81.047015 120.629785 85.595998 2.861041 0.125000 24.830979 
78.876168 39.208013 82.230276 54.296021 3.390268 0.125000 14.541222 
164.386525 57.199470 133.131556 58.309592 2.897753 0.125000 29.832985 
74.911050 76.204567 83.365449 68.384969 3.739556 0.125000 3.851484 
164.465792 86.215100 174.448799 87.588610 2.135917 0.125000 1.067674 
82.352463 36.458859 75.151202 29.787185 2.953172 0.125000 8.292394 
36.750795 0.604715 36.868553 14.396401 5.117216 0.125000 36.288184 
13.128972 89.931570 0.620689 90.020829 1.339166 0.125000 4.680034 
94.176190 62.298718 112.364110 70.832577 3.185785 0.125000 18.883306 
87.325694 56.775959 82.902790 36.649141 5.124620 0.125000 14.348050 
120.384933 94.079871 105.426168 92.451159 8.022089 0.125000 34.244782 
126.887170 48.204459 156.947819 43.600450 4.285561 0.125000 29.690649 
174.626260 93.060707 134.307167 90.404755 8.238096 0.125000 93.024674 
109.478994 72.907457 91.829442 64.470301 2.943254 0.125000 9.449320 
138.205454 97.642815 122.979689 99.238211 5.363571 0.125000 8.821999 
82.232563 68.768039 86.542990 57.992193 3.713973 0.125000 10.529091 
174.797815 107.918133 139.170859 97.578395 3.408253 0.125000 45.248119 
133.367123 58.149398 132.999325 80.643384 3.912986 0.125000 27.321409 
111.646453 70.908984 121.916256 81.768142 4.195896 0.125000 8.275987 
93.124354 86.753947 103.117402 86.700644 2.553304 0.125000 0.820776 
0.606070 101.343564 20.625196 100.630489 1.694172 0.125000 11.001664 
123.467228 81.837032 123.047518 91.871759 2.811235 0.125000 1.034919 
51.555426 105.160738 22.663661 118.365606 6.399367 0.125000 61.885678 
96.870886 58.321000 119.387203 58.793664 1.669474 0.125000 13.710934 
156.833710 99.712175 174.386868 100.168821 2.434139 0.125000 11.184171 
14.572816 121.132068 0.099633 126.778311 3.493566 0.125000 11.925485 
90.359707 65.602449 90.618518 76.903775 2.728294 0.125000 10.098574 
127.498528 55.937135 126.554592 50.262444 5.547555 0.125000 6.985969 
140.713216 95.248879 155.764763 98.779104 1.863086 0.125000 5.583124 
129.185515 70.649703 127.402038 56.969250 4.203307 0.125000 9.079857 
49.589482 15.544765 41.937048 0.593243 6.781538 0.125000 23.717815 
26.898644 90.179112 59.370569 89.224304 1.727070 0.125000 21.838744 
14.406656 104.579446 0.600557 106.717137 4.470907 0.125000 2.651501 
118.282144 82.970785 109.615217 74.139260 1.817572 0.125000 1.970764 
71.969675 122.339055 60.679561 124.642433 2.224268 0.125000 0.820776 
9.580970 32.074154 0.355962 41.614864 2.070879 0.125000 0.820776 
121.120860 76.895387 121.738647 61.869394 2.703289 0.125000 4.339063 
121.875000 53.125000 121.875000 25.625000 1.250000 0.125000 9.195484 
124.537237 24.397475 127.859564 0.415064 4.572160 0.125000 25.887238 
166.483041 142.500473 133.250401 121.674890 2.527928 0.125000 23.550741 
135.870410 0.495512 134.713201 20.644424 3.815503 0.125000 9.277472 
174.504106 124.091980 135.348809 106.230454 2.652937 0.125000 30.234216 
130.616817 106.984138 119.336510 106.138319 1.620361 0.062500 2.873854 
29.180630 14.364569 29.919984 0.587166 1.382172 0.062500 2.873854 
