31.890506 72.246852 0.642715 73.549838 1.717615 0.125000 18.226384 
0.587576 70.998574 30.639533 69.715352 3.159994 0.125000 33.374216 
70.638132 64.938543 0.588785 66.570834 4.214896 0.125000 97.027060 
0.564375 77.011923 31.918385 78.382474 5.759463 0.125000 24.678145 
26.808830 51.948988 174.439857 59.327300 8.675054 0.125000 338.458087 
118.269683 127.407664 108.856094 129.964606 7.014430 0.125000 8.181183 
31.874648 70.069006 66.875426 70.046824 2.512675 0.125000 37.298484 
158.526165 142.166832 174.964284 137.889846 5.104352 0.125000 6.790762 
136.444002 122.972267 122.125416 127.371738 6.528436 0.125000 20.694162 
166.813450 117.887449 159.785276 119.708458 6.094264 0.125000 2.486513 
128.308196 136.578483 157.192748 131.028788 4.765347 0.125000 23.122621 
175.369554 114.187512 166.949187 119.492748 7.794399 0.125000 0.341111 
102.076189 142.667876 119.709558 138.193473 3.978561 0.125000 7.479874 
159.290359 131.509046 174.626406 127.961975 4.689110 0.125000 5.552885 
0.514625 50.936245 28.062221 51.684926 7.055756 0.125000 52.044618 
164.877375 103.233297 148.223227 108.439234 14.242588 0.125000 25.695521 
80.592507 112.641556 64.371652 111.953987 5.366076 0.125000 0.154156 
165.619920 98.169367 150.531479 96.441813 4.294420 0.125000 15.342597 
129.393920 106.712731 121.706932 105.816463 5.400647 0.125000 0.923527 
114.317480 111.349906 102.940738 110.447176 4.588833 0.125000 0.614840 
54.363242 111.801593 41.785502 113.816251 2.270833 0.125000 0.050694 
174.812985 3.085832 163.050501 1.056901 4.927236 0.125000 6.677210 
120.704480 104.937156 106.877417 106.892093 2.375353 0.125000 2.510782 
68.034263 70.290585 80.624831 66.874376 1.982502 0.125000 3.776944 
9.414846 59.654666 28.140907 56.986649 1.413817 0.125000 4.680034 
