174.431919 63.692888 163.116240 63.902830 5.161452 0.125000 12.806661 
128.835069 91.914675 130.935501 54.322506 6.867873 0.125000 76.234805 
174.523887 81.708936 140.893310 86.328364 9.205997 0.125000 74.181334 
153.998453 7.876070 149.556154 36.902724 9.115589 0.125000 44.406634 
128.188898 54.705269 76.820710 56.782342 4.100456 0.125000 40.197782 
160.611947 77.973804 174.688686 76.758552 6.656892 0.125000 3.451497 
151.638479 34.023219 161.626952 37.572969 6.385661 0.125000 3.770729 
164.359266 39.280691 174.494257 37.589819 4.520433 0.125000 4.658263 
109.431239 92.655716 63.072846 92.037809 13.098638 0.125000 200.444493 
113.561329 56.825218 112.744738 90.676135 7.919851 0.125000 104.395689 
162.699015 63.979518 163.692331 75.467868 9.855152 0.125000 16.872798 
166.962062 15.502262 158.433322 9.452558 3.781850 0.125000 4.339063 
35.646374 124.203594 0.414851 119.810249 4.494560 0.125000 61.331345 
161.711039 4.573860 167.857342 10.924225 3.650513 0.125000 3.370729 
11.093276 143.482875 43.065664 134.171263 5.499606 0.125000 35.795682 
60.642912 91.884953 18.114557 91.762874 13.775060 0.125000 126.544092 
10.696529 61.148432 0.376791 62.558660 4.053957 0.125000 2.486513 
102.976309 76.594624 93.018783 75.067647 4.085613 0.125000 2.249350 
86.898427 58.492370 110.631627 56.978915 1.645218 0.125000 6.829207 
36.776569 118.919965 24.318714 121.614799 2.972050 0.125000 0.664633 
16.892116 85.992728 78.125816 83.142522 3.222864 0.125000 54.229754 
74.383339 65.115651 11.879627 64.092389 3.031659 0.125000 94.164409 
36.871266 60.714622 109.401608 63.736333 3.694558 0.125000 92.716779 
17.235602 91.289373 0.209582 93.229606 9.935695 0.125000 57.815879 
90.479800 71.292923 76.831333 68.325868 3.929948 0.125000 6.467797 
46.867653 125.699309 35.726574 124.597721 4.100789 0.125000 4.658263 
63.120933 77.794379 40.624337 78.071098 1.403650 0.125000 4.680034 
123.228914 59.335580 122.193830 89.428961 5.773645 0.125000 65.547797 
75.660550 57.570830 38.130785 59.488240 2.624303 0.125000 29.806740 
129.134363 109.378692 128.903704 94.343876 3.864607 0.125000 9.711716 
87.965681 82.947893 100.587470 81.538825 3.177994 0.125000 2.847294 
134.428368 57.528344 154.380547 59.312983 2.378696 0.125000 12.933632 
74.360444 80.357251 39.395830 82.258140 1.587444 0.125000 19.129474 
138.488041 43.128302 138.874814 0.609080 4.034096 0.125000 68.013813 
13.142849 78.352793 33.118155 76.787642 1.734398 0.125000 1.720471 
160.646903 92.337488 138.138187 93.403459 3.029384 0.125000 23.491411 
86.687526 106.108200 37.803450 118.059805 2.482009 0.125000 23.899005 
159.218979 97.507430 133.059627 104.116237 2.755583 0.125000 4.032282 
105.825574 100.743974 95.677140 102.230866 4.765974 0.125000 1.036501 
166.639191 97.994687 174.548981 96.643402 3.095788 0.125000 1.697763 
120.606253 134.322348 135.498580 129.019937 2.176646 0.125000 3.370729 
134.358715 64.033533 151.878481 63.197985 1.784504 0.125000 10.098574 
0.625000 14.375000 0.625000 0.625000 1.250000 0.062500 0.616176 
5.420418 84.238909 9.452982 78.176875 4.850838 0.125000 5.962107 
93.164244 126.985234 64.488524 137.193886 1.757009 0.125000 14.686571 
95.596293 97.866473 79.407102 99.664103 1.380315 0.125000 1.970764 
49.285683 99.845336 22.000566 102.971082 2.445222 0.125000 17.891364 
94.351310 101.755213 66.934773 107.177244 1.711269 0.125000 5.468486 
54.433416 132.061111 71.792596 126.612464 1.250000 0.125000 1.970764 
70.608370 101.743044 56.918268 103.468333 1.250000 0.062500 2.873854 
50.598641 125.534243 64.283418 121.559674 1.250000 0.031250 3.914505 
128.541416 0.439220 127.958962 6.971650 3.735182 0.125000 3.776944 
59.282499 108.971406 46.861962 111.818115 1.319811 0.062500 2.873854 
126.962737 28.090193 127.386951 44.394203 2.824282 0.125000 8.533210 
128.760396 8.078845 127.446560 25.574051 3.054626 0.125000 13.675756 
