136.871744 31.760550 163.171580 31.012361 5.246801 0.125000 35.569547 
174.382056 103.741688 133.137456 104.213607 3.821262 0.125000 35.221703 
135.353309 69.413717 135.898579 55.635827 3.796498 0.125000 10.285789 
135.826136 6.855201 135.377075 30.643916 2.877029 0.125000 34.117487 
130.630208 100.795777 174.370457 100.635451 3.901172 0.125000 44.323167 
137.174390 53.373014 141.665554 47.951495 2.772862 0.125000 0.164584 
168.064645 30.097451 174.516218 29.359349 3.660921 0.125000 2.873854 
148.259594 41.042193 136.974371 44.683015 3.223313 0.125000 4.339063 
144.277569 63.913179 157.946603 61.029401 3.411197 0.125000 9.366697 
154.375367 5.554764 138.125812 5.469796 2.565326 0.125000 9.642303 
159.431374 59.372546 158.888287 46.896186 4.669109 0.125000 1.668182 
155.550337 29.373912 155.878500 6.860475 2.791230 0.125000 29.245104 
133.850447 105.601706 133.357194 143.177274 9.060984 0.125000 122.766884 
135.105846 75.616986 135.311580 94.378437 2.568382 0.125000 6.126021 
156.275003 73.722324 135.979200 70.725888 10.116719 0.125000 65.055824 
154.024461 42.187213 161.834899 39.267718 3.654748 0.125000 0.050694 
135.259324 46.933956 136.100052 34.323336 4.157447 0.125000 8.533210 
174.465658 73.472815 158.086757 72.782875 4.272757 0.125000 17.058749 
5.630546 107.677006 126.874748 106.838540 2.802487 0.125000 101.319738 
156.814117 51.795411 142.525759 62.725690 5.256900 0.125000 14.393573 
139.353563 1.183164 153.179186 1.714161 3.025861 0.125000 5.172956 
159.751293 28.129813 160.103210 0.618325 1.601639 0.125000 22.991712 
109.375000 109.375000 69.375000 109.375000 1.250000 0.125000 18.226384 
137.614859 61.444106 145.667294 51.910724 3.161499 0.125000 5.946800 
157.015577 143.354520 159.190042 106.495377 13.361678 0.125000 187.379993 
156.800855 83.379549 144.607211 79.827789 7.398911 0.125000 6.081018 
60.620447 109.195106 10.620836 110.460475 2.071833 0.125000 25.865094 
158.125000 11.875000 158.125000 28.125000 1.250000 0.125000 1.067674 
149.406143 89.940349 138.065888 89.424502 2.895027 0.125000 6.102063 
83.125000 0.625000 83.125000 44.375000 1.250000 0.125000 20.032564 
80.625000 43.125000 80.625000 0.625000 1.250000 0.125000 20.032564 
6.875000 84.375000 6.875000 104.375000 1.250000 0.125000 3.776944 
0.625000 19.375000 0.625000 34.375000 1.250000 0.125000 0.164584 
