31.936742 68.132748 34.021950 51.516955 5.116735 0.125000 14.382555 
36.853188 48.879866 46.888779 48.437779 1.706332 0.125000 1.970764 
46.513304 50.623680 46.440296 70.623413 3.759101 0.125000 6.601199 
85.651215 51.896416 86.218102 18.113977 5.125133 0.125000 33.252256 
44.490762 71.645914 16.963716 69.491483 4.421306 0.125000 10.915956 
73.038287 14.707844 91.828249 14.358737 11.294499 0.125000 15.664942 
61.572411 0.568142 60.653072 25.671805 5.179636 0.125000 26.472287 
86.643737 64.312130 85.947345 53.027964 5.067502 0.125000 8.275987 
146.129720 21.854338 144.466617 81.842885 4.649233 0.125000 94.605542 
9.969088 26.882763 9.784928 70.631987 6.255206 0.125000 59.893224 
33.559271 80.561158 32.247252 71.636512 5.128639 0.125000 5.468486 
91.889641 68.441110 79.416396 69.018803 1.826974 0.125000 0.883796 
30.635596 25.497447 15.613334 25.639258 2.629684 0.125000 12.058439 
68.354331 67.350091 78.422021 62.490319 4.463917 0.125000 3.521151 
99.532031 39.841401 144.864410 24.578607 4.762461 0.125000 61.173406 
34.990527 46.957468 35.273590 40.554208 3.967156 0.125000 0.218275 
10.984509 71.422474 9.211616 89.602859 8.375622 0.125000 20.601751 
93.133383 74.519738 79.285040 75.321845 3.382326 0.125000 1.198571 
157.667633 80.613530 159.109474 23.118341 3.936844 0.125000 53.974139 
174.462504 85.374067 146.837772 83.763560 4.543902 0.125000 40.916794 
45.582328 29.927400 33.060489 28.960113 2.300028 0.062500 0.275019 
80.623145 71.820905 94.356998 71.349990 2.455696 0.125000 1.855669 
35.344002 99.439092 35.044695 80.614352 7.518924 0.125000 25.810584 
96.934886 66.875704 97.331752 33.130372 2.676224 0.125000 11.832720 
46.397340 53.132849 46.278029 26.872033 5.085135 0.125000 9.067324 
58.787838 25.657434 59.582051 70.643413 3.051233 0.125000 25.060707 
144.482909 82.142633 105.787884 77.892157 6.212631 0.125000 46.868772 
106.088887 21.563816 115.119361 17.101687 2.821416 0.125000 4.680034 
41.711846 34.359866 40.530238 47.098111 3.733970 0.062500 0.538800 
115.302262 15.847595 124.338569 13.009027 4.326863 0.125000 2.847294 
9.390036 89.143090 11.949603 130.697399 8.118656 0.125000 60.279936 
123.458664 12.640034 146.213232 0.622027 4.358983 0.125000 22.929543 
92.260969 30.013276 106.012039 21.697924 4.676211 0.125000 7.030996 
107.414838 56.913338 108.154973 70.623382 2.361599 0.125000 1.720471 
103.823905 70.676850 102.053351 51.858220 5.095105 0.125000 15.924938 
150.615594 81.884684 151.035280 28.118445 5.009605 0.125000 62.903977 
94.486821 45.583403 94.716862 53.114558 2.460671 0.031250 5.384983 
151.956202 27.999428 152.858912 10.611186 4.393021 0.125000 20.493157 
128.129632 73.879800 105.619909 73.669235 1.460410 0.125000 19.129474 
35.415956 40.452196 26.512506 28.392626 4.548863 0.125000 4.820313 
44.531007 24.017043 36.740509 23.261194 5.580184 0.125000 5.172956 
46.544472 75.609778 45.909921 89.388122 1.708731 0.125000 2.510782 
29.252203 120.987636 31.229385 108.026513 7.121041 0.125000 1.614905 
130.605971 44.896075 141.886575 45.308035 1.614117 0.125000 0.820776 
9.427044 0.619312 9.514461 20.629851 2.570964 0.125000 7.917544 
13.169922 66.515681 23.169898 67.765868 2.945889 0.125000 5.583124 
61.255311 51.874509 61.273132 29.374523 1.266830 0.125000 7.389304 
115.018780 58.130103 115.137742 43.121138 1.368848 0.125000 4.680034 
160.606334 22.358370 174.432257 22.892268 2.449904 0.125000 7.870688 
6.007728 19.364623 5.499727 0.628397 1.351178 0.125000 2.873854 
46.140918 109.350797 46.759812 90.579988 5.326816 0.125000 13.449242 
86.127661 104.366794 86.360974 83.119356 1.469527 0.125000 11.948253 
19.375000 16.875000 34.375000 16.875000 1.250000 0.125000 0.164584 
53.125000 44.375000 53.125000 24.375000 1.250000 0.125000 3.776944 
