68.572109 59.380268 68.186560 0.616395 2.795184 0.125000 83.248863 
14.827260 27.626550 1.066046 49.650578 5.298936 0.125000 41.820163 
1.812210 15.726207 15.100516 23.970386 5.714116 0.125000 18.696634 
79.357829 88.124193 80.532867 63.120670 5.346561 0.125000 22.233427 
118.117194 5.290193 106.873306 5.552346 2.528457 0.125000 0.797908 
114.367312 8.345331 134.430116 9.045349 6.376962 0.125000 9.961159 
159.329534 38.334741 169.364997 37.896129 3.801004 0.125000 5.946800 
105.555607 42.986490 120.730579 43.933896 4.445064 0.125000 9.741820 
93.599271 35.464782 96.380449 43.697520 5.921253 0.125000 3.012505 
79.588449 62.135247 70.663395 63.396661 8.125913 0.125000 3.662453 
126.297979 42.847304 139.716466 37.779052 5.274815 0.125000 5.465453 
150.602797 9.741649 170.680561 10.957498 4.423163 0.125000 10.613974 
174.452219 90.567498 81.812866 88.688692 8.038517 0.125000 336.245305 
165.640924 7.635889 149.367477 7.106062 1.696770 0.125000 6.102063 
135.781671 18.091833 99.172899 22.805321 3.362829 0.125000 39.150202 
71.391921 64.392136 70.888798 86.908825 2.722765 0.125000 20.935654 
135.648266 6.692498 126.724585 5.554857 2.638006 0.125000 0.820776 
170.618932 16.790475 151.786516 18.142467 3.024310 0.125000 14.486264 
151.868010 29.475572 167.055288 30.531196 2.490974 0.125000 0.149785 
158.123443 28.137612 140.430154 25.953253 3.109111 0.125000 4.557628 
172.436426 0.539429 172.156220 6.887413 4.021965 0.125000 3.776944 
174.436716 24.659320 159.334305 27.937521 2.509347 0.125000 1.454630 
1.871554 65.777224 49.375504 66.852758 2.499359 0.125000 40.871437 
69.473276 89.324316 38.025024 86.948184 9.101841 0.125000 57.246971 
56.876388 53.825797 66.181894 32.669764 8.512726 0.125000 54.229754 
2.946221 4.368845 2.602350 14.357006 1.701482 0.062500 1.669734 
46.876216 69.326928 0.592593 68.156396 2.467598 0.125000 40.015888 
1.441586 50.606738 0.861040 64.384946 1.722491 0.125000 6.486214 
63.522124 66.892130 64.385528 46.875454 1.787516 0.125000 10.529091 
48.125000 81.875000 68.125000 81.875000 1.250000 0.125000 1.697763 
49.642301 66.384629 55.899391 53.886566 7.828543 0.125000 21.597948 
85.292943 46.883680 85.553170 19.362501 2.688990 0.125000 19.604676 
121.873380 68.034931 84.385511 68.709299 1.564554 0.125000 16.751076 
90.629983 65.384811 166.873098 66.966689 2.157253 0.125000 37.463690 
0.621480 80.857802 43.130661 81.500596 1.741243 0.125000 29.832985 
83.108423 82.370980 96.884812 82.831423 1.583342 0.125000 1.653093 
43.493879 81.463472 48.223388 71.337139 7.324337 0.125000 12.054691 
66.886849 100.983473 29.376861 100.484949 1.432617 0.125000 16.420204 
55.649916 130.242891 80.625230 131.871474 1.250000 0.125000 4.336995 
38.123510 115.604127 28.085429 116.320551 1.602776 0.062500 0.616176 
119.375000 116.875000 105.625000 116.875000 1.250000 0.062500 2.873854 
88.532924 57.999991 85.409562 47.807957 2.852915 0.125000 1.720471 
139.394951 83.892709 154.369327 84.512143 1.403923 0.031250 1.681407 
25.625000 83.125000 3.125000 83.125000 1.250000 0.125000 5.583124 
3.125000 131.875000 19.375000 131.875000 1.250000 0.125000 1.067674 
139.375000 63.125000 114.375000 63.125000 1.250000 0.125000 7.389304 
