95.974829 66.873449 95.681045 0.613667 4.038158 0.125000 83.557006 
55.587775 53.030318 77.629451 44.364554 5.776787 0.125000 19.039467 
76.724475 44.336236 78.087524 39.043438 4.254989 0.125000 1.970764 
143.046166 51.852337 148.833907 31.719448 4.820199 0.125000 21.492224 
92.451221 31.883464 92.544686 53.127553 3.815957 0.125000 10.373848 
84.071762 66.794945 81.115106 77.994389 8.711532 0.125000 3.245036 
52.286625 71.037267 56.592034 53.684515 5.482387 0.125000 13.913139 
160.500490 9.278204 168.036556 -0.415528 4.714656 0.125000 10.285789 
148.861591 31.814196 164.374214 10.945247 4.785259 0.125000 19.405112 
142.314570 74.365544 142.562466 53.118437 6.264158 0.125000 19.869931 
55.767915 79.679446 53.179323 70.266314 4.278659 0.125000 3.048414 
25.126667 0.623908 25.219256 64.375589 3.828059 0.125000 79.320172 
159.376255 80.774469 114.347940 81.152599 5.272736 0.125000 59.008536 
26.203671 64.512360 15.191588 71.156676 5.130108 0.125000 6.907656 
71.901906 31.503564 91.707433 32.938239 7.046466 0.125000 28.272052 
113.124583 77.318602 154.374546 77.357421 1.286466 0.125000 15.860896 
99.994487 0.596069 101.078715 70.656667 4.980059 0.125000 153.819571 
16.612162 70.496514 0.523040 72.105359 4.602012 0.125000 19.596780 
109.374641 73.974723 140.625163 73.987907 1.262657 0.125000 9.642303 
4.278421 51.887974 6.467017 68.179807 2.718057 0.125000 3.274964 
34.450305 78.675512 53.384570 80.713919 9.368721 0.125000 26.566616 
1.588887 69.408154 0.571838 60.631160 1.961107 0.031250 1.057109 
1.912218 0.599491 1.700873 10.647629 2.709733 0.125000 10.098574 
8.702484 68.148439 8.180338 53.166636 3.921879 0.125000 4.824161 
5.645477 10.677867 6.065202 0.591302 2.809661 0.125000 5.583124 
26.871734 52.629453 56.878669 52.431702 1.422960 0.125000 26.354194 
78.152948 87.961823 25.624051 86.922970 6.149913 0.125000 97.114747 
154.208790 21.962093 155.023275 11.826645 2.291712 0.125000 2.873854 
103.125505 51.946073 141.873548 51.670689 1.321037 0.125000 14.971112 
26.880723 30.244807 71.870529 30.922004 3.994146 0.125000 52.885739 
54.360130 10.198371 64.402004 10.379722 2.499592 0.125000 3.776944 
4.175319 40.089871 16.924742 41.385538 3.857165 0.125000 4.304398 
158.760357 69.372866 158.725644 79.372746 1.284705 0.125000 1.970764 
82.789062 89.369428 82.540350 104.365303 2.624029 0.125000 6.829207 
0.571403 16.081794 23.088452 16.788875 4.101251 0.125000 45.319084 
13.449309 10.676351 12.884774 0.499643 3.744243 0.125000 10.529091 
155.052078 106.914357 156.006088 90.501834 3.598608 0.125000 13.717433 
103.123896 30.301951 148.127642 30.148194 1.399465 0.125000 20.935654 
51.875680 33.673953 28.124168 33.703394 1.279438 0.125000 6.486214 
153.125000 10.625000 103.125000 10.625000 1.250000 0.125000 25.451104 
53.125893 54.878620 26.875976 54.925188 1.294349 0.125000 6.486214 
103.115655 8.568913 153.123426 7.989197 1.467261 0.125000 25.451104 
140.632681 53.739463 104.372721 54.192725 1.624883 0.125000 27.257284 
85.626203 16.594248 33.121810 16.369194 2.628567 0.125000 58.542604 
95.084588 73.763310 103.339427 76.125747 4.807018 0.125000 2.036308 
146.877397 32.318778 104.371885 32.548386 1.472804 0.125000 37.298484 
8.579027 0.620933 8.527903 10.627059 1.301076 0.031250 0.465614 
53.801860 108.095301 54.645006 91.824218 2.884769 0.125000 8.614963 
66.874387 14.314299 88.134843 14.099560 1.439309 0.125000 3.776944 
17.626678 0.620115 17.528542 10.631406 1.347961 0.062500 1.669734 
11.260343 56.925806 12.192404 68.202085 1.873684 0.125000 0.164584 
74.387377 38.356208 56.803935 39.297508 2.630067 0.125000 10.310893 
84.362545 75.116890 94.417785 74.870403 3.871403 0.125000 4.658263 
174.709139 100.619560 157.980683 96.167234 3.867296 0.125000 18.779381 
29.435277 67.648971 40.507741 69.051028 3.720293 0.125000 3.662037 
55.635353 38.699772 34.371186 38.373730 1.518148 0.125000 6.985969 
33.130102 14.094479 51.873902 14.435371 1.363443 0.125000 1.067674 
20.638985 78.380170 35.525758 77.564265 5.129320 0.125000 6.289854 
101.864841 88.124704 101.172110 111.890947 3.711989 0.125000 25.554186 
51.876573 60.185412 35.622307 60.127232 1.308156 0.125000 0.164584 
142.743171 124.395310 142.416310 98.133821 3.889721 0.125000 13.826215 
0.620993 84.030115 21.868124 83.783230 1.467770 0.125000 3.403198 
96.000771 106.884609 96.352953 93.111651 1.569118 0.125000 7.389304 
169.011984 74.829128 166.127947 64.585325 5.829156 0.125000 13.650421 
73.139274 94.990367 58.118758 94.652532 1.502650 0.062500 4.405129 
35.625000 36.875000 51.875000 36.875000 1.250000 0.125000 1.067674 
63.125000 26.875000 86.875000 26.875000 1.250000 0.125000 6.486214 
24.881894 91.864447 25.194579 106.883961 1.509906 0.125000 6.985969 
