162.678373 83.315858 138.586500 68.125565 5.770831 0.125000 48.943172 
175.405858 91.881298 162.523610 86.555977 5.775939 0.125000 14.703475 
168.378330 18.311192 170.569667 0.618147 4.028850 0.125000 9.214542 
74.580535 111.925717 69.169100 116.638580 5.169036 0.125000 2.036308 
139.323135 67.878330 114.626473 73.071018 4.635813 0.125000 29.414821 
137.284456 38.506838 144.007127 9.290353 5.066618 0.125000 44.709223 
147.482061 20.593691 147.938778 29.449073 7.554428 0.125000 4.503683 
146.774949 136.256341 129.317198 133.489740 5.329675 0.125000 18.096445 
124.330770 133.296199 109.058390 129.350477 9.641633 0.125000 17.440810 
75.983809 0.570780 74.021778 78.052750 9.490509 0.125000 195.902094 
109.897688 126.769317 84.961635 138.159316 11.594460 0.125000 40.551360 
46.711328 143.097402 0.289357 136.881783 6.194719 0.125000 99.523125 
169.412733 133.282527 146.761461 133.889769 7.564303 0.125000 27.369031 
112.488784 82.614713 123.742462 96.150878 7.516248 0.125000 26.472287 
85.082869 138.268561 78.065662 141.755590 6.146415 0.125000 2.246834 
105.613215 106.833676 86.954750 112.154652 2.751472 0.125000 7.917544 
114.048977 74.288998 106.860044 101.541315 7.451958 0.125000 51.708245 
65.626766 111.866805 48.130965 108.097315 4.624569 0.125000 7.963887 
77.293819 135.270368 83.026935 121.833160 7.557537 0.125000 22.706994 
146.954539 127.000404 158.934803 119.401762 6.900382 0.125000 8.875252 
147.163477 43.351907 156.104217 31.985148 9.405511 0.125000 15.047476 
159.575340 68.013917 174.257251 70.174969 2.837407 0.125000 1.454630 
41.959821 113.399761 0.587908 109.801476 2.869426 0.125000 48.186011 
113.017563 124.741495 129.668803 129.622763 5.563773 0.125000 0.738554 
0.561647 112.632530 41.836581 116.084389 2.799380 0.125000 39.160999 
120.033818 95.059592 123.361940 106.295337 7.546172 0.125000 12.593266 
130.512340 129.445350 145.376765 128.025756 7.053555 0.125000 31.500055 
81.629341 135.126474 95.666568 128.209357 1.633731 0.125000 0.797908 
92.101197 93.321957 110.630723 72.041568 12.466794 0.125000 55.171832 
55.683060 122.810784 59.430683 138.411893 7.584512 0.125000 15.594179 
44.017372 114.461992 45.234993 136.963745 7.051368 0.125000 31.381816 
70.472174 142.892546 75.684595 139.465646 3.195151 0.125000 0.164584 
170.729657 73.536570 155.498878 71.635388 4.030782 0.125000 2.319990 
120.491147 44.036861 133.864454 38.743003 10.000176 0.125000 33.505797 
68.723093 74.681415 66.034033 90.900068 7.194532 0.125000 11.246672 
100.438726 54.046946 115.523641 52.266316 2.111962 0.125000 1.034919 
0.627062 131.861013 41.901514 137.945133 2.251605 0.125000 26.431758 
112.582090 49.615458 120.037158 45.606284 5.670875 0.125000 4.864122 
99.098591 62.222814 110.083424 58.857318 5.879171 0.125000 7.190052 
71.610684 93.103864 70.097046 112.032694 7.425766 0.125000 39.655420 
92.021946 61.505427 100.737781 60.050726 2.260108 0.062500 0.616176 
85.879600 67.305226 93.625758 62.721187 2.174709 0.062500 0.616176 
151.344454 56.085066 157.727037 41.698445 12.689204 0.125000 39.937147 
