161.874409 39.367411 174.492604 38.384022 3.058801 0.125000 4.248691 
119.403576 42.302717 140.642287 40.883754 3.161056 0.125000 18.779381 
140.654800 76.009219 119.386972 75.277184 3.100511 0.125000 29.245104 
141.871096 38.497112 121.873297 38.287325 5.117737 0.125000 5.434843 
167.793959 22.903264 170.634221 34.674388 2.808117 0.125000 6.102063 
142.024656 41.846565 141.183690 74.389438 2.725206 0.125000 42.609814 
90.777212 51.848059 93.250942 65.823958 3.910467 0.125000 3.586135 
143.465966 -0.008099 155.764704 6.615601 3.048466 0.125000 4.339063 
174.420976 77.727264 160.611971 77.341958 2.673350 0.125000 10.098574 
92.304624 65.641655 91.578834 84.363519 3.892452 0.125000 7.949579 
105.666649 37.479218 67.014140 40.143556 5.719449 0.125000 46.268387 
144.111994 74.411354 145.310821 41.863428 3.517411 0.125000 46.687601 
81.946391 43.740291 86.339139 52.154745 2.748134 0.125000 0.797908 
118.865383 75.614829 118.688847 19.369307 7.660819 0.125000 92.218644 
55.370282 40.619174 54.569539 75.629449 3.720437 0.125000 45.104796 
166.366139 34.235510 164.051233 21.935936 3.454092 0.125000 3.048414 
107.956225 11.868098 106.984452 35.629476 2.804385 0.125000 14.495760 
2.448410 21.858527 1.108616 76.886775 3.259889 0.125000 76.876672 
77.970395 50.098636 86.931484 68.747203 4.784773 0.125000 28.242380 
48.459105 74.375876 48.478449 39.375195 2.516580 0.125000 35.005105 
139.421536 89.309329 106.873829 88.158100 5.041061 0.125000 38.114062 
44.534338 45.649960 45.191946 74.384911 2.842535 0.125000 24.120316 
157.797990 46.877119 158.016719 80.633801 3.758021 0.125000 19.258290 
119.372433 80.768277 146.908385 81.261627 7.633149 0.125000 48.049230 
161.852870 74.872874 174.383674 75.429846 1.803822 0.125000 5.583124 
12.817837 32.029562 105.850367 19.845860 4.663078 0.125000 143.987801 
11.138409 74.388535 12.128092 36.848718 2.993277 0.125000 41.797719 
47.912366 6.118189 61.958394 2.171817 6.166053 0.125000 13.859387 
106.429697 54.358631 106.982043 39.332985 2.819747 0.125000 14.081748 
161.792158 81.965613 174.475455 82.749366 4.282530 0.125000 22.099308 
68.670424 60.705933 70.176162 50.558399 2.656396 0.125000 5.583124 
45.936711 82.000850 35.460826 80.625431 8.249785 0.125000 16.507842 
68.016475 44.065487 65.665554 54.384239 5.430421 0.125000 0.186775 
53.279620 82.627436 46.639216 82.039912 6.556178 0.125000 0.731012 
35.486182 81.396643 5.593039 80.128260 6.721296 0.125000 51.617514 
4.901050 75.642936 4.590791 63.119654 1.559204 0.125000 0.164584 
23.128210 75.274999 13.117587 75.183180 1.341665 0.031250 1.970764 
90.519692 81.767655 54.364891 82.754703 11.825731 0.125000 77.436070 
28.020189 42.580504 44.282671 44.996484 3.391290 0.125000 12.777654 
27.811352 11.826520 47.849925 6.986208 3.351670 0.125000 13.956256 
148.270387 51.882129 147.288983 71.895301 1.738290 0.125000 7.870688 
62.253159 75.635562 63.126243 44.375035 2.499026 0.125000 23.879069 
159.792784 75.659689 161.459131 55.590470 2.077701 0.125000 4.658263 
165.633444 87.640897 150.638005 87.379352 6.336245 0.125000 6.765508 
161.156692 24.275606 159.219365 38.276430 6.362345 0.125000 12.872920 
4.976548 61.892934 5.647853 39.375681 2.796887 0.125000 19.754330 
62.906307 3.976011 75.678986 2.282069 4.792261 0.125000 0.190130 
58.800145 63.118756 59.017353 43.121115 2.527005 0.125000 18.226384 
66.116350 55.597808 65.488303 73.120100 1.517846 0.125000 1.970764 
5.811155 38.370030 7.125292 30.667704 4.928777 0.125000 2.847294 
27.763829 73.128170 27.893123 36.878631 3.834687 0.125000 30.132515 
122.752467 21.720421 151.951367 31.650447 4.000695 0.125000 31.512086 
43.095733 75.033757 26.885454 75.836184 3.869015 0.125000 5.865812 
43.145236 38.017117 29.409566 35.440719 2.226706 0.125000 3.456020 
116.664300 19.493782 118.247762 5.639030 2.909647 0.125000 2.486513 
106.013213 75.636973 106.438051 61.861524 1.634726 0.125000 4.232717 
29.418767 37.869975 44.406389 40.442098 1.268578 0.125000 0.164584 
96.873239 4.369347 108.192875 0.842874 2.758650 0.125000 2.560371 
5.787780 29.417635 6.053875 20.600220 2.573705 0.125000 0.820776 
12.072396 20.678465 9.693577 29.461286 2.667798 0.125000 0.820776 
114.309117 84.368780 115.021982 76.818069 2.723913 0.125000 1.970764 
13.143963 14.502460 20.481552 13.410807 2.288839 0.031250 0.983154 
23.686412 44.350946 24.437122 61.872338 1.676915 0.125000 3.370729 
149.849862 73.092108 150.908789 48.137042 2.285776 0.125000 16.442587 
104.430894 87.489767 94.289437 86.597422 3.038198 0.125000 8.292394 
141.042353 93.122030 141.158060 109.380102 1.365615 0.125000 0.164584 
54.466736 28.936520 61.902774 30.492247 2.702996 0.125000 0.164584 
167.986640 4.875241 174.700039 3.636354 4.463290 0.125000 0.218275 
74.130295 26.717664 80.614940 28.169918 2.439570 0.062500 0.465614 
154.207909 30.624499 154.241617 19.374600 2.526207 0.125000 4.680034 
64.355582 111.990213 46.929240 109.053176 1.454216 0.125000 3.776944 
36.809733 130.902356 56.875209 135.624112 1.503091 0.125000 5.219043 
143.828290 110.632548 143.603729 94.368390 1.456968 0.125000 8.756152 
