93.061268 61.870684 93.915272 49.259223 6.404624 0.125000 9.569680 
91.886054 69.377993 94.349908 60.279700 5.152904 0.125000 9.378608 
95.621309 44.555973 128.107791 45.218635 3.902174 0.125000 27.547212 
111.865886 20.764088 94.277590 19.611622 2.249459 0.125000 3.508045 
114.702970 42.021495 113.337517 21.776359 5.325132 0.125000 19.027907 
85.638444 16.265014 71.840048 15.960909 3.996970 0.125000 24.548014 
90.628823 86.045576 66.873566 85.936080 2.557590 0.125000 12.882770 
87.429495 40.521404 86.127330 49.263634 4.445709 0.125000 0.664633 
81.060299 49.429678 81.385714 39.399681 3.910163 0.125000 6.848509 
67.777617 36.851282 66.588332 54.270083 6.490923 0.125000 41.042918 
67.734661 14.403341 67.544871 36.901740 7.541910 0.125000 39.912082 
85.649038 24.982132 70.623306 24.420293 2.591668 0.125000 9.642303 
174.512666 82.233087 147.931250 78.130269 2.852099 0.125000 27.624343 
71.853192 21.303297 84.420579 21.707358 2.579046 0.125000 7.389304 
67.044690 53.232368 66.392214 69.456127 9.144781 0.125000 6.571539 
69.367930 83.532060 90.633226 83.901413 2.651577 0.125000 18.532534 
104.023188 26.384459 110.717482 38.641810 7.485196 0.125000 3.337052 
92.331997 99.762959 94.232392 85.278289 5.871678 0.125000 4.019447 
100.167988 41.895079 100.548348 26.873059 2.657399 0.125000 5.946800 
65.641447 87.845631 67.058779 106.954085 9.373265 0.125000 33.370960 
113.602689 121.956693 114.315949 106.872208 7.668748 0.125000 21.327785 
146.983997 82.918857 174.423818 84.972824 5.359274 0.125000 33.505797 
129.012516 53.124001 129.040666 78.125376 3.754220 0.125000 39.447077 
111.790238 15.127047 98.073598 13.581060 5.510678 0.125000 19.604676 
121.975920 77.778575 96.918019 76.194503 8.431417 0.125000 47.006964 
65.500282 106.345238 67.829343 122.283529 11.645667 0.125000 54.389225 
14.383456 79.425094 28.162835 77.099142 2.673183 0.125000 8.756152 
84.362718 79.566855 71.834041 78.764832 2.574749 0.125000 0.883796 
98.142296 83.742809 111.882012 84.118711 2.704179 0.125000 0.218275 
111.782555 49.880826 123.111070 51.951219 2.353269 0.125000 3.776944 
114.581381 107.040230 115.436299 93.037164 9.571645 0.125000 1.947049 
87.056707 120.657050 87.393575 105.608627 8.887683 0.125000 30.697661 
35.469819 79.334531 14.374552 81.871274 2.631358 0.125000 11.124244 
67.757002 122.298836 68.624266 133.282970 11.313485 0.125000 11.249092 
76.271192 87.422725 68.869279 93.786807 4.473359 0.125000 3.851484 
107.215123 99.493602 101.485442 115.925038 8.013785 0.125000 26.487216 
140.466059 49.470023 141.349245 39.329211 2.924391 0.125000 2.560371 
61.875000 85.625000 0.625000 85.625000 1.250000 0.125000 30.139265 
85.307178 107.846032 81.565614 95.343507 4.790100 0.125000 20.844003 
131.254837 46.862314 131.842688 18.124339 1.607636 0.125000 10.310893 
144.322592 75.044252 174.334327 77.394403 2.004440 0.125000 12.806661 
71.355599 130.180152 82.336811 128.243328 9.702590 0.125000 12.061261 
117.169351 90.527715 111.496058 85.824319 7.204895 0.125000 0.218016 
31.858872 77.833877 56.872820 78.254596 1.291866 0.125000 5.219043 
129.375000 26.875000 129.375000 43.125000 1.250000 0.125000 1.067674 
26.874527 83.153625 61.864953 83.732389 1.621943 0.125000 18.532534 
30.891723 0.629644 29.585807 75.628671 1.685055 0.125000 26.532014 
99.729316 114.437095 99.246224 126.918397 4.851223 0.125000 1.269599 
93.128893 5.449418 120.615382 6.058817 1.360520 0.125000 8.292394 
144.375000 24.375000 144.375000 3.125000 1.250000 0.125000 4.680034 
143.125000 70.625000 143.125000 53.125000 1.250000 0.125000 1.970764 
75.625000 4.375000 90.625000 4.375000 1.250000 0.125000 0.164584 
28.125000 23.125000 28.125000 8.125000 1.250000 0.125000 0.164584 
