158.180263 39.972726 174.407124 38.472455 2.949700 0.125000 8.533210 
139.455556 43.098831 138.756003 74.361149 3.385528 0.125000 29.169150 
138.125106 38.810017 118.125107 38.806264 5.002345 0.125000 13.000786 
118.173377 42.601246 138.167922 41.269347 3.243214 0.125000 18.883306 
138.198765 75.382144 116.877293 74.328601 4.177262 0.125000 32.663791 
173.162895 77.040760 155.640611 76.428340 2.935095 0.125000 13.631274 
164.370628 23.126034 167.089272 34.619979 2.720593 0.125000 4.232717 
91.246992 54.372647 91.327370 75.622343 5.037790 0.125000 16.748452 
133.509154 -0.120745 142.459705 4.489932 3.973353 0.125000 5.096564 
10.717306 2.684189 0.635863 0.573125 2.391826 0.062500 2.108726 
142.803527 3.535421 165.534741 0.038317 4.181570 0.125000 19.023505 
141.718289 73.158159 142.666354 41.899001 3.483018 0.125000 39.456678 
105.599444 37.792903 67.077570 40.757332 6.423395 0.125000 45.261588 
169.069215 31.842134 168.766526 23.146180 2.585454 0.125000 1.067674 
174.223713 44.372699 173.748320 75.634479 2.556730 0.125000 31.928121 
0.172182 3.104555 7.992558 5.984626 4.073902 0.125000 1.034919 
21.958375 2.837833 11.831459 3.219393 4.949391 0.125000 3.782874 
106.059651 18.091463 105.287627 36.861123 2.960226 0.125000 16.200067 
55.682873 40.626141 55.017834 74.363031 3.576820 0.125000 36.668527 
76.780788 48.813187 86.808284 69.442213 4.824369 0.125000 20.559011 
4.919734 23.110220 3.792734 76.888993 3.494653 0.125000 69.668530 
163.266249 34.343217 161.004045 24.289709 2.835296 0.125000 1.653093 
117.920173 54.590087 116.185555 42.857321 7.096882 0.125000 9.430952 
112.773136 78.399604 117.957972 61.441746 8.169779 0.125000 21.533911 
136.891331 87.710115 105.591421 86.478078 4.091252 0.125000 49.728693 
117.728789 60.654781 117.906020 55.573760 2.672780 0.007812 9.496514 
42.997031 9.978666 68.006595 5.026970 5.888208 0.125000 28.554031 
48.641876 73.126586 48.571568 40.624034 1.317595 0.125000 12.807844 
158.092606 73.945733 171.870479 74.489546 1.495523 0.031250 2.447038 
116.882225 79.903428 144.391983 80.178882 5.212514 0.125000 52.046401 
50.603257 29.210917 83.356326 24.870671 6.106121 0.125000 40.410598 
145.832829 49.390051 144.205331 71.862712 1.517605 0.125000 8.292394 
68.437016 61.915562 69.916742 50.532927 2.317997 0.125000 5.583124 
11.894263 33.294011 49.475932 29.010543 3.725877 0.125000 55.645455 
149.372967 81.216989 174.376965 81.302844 3.767146 0.125000 7.806069 
118.463478 35.633668 118.751385 24.391041 3.620770 0.125000 0.664633 
53.377829 81.611610 33.108236 78.225344 10.481224 0.125000 43.513908 
84.220761 24.358335 104.528489 21.885504 4.175786 0.125000 20.801514 
-0.032925 21.694790 10.593461 16.806441 4.053014 0.125000 0.294986 
44.816240 45.638264 45.267145 73.130869 2.663652 0.125000 23.491411 
160.662753 86.230194 148.132520 85.496559 5.210636 0.125000 5.241318 
89.352548 80.903418 56.841024 81.654704 10.459374 0.125000 59.481904 
7.586593 75.641303 7.169484 61.866083 1.627750 0.125000 6.486214 
81.874180 3.118705 100.631419 0.674258 3.233953 0.125000 12.777654 
13.611416 73.133238 14.204353 38.122110 3.939961 0.125000 24.607084 
29.214669 42.967244 44.257511 45.175389 3.165612 0.125000 10.225809 
32.021076 80.289631 5.583651 78.927598 5.314946 0.125000 35.273999 
68.580381 41.115434 65.828765 50.683599 2.996191 0.125000 0.050694 
62.247161 76.851882 63.102460 44.374406 1.907717 0.125000 23.491411 
69.346790 6.783316 81.029232 3.188773 2.848972 0.125000 2.560371 
104.643990 74.412710 103.922467 55.642395 3.795247 0.125000 8.712693 
58.785631 63.109007 59.327960 43.123724 2.634712 0.125000 15.860896 
66.112256 51.836786 65.109632 71.849180 2.059041 0.125000 4.339063 
7.748886 44.489039 9.394641 31.877563 4.796213 0.125000 5.865812 
26.882191 75.109110 14.384619 74.934903 1.424102 0.125000 4.680034 
104.830841 53.140583 105.260565 40.569812 2.541246 0.125000 8.292394 
101.988961 86.000275 90.606455 84.517343 4.958099 0.125000 0.186775 
154.509808 38.089455 153.392826 73.133537 2.857127 0.125000 29.844582 
46.924799 39.088701 31.943218 36.482805 1.659926 0.062500 0.293299 
28.844141 64.355891 28.279005 43.087693 2.499118 0.125000 11.925485 
24.775981 44.366415 25.151069 61.885147 1.624315 0.125000 13.710934 
144.276676 5.958032 149.215248 7.416093 3.105575 0.062500 1.669734 
11.775346 17.630111 44.218372 11.097176 3.412710 0.125000 21.597948 
113.253049 43.132356 115.193803 9.350228 3.212817 0.125000 36.718847 
7.343812 60.650160 8.153692 45.559455 2.764359 0.125000 12.304394 
95.602176 31.508618 103.150751 31.038370 1.713900 0.125000 0.164584 
13.603561 21.739427 12.037003 30.653470 2.678626 0.125000 1.697763 
126.712078 26.168184 149.418837 32.978846 3.471962 0.125000 16.720712 
173.653372 85.622776 173.564749 114.376355 1.330900 0.125000 10.098574 
164.063128 6.380241 174.619580 4.493299 4.351336 0.125000 14.081748 
150.605699 31.875447 150.344614 20.602543 2.644044 0.125000 3.370729 
146.661167 71.865578 147.708067 48.106629 1.633969 0.125000 11.904754 
113.587481 63.014317 112.782931 50.566318 3.059155 0.125000 3.662037 
158.000241 142.447651 136.933184 137.857930 1.801447 0.125000 5.096564 
113.130745 1.771413 124.346249 2.393413 2.078816 0.125000 0.164584 
116.928094 129.092682 134.284395 132.356779 1.532809 0.125000 1.697763 
141.334474 100.632120 141.219020 91.867175 1.365139 0.125000 1.067674 
65.602031 105.751704 50.640502 103.039483 1.337794 0.125000 1.067674 
0.583205 122.035747 25.522276 128.520080 1.524326 0.125000 9.642303 
45.647124 119.264973 60.547377 122.261041 1.250000 0.125000 0.164584 
133.070734 13.261924 119.474658 7.873540 1.403033 0.125000 0.164584 
98.200958 125.237054 113.118564 128.157869 1.250000 0.062500 0.616176 
