0.560001 99.184624 45.620480 101.948684 3.896030 0.125000 36.496480 
136.900509 111.362999 46.874863 106.877747 4.558404 0.125000 186.081614 
44.695489 95.157362 54.135493 91.290328 6.731225 0.125000 1.921036 
174.424253 113.552167 134.268839 111.148538 3.945421 0.125000 60.471654 
51.864407 94.148615 96.871059 93.825695 6.222934 0.125000 53.999353 
47.060191 105.392407 31.660311 108.195538 5.590724 0.125000 14.632986 
143.150477 108.920046 174.372568 110.668436 2.565978 0.125000 29.683823 
154.103150 94.908736 141.932991 99.527793 5.561736 0.062500 0.235413 
20.624176 102.181682 0.624320 102.127918 1.297039 0.125000 2.873854 
32.594215 109.274968 0.188831 122.015620 4.235653 0.125000 52.755295 
106.840253 84.019314 174.383991 86.643585 4.475116 0.125000 104.662591 
174.420421 93.054894 153.117621 92.901796 11.312592 0.125000 56.496692 
111.869893 34.283213 174.454348 30.801141 5.686680 0.125000 75.778916 
142.993011 98.403058 140.212407 109.583270 6.668618 0.125000 6.188963 
54.415205 90.625809 55.245701 49.342224 7.800175 0.125000 144.494667 
146.909395 101.205719 174.401027 102.618558 3.009944 0.125000 35.385094 
153.222718 53.318494 160.707578 49.538516 3.910849 0.125000 3.370729 
108.077385 59.177591 115.734889 57.330591 2.723400 0.125000 0.164584 
154.373639 90.656110 116.890692 89.016314 3.964947 0.125000 27.035821 
0.613876 43.626316 44.370068 44.597257 2.499385 0.125000 34.046625 
49.440022 44.481106 51.259525 0.496124 7.700247 0.125000 155.613841 
-0.005799 110.499159 20.322493 105.615747 6.756084 0.125000 44.326551 
111.270139 0.350517 108.151515 35.627344 6.115643 0.125000 67.756310 
105.591316 96.567456 135.641554 93.276144 2.485138 0.125000 15.101392 
152.721871 68.756316 150.202523 77.124147 5.032246 0.125000 6.126021 
97.800436 84.414545 100.584274 19.266432 7.258235 0.125000 106.760102 
120.621104 97.131867 133.137185 97.321725 2.499712 0.125000 1.720471 
154.140092 82.021899 169.530063 70.838387 4.415562 0.125000 11.075185 
101.041723 18.297303 102.884584 0.470923 5.702717 0.125000 35.109332 
63.744402 54.333143 61.745389 84.449368 2.825665 0.125000 24.750649 
58.683407 29.370588 58.831632 48.129294 3.749883 0.125000 7.949579 
65.859998 49.540066 64.409269 40.619427 3.069523 0.125000 0.883796 
39.375000 41.875000 23.125000 41.875000 1.250000 0.125000 1.067674 
