3.776243 10.633081 3.590343 25.615264 5.077160 0.125000 5.868963 
45.892151 50.631739 44.851521 91.887020 1.438724 0.125000 15.342551 
0.619595 87.519565 43.127366 87.140060 3.984199 0.125000 33.825564 
40.799762 89.728451 27.764367 96.173721 8.939203 0.125000 19.562707 
3.229310 25.681044 0.584652 30.603322 3.385497 0.062500 1.785718 
141.709511 109.206392 174.400377 114.209174 2.484292 0.125000 31.456359 
43.158671 84.374896 43.046264 48.121368 1.250000 0.125000 13.192832 
123.987060 102.999487 140.820935 108.807060 2.729641 0.125000 5.664267 
134.361071 98.728295 174.369435 97.866598 1.438123 0.125000 20.032564 
0.549241 33.220289 25.000699 52.660242 6.071226 0.125000 55.205298 
26.619822 93.808306 0.361165 97.496673 5.820752 0.125000 42.540711 
64.367125 92.336812 174.381121 91.237677 2.887002 0.125000 92.218601 
174.304067 117.280844 133.004814 110.062652 3.598644 0.125000 34.746121 
174.356018 100.106960 128.076549 101.802707 2.498323 0.125000 11.260016 
43.125000 16.875000 43.125000 0.625000 1.250000 0.125000 0.164584 
23.246168 52.313729 33.300006 84.797065 8.017382 0.125000 64.955615 
61.875000 0.625000 61.875000 64.375000 1.250000 0.125000 35.385094 
44.823358 0.607031 44.487306 15.599499 1.585823 0.062500 2.873854 
123.125000 94.375000 94.375000 94.375000 1.250000 0.125000 10.098574 
64.374982 65.602711 120.624946 65.557459 1.271117 0.125000 29.063464 
174.438661 111.330360 156.886253 109.278725 1.386667 0.125000 0.820776 
59.375000 26.875000 59.375000 0.625000 1.250000 0.125000 8.292394 
88.112618 62.637733 66.876331 63.177375 1.471874 0.125000 4.680034 
30.621594 103.008050 0.610644 103.882089 1.686145 0.125000 15.564217 
