120.801649 30.478422 115.181746 23.705585 4.318539 0.031250 1.734895 
116.535946 18.249217 118.947146 0.566658 3.828177 0.125000 18.743487 
62.597066 31.562478 91.074642 38.873600 5.284201 0.125000 32.895038 
104.712541 36.609069 110.402230 43.830893 1.992854 0.125000 0.164584 
150.587995 30.865400 126.823834 27.207402 4.561453 0.125000 26.316196 
91.786320 38.332732 103.164366 37.892552 5.382841 0.125000 20.451191 
152.785258 31.848498 150.831774 56.891130 3.561767 0.125000 27.263089 
23.887084 28.768982 31.826254 30.814221 4.218243 0.125000 2.560371 
122.069244 0.593727 121.291258 26.857709 3.091080 0.125000 33.230150 
149.897751 64.340696 149.398349 93.125405 3.727752 0.125000 14.655102 
48.209402 35.008725 62.046912 33.165785 4.047224 0.125000 15.407743 
37.752361 29.959431 48.471315 34.868880 4.355016 0.125000 12.058439 
3.939317 25.876299 23.621556 33.003782 5.552466 0.125000 16.434819 
124.593952 39.387839 126.871189 0.551481 4.694783 0.125000 37.308684 
121.672772 26.873719 121.698754 48.125215 1.274451 0.125000 4.680034 
118.864418 44.393434 119.207777 30.620831 3.593067 0.125000 3.294530 
145.750857 56.882779 147.294942 31.900956 6.392322 0.125000 55.259659 
160.405950 0.568631 159.348628 28.123988 4.370310 0.125000 37.573451 
158.136505 58.347149 129.398846 59.835442 2.173406 0.125000 12.171350 
87.372865 46.294459 78.007095 38.262484 2.846585 0.125000 5.096564 
144.771083 96.868538 145.016940 64.379858 3.891778 0.125000 42.593508 
105.690380 57.007497 118.222895 50.823390 2.824438 0.125000 1.229414 
21.898200 36.752204 5.524173 33.658679 4.913085 0.125000 7.236105 
50.894567 39.315051 55.368368 59.432072 3.931929 0.125000 17.533313 
120.916362 70.607484 121.669619 83.137347 3.818253 0.031250 3.935505 
120.789689 49.304040 119.303563 72.033785 6.644453 0.125000 43.204699 
21.900256 74.078208 0.565873 74.643490 3.947337 0.125000 34.612635 
116.876106 74.204392 54.362523 73.798981 7.208016 0.125000 91.638373 
126.453858 29.373768 126.492883 55.625568 1.285305 0.125000 8.292394 
155.463833 0.156236 133.420658 7.734940 2.733427 0.125000 13.650421 
89.498418 45.564286 93.938373 54.589792 2.813120 0.125000 3.456020 
56.807043 82.449109 24.318369 78.603422 4.230651 0.125000 19.039467 
124.684812 79.397702 125.686995 65.721140 2.950074 0.125000 5.946800 
174.387349 96.969622 0.499571 119.663941 3.620072 0.125000 206.457039 
129.406238 58.469252 143.156445 57.221532 1.583775 0.125000 0.164584 
22.056137 60.584171 19.790221 50.531408 3.033221 0.125000 0.218275 
158.509301 54.379579 158.777521 31.867881 1.517973 0.125000 15.517114 
143.242413 21.133019 156.569438 18.052898 6.089479 0.125000 11.075185 
54.327742 78.864612 71.836130 79.983332 2.813743 0.125000 12.058439 
136.848589 9.293926 156.770462 2.804098 1.656671 0.125000 7.870688 
123.161437 100.878504 144.333367 97.835351 2.474569 0.125000 9.449320 
75.658399 103.412173 119.398266 98.325048 1.761228 0.125000 23.020650 
0.597998 116.652200 28.147825 113.313332 1.842487 0.125000 14.686571 
64.249185 0.321198 49.235759 6.538779 2.589711 0.125000 5.946800 
121.349069 84.363275 121.097769 95.635540 1.472571 0.125000 4.680034 
93.160768 104.742275 111.855197 102.921663 1.250000 0.125000 2.873854 
157.563382 11.890521 143.180153 15.826544 5.584343 0.125000 19.163995 
124.564642 58.141093 124.298824 40.626156 1.250000 0.125000 1.067674 
151.875053 96.875740 171.862723 95.452578 2.227354 0.125000 3.662037 
56.804804 107.540064 8.155402 113.378332 2.283675 0.125000 24.293742 
137.316809 44.401721 138.074632 31.871954 1.775970 0.125000 0.820776 
55.651553 109.597399 70.587884 107.814123 1.250000 0.062500 2.873854 
29.390270 113.246483 43.081086 111.525630 1.250000 0.062500 2.873854 
2.346043 143.129588 2.399391 123.119733 3.803309 0.125000 34.482004 
171.875000 26.875000 171.875000 0.625000 1.250000 0.125000 7.389304 
118.208260 95.247349 109.338230 93.291782 2.710494 0.125000 1.697763 
170.625000 70.625000 170.625000 30.625000 1.250000 0.125000 18.226384 
