92.971168 61.864268 93.677511 51.739140 5.074868 0.125000 7.274493 
73.254389 46.857788 73.566675 71.885086 3.890072 0.125000 28.117220 
94.240478 53.204768 93.514414 40.602564 6.311551 0.125000 9.569680 
91.566296 67.976678 95.919665 58.915992 5.004121 0.125000 6.281913 
73.226741 23.120698 73.142419 45.629748 2.584270 0.125000 19.641228 
95.624819 46.166520 116.875137 46.161091 3.750319 0.125000 12.576327 
73.526351 71.603984 71.509610 105.824468 9.539103 0.125000 59.394247 
118.486813 48.123611 118.447722 73.125505 2.519541 0.125000 24.548014 
90.640514 21.014768 75.564890 21.614824 3.846462 0.125000 7.695231 
94.280353 99.427672 93.394598 76.815475 5.387584 0.125000 39.990706 
9.875354 0.610851 9.503720 53.134755 4.059453 0.125000 105.565967 
112.399456 43.286180 111.057627 26.839703 4.550756 0.125000 18.076861 
99.458159 44.376906 99.773219 30.634129 1.450217 0.031250 1.681407 
115.724330 73.296582 95.321750 71.417356 6.698657 0.125000 35.727688 
105.595016 50.826013 116.964944 52.522021 2.158407 0.125000 2.576231 
108.148389 25.028891 94.321585 24.486391 2.351058 0.125000 1.229414 
109.405672 19.364714 98.126585 19.503668 3.826708 0.125000 6.009503 
144.361614 74.503412 131.867082 73.200963 2.150461 0.125000 3.776944 
71.741810 106.661905 72.708889 123.075869 7.781097 0.125000 31.077684 
90.626122 77.823033 76.875225 77.813095 2.502710 0.125000 3.403198 
109.848609 124.197731 112.363551 95.449038 5.245813 0.125000 27.316062 
115.738220 49.918808 106.816726 48.488472 1.874839 0.062500 2.873854 
9.349033 72.521444 33.094581 72.846581 5.239128 0.125000 40.015888 
75.618440 26.285018 85.629875 26.384529 1.349330 0.062500 1.669734 
131.866566 75.873753 141.897417 76.213864 1.588152 0.031250 0.255185 
83.136294 28.836623 75.613382 28.678807 1.407025 0.062500 0.616176 
156.697720 75.571544 159.220415 67.205304 4.065373 0.125000 7.870688 
1.716225 55.625670 1.848054 86.875114 2.621262 0.125000 37.298484 
32.063299 80.704552 11.990295 79.142968 5.663596 0.125000 26.093022 
106.127280 96.888730 105.716609 111.911675 3.953545 0.125000 6.905508 
87.706358 124.375665 87.682504 109.367756 8.753962 0.125000 6.969982 
75.554688 65.697882 81.985834 66.039700 5.123879 0.125000 1.855669 
118.561433 75.637008 118.114669 91.874716 1.455804 0.125000 1.067674 
120.158926 46.863917 120.723385 23.127340 1.487381 0.125000 6.486214 
84.305148 94.354567 88.305849 80.677902 3.101336 0.125000 3.274964 
96.869277 76.185099 108.130873 76.300161 1.352101 0.125000 3.776944 
129.366775 70.799462 141.897854 71.390206 1.837238 0.125000 2.576231 
85.172522 100.439983 83.732795 94.233998 3.000296 0.125000 0.164584 
2.318276 94.370443 2.498153 111.868594 1.404123 0.125000 6.486214 
80.625000 11.875000 96.875000 11.875000 1.250000 0.125000 1.067674 
148.125000 50.625000 148.125000 35.625000 1.250000 0.125000 0.164584 
