171.727088 46.874822 171.782818 0.623383 2.551208 0.125000 51.021031 
172.046483 96.885662 171.687908 60.614492 3.910456 0.125000 53.908287 
77.528983 55.636278 78.238289 93.122856 5.070048 0.125000 36.648834 
160.635789 58.813438 110.608896 59.597456 3.126493 0.125000 66.620089 
69.491571 99.373251 68.009603 0.607975 3.118603 0.125000 91.227581 
108.057157 65.638585 107.827354 85.635944 2.672198 0.125000 19.129474 
109.373822 56.548684 174.377487 56.314029 1.480120 0.125000 46.222174 
108.229075 84.376103 107.963933 109.386544 3.776291 0.125000 41.777504 
89.733824 123.167071 88.284328 49.396430 5.342821 0.125000 104.311779 
108.069979 110.628396 108.843266 123.157817 4.836503 0.125000 4.634728 
166.216747 64.067561 162.753278 85.565112 5.930463 0.125000 30.484120 
164.508205 0.604992 163.745839 43.158517 4.130040 0.125000 87.574858 
0.546590 102.458125 44.569820 97.281929 3.652081 0.125000 37.560988 
110.621780 62.471803 163.126996 62.755110 1.513022 0.125000 40.829675 
34.465250 95.565799 0.531221 98.137638 5.174633 0.125000 28.821864 
105.619263 125.439565 90.594972 125.904355 2.885319 0.125000 14.686571 
107.735887 21.875426 107.772831 55.625386 2.517787 0.125000 25.554150 
110.614626 84.770295 151.888889 84.269329 2.879085 0.125000 31.279035 
109.372601 44.621592 156.880265 45.083728 1.699821 0.125000 25.042301 
158.280015 43.127650 159.007132 0.597340 3.792187 0.125000 74.548339 
88.704900 48.147325 87.121390 0.616791 2.873207 0.125000 51.305566 
78.860461 43.425493 86.752435 39.148824 2.977765 0.125000 1.697763 
0.626180 91.902545 31.872382 90.563884 2.872236 0.125000 9.328486 
156.587384 82.267000 159.354493 66.649886 6.808395 0.125000 26.964370 
72.563937 45.560441 71.537601 54.480009 2.912280 0.125000 3.456020 
0.624670 62.340437 38.124651 62.367007 1.276570 0.125000 15.517114 
38.125352 64.770735 0.624269 64.804131 1.282282 0.125000 15.517114 
35.630214 88.585878 0.620553 88.981937 1.645844 0.125000 28.306011 
41.873360 85.229108 66.878109 85.125513 1.353564 0.125000 6.486214 
66.877624 64.773340 43.120421 64.929828 1.398177 0.125000 7.389304 
145.675001 67.622616 110.648735 64.136521 3.979160 0.125000 25.242931 
51.815336 100.461973 31.798244 101.307185 2.752526 0.125000 0.186775 
43.124813 62.427009 66.875234 62.435062 1.258053 0.125000 6.486214 
0.614325 85.741018 36.884645 85.399573 2.794060 0.125000 61.574704 
90.216023 0.595580 91.791302 45.627928 2.411073 0.125000 40.176995 
158.120411 67.036264 146.843973 66.715401 3.890696 0.125000 3.048414 
80.616764 84.794250 86.888899 84.917460 2.597719 0.031250 2.447038 
162.575461 88.914683 166.951982 95.574410 3.256841 0.125000 0.797908 
72.093741 121.092700 41.999959 112.678101 3.417467 0.125000 9.883338 
30.726535 102.885333 3.128402 105.658853 3.981188 0.125000 7.837033 
69.071016 111.571097 85.620647 116.888549 3.613187 0.125000 3.042730 
140.629620 99.468238 110.579523 100.957158 2.806232 0.125000 14.703475 
151.151493 0.038550 138.228364 43.527167 7.997427 0.125000 114.457657 
70.437926 10.626180 70.634979 41.874937 1.328798 0.125000 11.001664 
106.984186 18.119828 106.154248 0.599929 1.662634 0.125000 7.389304 
39.377743 36.957511 24.394308 37.455708 1.540085 0.125000 1.970764 
134.355147 47.513039 113.086979 48.202998 2.985043 0.125000 6.633937 
126.892182 90.065654 151.876719 89.444091 2.654665 0.125000 0.879778 
