62.638132 63.167697 63.964787 0.616300 4.839844 0.125000 124.149343 
77.394437 89.393042 77.829581 76.864739 2.715443 0.125000 5.219043 
50.306526 54.216450 64.509865 25.686752 8.956804 0.125000 68.796927 
79.191033 75.924709 77.924105 59.295074 7.086545 0.125000 18.658831 
158.115852 28.908241 170.635479 28.841528 5.033233 0.125000 10.297348 
97.640924 12.910241 92.906201 23.582490 5.088009 0.125000 0.186775 
109.361885 34.689824 126.935532 35.421883 4.267007 0.125000 15.291999 
76.926518 57.591084 64.401417 58.492184 4.188821 0.125000 5.468486 
134.210510 35.306284 142.680163 30.935088 4.375482 0.125000 0.434640 
146.764606 3.559788 100.516345 9.822630 4.090297 0.125000 40.086462 
174.503118 92.198260 79.358430 90.141530 12.693212 0.125000 411.219575 
67.620856 60.638763 67.090528 89.378977 2.707129 0.125000 28.351130 
174.387661 3.668365 161.869283 3.444078 2.656344 0.125000 3.370729 
122.918473 12.282320 132.890089 17.338302 2.826424 0.125000 0.883796 
165.391626 16.379146 152.925001 12.521295 2.843335 0.125000 0.664633 
0.589478 63.196016 44.375043 64.373417 2.431896 0.125000 38.446780 
65.764090 90.483317 32.967044 87.205447 5.969700 0.125000 55.669209 
75.849170 92.166670 66.811631 91.249258 4.362028 0.062500 1.228679 
45.624456 66.895697 0.622669 65.713764 2.102859 0.125000 35.284902 
80.630830 82.244512 103.125230 81.889594 1.407606 0.125000 4.680034 
83.839965 26.917448 85.105928 5.594183 3.088262 0.125000 25.670416 
136.874828 66.110616 84.374834 66.091999 1.267731 0.125000 26.354194 
45.546296 63.122509 49.926443 54.621058 7.341119 0.125000 15.599063 
0.613709 79.979938 64.388154 81.170224 2.219653 0.125000 41.178160 
103.104905 62.430923 153.129908 64.239211 3.070226 0.125000 35.667666 
80.566221 61.728119 101.888892 62.864277 2.562969 0.125000 12.777654 
75.847169 63.395486 69.370162 64.341886 3.349144 0.125000 1.970764 
154.372464 63.857280 174.378107 63.759299 2.506092 0.125000 11.948253 
87.412265 54.467069 83.718345 25.871296 3.760526 0.125000 24.701793 
168.105496 78.338961 143.085505 76.058270 2.719988 0.125000 2.619268 
65.625000 111.875000 45.625000 111.875000 1.250000 0.125000 3.776944 
38.067635 80.094043 44.822043 68.890895 5.588314 0.125000 19.604676 
58.125000 116.875000 75.625000 116.875000 1.250000 0.125000 1.970764 
84.971182 68.104099 85.235333 75.638661 1.468214 0.062500 1.669734 
146.846350 83.596214 164.357616 84.660920 1.475280 0.125000 2.873854 
140.625000 59.375000 110.625000 59.375000 1.250000 0.125000 11.001664 
60.625000 95.625000 41.875000 95.625000 1.250000 0.125000 2.873854 
