0.478559 41.418235 21.920832 45.376737 3.593109 0.125000 13.121880 
155.620866 90.672804 51.782574 81.693875 3.782938 0.125000 137.866045 
15.774530 47.562935 4.336430 44.519982 2.172086 0.125000 3.776944 
16.887288 75.655518 0.613749 75.491539 2.651012 0.125000 18.532534 
80.568122 89.197897 160.608241 93.441123 5.976539 0.125000 98.182459 
18.449288 54.446589 20.674270 83.217857 7.959569 0.125000 67.494656 
54.362532 85.725200 80.365449 88.960850 5.893463 0.125000 31.351377 
5.293501 64.097878 10.469942 59.210762 5.402715 0.125000 2.847294 
0.588235 124.143942 33.061657 118.976904 2.132021 0.125000 26.142933 
140.533190 106.411234 0.336074 134.165527 3.242992 0.125000 108.850938 
169.375236 95.611520 151.880592 95.305399 1.381023 0.125000 1.970764 
36.885246 86.749240 6.880727 84.304709 3.202270 0.125000 8.168637 
161.846013 93.409343 174.343562 94.683387 1.623872 0.062500 2.873854 
39.161803 122.092653 79.011133 113.863077 6.746135 0.125000 55.317852 
5.693162 84.954878 0.471446 85.568671 2.774762 0.031250 4.981064 
19.383188 126.915871 36.689445 123.448785 3.431397 0.125000 9.079857 
79.214778 113.483528 169.227744 97.305674 6.151437 0.125000 130.038681 
51.833937 77.525084 81.872002 79.422468 2.573828 0.125000 26.747503 
14.611456 8.784902 0.441308 13.862352 2.441685 0.125000 7.870688 
99.331269 80.110008 110.615695 80.781398 1.396273 0.031250 3.475914 
111.866114 80.856947 149.374167 80.529546 1.315416 0.125000 15.517114 
83.119739 79.596424 98.140959 79.953327 1.576254 0.125000 1.970764 
0.536149 130.069269 19.208549 127.083906 3.161190 0.125000 18.201342 
20.318465 43.207710 18.523091 9.420268 5.390924 0.125000 82.945342 
41.043223 38.125825 41.067896 25.625874 3.769731 0.125000 10.225809 
0.604487 80.053552 15.628545 80.507733 1.627135 0.125000 1.970764 
