23.143016 91.134249 123.144665 93.566437 3.840070 0.125000 114.947393 
67.722854 0.398161 59.726932 14.573515 5.108591 0.125000 6.123218 
126.087645 36.880530 125.310801 101.871244 2.544643 0.125000 44.488859 
127.039364 11.879033 126.517499 33.146900 1.250000 0.125000 4.680034 
123.260802 96.405318 108.068321 99.049320 3.908789 0.125000 5.865812 
154.328628 102.649016 174.406340 103.851880 2.495525 0.125000 11.074856 
58.216981 18.223511 41.429729 33.898122 4.628767 0.125000 14.348050 
106.789448 101.984546 72.078548 104.588405 7.759506 0.125000 77.547018 
123.460333 91.879346 124.157013 38.122175 2.451195 0.125000 55.196419 
44.569949 5.285588 54.248738 10.844826 4.496936 0.125000 4.864122 
62.608978 15.048477 97.151013 41.514766 7.937832 0.125000 81.109328 
72.271874 106.203954 50.682243 110.888797 6.372929 0.125000 38.164739 
151.875000 0.625000 151.875000 68.125000 1.250000 0.125000 37.191274 
52.781957 110.870571 9.751307 125.566828 8.134954 0.125000 93.944424 
128.061141 100.842339 150.681499 101.826782 4.235593 0.125000 16.193513 
48.001794 30.625382 48.184173 89.374816 1.265516 0.125000 30.869644 
50.798161 89.373346 50.236946 30.616767 1.250000 0.125000 21.306669 
154.367735 59.996382 174.379509 59.765089 1.481058 0.125000 9.195484 
96.999548 48.876072 107.628140 82.491646 8.912596 0.125000 75.972235 
24.374067 45.624973 23.104200 89.374396 3.857223 0.125000 32.215913 
170.622363 105.749957 151.854343 105.353911 1.250000 0.125000 1.970764 
149.487425 66.874771 149.352204 0.625047 1.288267 0.125000 37.191274 
174.400122 56.488127 154.380699 57.070811 1.322205 0.125000 3.776944 
104.509310 84.294357 104.884857 90.740936 4.034436 0.125000 5.583124 
26.875000 89.375000 26.875000 44.375000 1.250000 0.125000 21.838744 
70.646606 101.276391 46.882448 100.418646 1.519716 0.125000 9.195484 
74.375000 66.875000 74.375000 39.375000 1.250000 0.125000 9.195484 
16.899653 106.966201 0.496658 111.400219 1.304758 0.062500 4.132106 
76.875000 48.125000 76.875000 66.875000 1.250000 0.125000 2.873854 
