74.394769 45.623969 75.894069 74.360962 4.265930 0.125000 19.865581 
89.343836 23.121974 88.118289 35.745702 2.766167 0.125000 1.855669 
73.998872 10.607937 74.536589 38.146252 4.090928 0.125000 35.782118 
73.158631 0.531814 73.810169 9.506748 6.143090 0.125000 5.336485 
73.433406 39.145562 65.972358 29.116584 2.776195 0.125000 1.229414 
88.128312 91.441622 153.124515 91.938395 1.469697 0.125000 31.928121 
174.374666 94.454709 88.126183 94.093013 2.631028 0.125000 24.198468 
85.005059 43.133973 85.254730 25.601926 3.731821 0.125000 10.297348 
109.374947 27.138725 96.874948 27.136222 3.751001 0.125000 1.198571 
111.362747 43.187726 110.826343 28.117833 5.530414 0.125000 24.738389 
122.553842 40.619473 122.251352 71.878642 1.528138 0.125000 23.884372 
152.920546 33.125524 152.837211 0.622533 2.567294 0.125000 34.612635 
67.688660 35.987068 75.046886 44.854710 4.646029 0.125000 4.557628 
120.585275 69.377988 118.413678 40.509256 3.739435 0.125000 17.505874 
87.361862 41.851228 88.156394 58.123467 3.167604 0.125000 12.811411 
62.435869 60.585513 62.154952 74.380701 2.524931 0.125000 5.962107 
88.120540 93.952909 26.872318 93.622994 1.579902 0.125000 67.089000 
147.859440 0.579137 148.387835 11.920990 3.020840 0.125000 5.301648 
114.423929 73.270460 98.129014 72.931842 3.645310 0.125000 0.879778 
94.514732 53.115240 92.678035 26.818911 5.395700 0.125000 34.079326 
26.640120 53.119582 26.359917 0.621077 3.783305 0.125000 70.516645 
67.661042 74.386604 67.285333 59.364737 2.530472 0.125000 9.642303 
127.853807 63.111752 127.346344 25.618620 7.685400 0.125000 52.838046 
98.377055 29.374866 98.385034 44.374862 3.753324 0.125000 19.423771 
95.395560 71.875809 95.347087 58.121574 2.517606 0.125000 7.870688 
126.556875 13.128451 126.603197 0.619365 3.791633 0.125000 8.614963 
60.635572 92.167515 88.144816 91.173286 2.588664 0.125000 0.935925 
88.695583 2.819782 96.370174 8.338778 5.233905 0.125000 1.036501 
58.148303 26.476899 28.177826 24.722549 3.232278 0.125000 11.657898 
28.116452 28.549319 59.353774 29.178623 4.126898 0.125000 18.246374 
83.315226 25.375579 82.059246 5.534211 9.601173 0.125000 48.028551 
70.877783 59.353708 71.037393 70.619157 2.588291 0.125000 3.456020 
88.405218 71.709437 85.532550 88.536022 5.770126 0.125000 11.017588 
96.874723 20.512751 114.377702 20.469546 2.540105 0.125000 12.304394 
115.597369 24.375362 115.761023 36.873219 1.282626 0.031250 2.447038 
115.692925 40.624663 115.848050 71.873893 2.617865 0.125000 11.797682 
45.572659 23.672207 66.866964 25.709019 1.655502 0.125000 6.985969 
141.333650 73.099258 140.653453 54.373966 2.543729 0.125000 14.081748 
32.752749 74.368363 32.639341 59.369221 2.594438 0.125000 11.001664 
75.999585 75.526533 74.425457 89.521275 3.167625 0.125000 10.225809 
111.352028 134.393526 111.703828 96.849970 6.343426 0.125000 106.743240 
59.357291 73.124244 60.478609 46.868748 2.871077 0.125000 6.289854 
86.201311 95.532212 88.634129 143.416671 9.987119 0.125000 116.221146 
129.373609 10.575178 145.645826 10.120789 2.847943 0.125000 14.081748 
53.525283 41.881928 53.800442 75.629685 2.632405 0.125000 32.343103 
23.402999 95.362396 0.599038 101.782788 2.932135 0.125000 12.495233 
104.756853 48.125648 104.718662 70.625583 1.286068 0.125000 3.456020 
111.679701 87.658497 109.199917 75.407422 6.869733 0.125000 1.153169 
80.282462 52.110833 85.328905 44.186440 4.598830 0.125000 1.198571 
171.875000 33.125000 154.375000 33.125000 1.250000 0.125000 1.970764 
137.467310 54.350332 138.093087 69.376329 1.613007 0.125000 4.680034 
129.819377 22.009139 128.739365 15.522706 3.904378 0.125000 2.576231 
102.144126 70.630124 102.572771 48.114487 2.523340 0.125000 12.806661 
128.388441 70.724502 128.895552 63.011296 4.151947 0.125000 5.946800 
29.374401 41.789383 51.882041 41.632005 2.639779 0.125000 19.423771 
78.913642 30.607392 79.221111 44.378436 0.875807 0.031250 0.255185 
81.854829 74.376191 80.522619 51.807258 4.770340 0.125000 33.212780 
56.877362 78.662650 39.372208 78.739568 1.326883 0.125000 5.583124 
174.447154 77.746586 163.053364 77.241738 3.690992 0.125000 1.198571 
58.325881 39.377379 58.044607 63.124048 1.294327 0.125000 6.486214 
88.655067 60.610668 88.455079 70.656456 2.499505 0.125000 2.576231 
108.398230 85.145924 100.310091 83.867830 5.914244 0.125000 4.304398 
15.074596 61.871721 14.888288 93.142953 3.749933 0.125000 17.173606 
111.055776 4.080782 123.099994 14.404174 5.558753 0.125000 12.320232 
119.397918 89.375616 119.734788 76.851056 1.451201 0.062500 1.669734 
14.879869 0.623407 15.069157 60.626753 1.439270 0.125000 69.702513 
93.316104 110.627417 93.490214 96.863807 2.642101 0.125000 7.870688 
51.879083 36.865886 31.875187 36.931704 2.549340 0.125000 17.918538 
11.216141 79.382948 10.265907 0.614252 1.896682 0.125000 61.728619 
168.211213 91.437117 149.450148 87.743317 3.158233 0.125000 4.341659 
126.944129 90.630896 128.117388 76.874351 4.981914 0.125000 17.915388 
0.464879 82.368274 9.346223 80.489003 1.740457 0.015625 0.674597 
105.637299 143.622143 103.546491 127.902679 13.379725 0.125000 8.518872 
119.278017 20.752582 110.721387 14.248201 1.751581 0.062500 2.873854 
109.423161 12.982841 94.354708 12.461552 2.412070 0.125000 7.697740 
74.311803 95.615246 74.465986 114.374252 5.010105 0.125000 15.663201 
113.290312 69.380589 113.924956 50.609784 1.671672 0.125000 11.904754 
39.374571 50.905891 50.625122 50.900915 0.629976 0.031250 0.983154 
101.875000 43.125000 101.875000 29.375000 1.250000 0.031250 1.681407 
127.916782 110.650404 126.227132 96.801536 3.087140 0.125000 1.702576 
