75.218450 44.400901 76.497573 64.478681 3.130737 0.125000 18.883306 
73.886528 3.151534 74.969739 23.092694 4.246834 0.125000 19.023505 
122.619147 18.081655 121.759414 28.115096 2.811025 0.125000 0.050694 
109.377347 25.254362 98.127427 25.284384 2.523341 0.125000 0.797908 
121.923235 38.129017 122.031867 70.624476 2.604454 0.125000 23.879069 
74.569634 23.189918 75.416946 36.964688 3.896415 0.125000 14.541222 
85.361556 39.374763 85.375047 24.373651 2.510116 0.125000 6.829207 
110.624181 88.283311 88.124783 88.166928 2.538761 0.125000 5.336485 
66.065430 31.524437 75.910209 43.892932 4.490947 0.125000 6.729638 
100.626009 85.541381 119.373280 85.767576 2.650626 0.125000 3.453467 
92.943734 17.268955 88.322472 24.995479 4.291051 0.125000 1.229414 
111.416928 41.960494 110.661766 26.873160 4.370188 0.125000 27.457351 
35.618681 24.375075 35.338477 0.613638 2.779876 0.125000 32.675824 
151.476357 31.879874 151.094002 0.603985 3.902524 0.125000 33.481638 
87.461367 39.339320 88.451136 55.605155 3.254600 0.125000 17.321641 
64.374965 85.681487 91.874954 85.698670 1.880467 0.125000 1.855669 
98.332854 26.872933 98.482146 41.883880 2.636621 0.125000 8.756152 
120.131290 66.817534 117.944923 38.043702 2.886852 0.125000 14.382555 
12.125993 89.268024 0.346068 91.854739 3.394638 0.125000 9.438675 
100.574688 43.512424 108.588851 44.553173 6.036978 0.125000 2.742210 
96.346342 69.419066 92.586763 24.315671 5.917538 0.125000 57.624782 
86.874822 88.152407 36.876939 87.827078 1.380108 0.125000 24.548014 
41.028657 71.881227 40.899830 54.372978 2.628696 0.125000 13.192832 
68.863938 71.882090 68.672989 58.117398 2.517098 0.125000 10.098574 
127.512560 69.424537 126.247393 21.858446 6.879272 0.125000 63.950747 
35.973714 45.640836 35.643590 26.852710 2.829018 0.125000 17.143730 
83.662471 24.081821 82.051812 0.527434 8.729614 0.125000 44.704695 
162.307732 36.152497 156.254326 41.118402 3.859860 0.062500 0.850453 
146.098627 0.596297 146.711590 10.710657 2.646652 0.125000 1.697763 
72.561358 58.101483 71.986475 71.879651 1.613682 0.125000 3.776944 
61.880821 26.803049 36.942930 24.785396 2.931350 0.125000 5.241318 
38.119155 28.829067 61.867518 29.026224 3.895150 0.125000 23.911826 
63.423043 56.950234 62.820305 79.366807 5.065389 0.125000 12.000505 
112.333328 125.703267 111.498065 90.574519 7.527594 0.125000 94.387948 
48.071948 23.663095 68.123519 25.640025 1.629417 0.125000 4.232717 
96.870662 18.920256 114.380992 18.753231 1.404939 0.125000 5.219043 
172.918062 20.513364 171.943971 33.226064 3.643540 0.062500 0.538800 
128.112998 10.426012 144.379216 9.444907 2.796495 0.125000 10.310893 
115.900884 48.127445 115.712502 69.386852 2.455598 0.125000 5.882676 
56.065744 38.136110 56.546139 73.129515 3.663854 0.125000 21.860321 
86.801241 89.344253 88.209585 143.220815 9.800601 0.125000 115.280811 
115.400658 20.621042 115.487493 43.125531 3.788557 0.125000 8.695560 
80.546344 56.509375 85.199050 39.601765 5.605511 0.125000 2.882123 
140.098742 70.600256 139.501133 53.120688 1.719094 0.125000 7.389304 
0.441670 96.215369 12.174983 92.954356 6.356476 0.125000 6.188963 
87.462650 74.309148 86.564514 83.342687 5.346475 0.125000 7.917544 
104.778884 45.624603 104.800974 68.124582 1.270863 0.125000 1.653093 
34.589003 88.955411 19.314868 92.891665 2.420902 0.125000 5.096624 
62.656270 55.601406 62.354548 45.610518 2.612058 0.125000 1.697763 
171.895175 64.024454 159.364739 63.303289 1.750692 0.125000 0.797908 
111.853283 83.762510 108.729501 71.406167 6.672109 0.125000 1.153169 
144.374835 88.090035 121.875338 88.196436 1.255897 0.125000 4.680034 
169.375003 31.873808 153.125133 31.827872 1.264129 0.125000 1.067674 
144.393394 71.866497 125.647399 71.592509 2.773750 0.125000 0.891631 
38.109875 41.101506 54.378097 40.783396 2.695026 0.125000 9.642303 
174.395958 75.195992 161.803880 74.580852 3.379585 0.125000 2.680153 
102.500351 66.877413 102.577531 46.872888 1.327152 0.125000 8.756152 
82.107373 64.644089 81.177666 56.809418 3.723873 0.125000 6.486214 
108.132335 80.772655 100.624613 80.749243 5.019465 0.125000 5.096624 
103.747318 144.603541 111.729580 120.998524 13.860552 0.125000 106.028004 
174.380478 85.705740 145.619397 85.571003 5.052647 0.125000 14.785961 
79.854850 28.124832 79.859668 41.874830 2.503941 0.125000 5.096564 
93.686610 110.633096 93.975119 90.619236 2.553793 0.125000 16.751076 
98.201081 90.600290 98.621062 113.139049 2.802311 0.125000 23.884372 
88.511269 58.112523 88.794903 66.893737 1.491473 0.125000 0.164584 
154.380169 34.602815 168.123094 34.290991 1.306388 0.062500 2.873854 
110.764363 3.107162 121.876498 13.123338 5.113033 0.125000 8.991506 
41.876970 49.300912 54.368136 49.633093 1.316018 0.015625 4.680034 
147.117701 82.007132 150.599759 75.611258 3.863920 0.125000 0.050694 
28.325167 74.382007 27.885053 86.954118 3.703972 0.125000 1.036501 
54.434032 36.023386 39.363829 36.563076 3.926542 0.125000 16.190856 
27.162216 0.620524 28.292115 73.122396 1.853671 0.125000 53.040300 
125.344225 84.672333 128.578164 74.130552 4.684908 0.125000 10.225862 
109.391318 11.455365 90.621093 10.725460 1.734768 0.125000 5.962107 
75.749117 89.321042 74.607774 113.136156 5.293456 0.125000 30.279086 
139.903049 83.132779 140.032200 74.366267 1.378758 0.125000 1.067674 
119.401607 19.339687 110.215548 12.418435 1.764331 0.062500 0.616176 
126.357484 106.888465 126.679912 89.348436 3.910186 0.125000 15.479921 
11.974989 78.578930 24.421751 75.837242 1.634785 0.125000 1.067674 
24.375000 46.875000 24.375000 31.875000 1.250000 0.125000 0.164584 
