22.268277 49.115344 31.051596 62.418641 5.944714 0.125000 21.925975 
10.495795 46.115361 22.800260 49.357458 6.745927 0.125000 6.790762 
30.395562 63.404101 36.445197 68.377266 4.706377 0.125000 6.985969 
61.789690 56.882695 60.874834 46.739721 7.245099 0.125000 1.962270 
63.135365 22.883392 87.002313 23.907257 4.888257 0.125000 35.777365 
32.873836 72.037901 25.887141 61.265712 2.834540 0.031250 0.206899 
61.780981 45.633993 61.646989 25.609797 10.091782 0.125000 23.327277 
53.637054 40.559856 52.532460 53.072692 4.870712 0.125000 1.232649 
0.196082 49.013489 9.609990 46.507891 5.231368 0.125000 10.225862 
60.605543 24.423268 60.079883 10.598199 2.498195 0.125000 10.098574 
19.130795 69.717112 15.701017 79.800503 3.532000 0.125000 1.855669 
14.059758 70.136715 6.331478 66.938304 4.222004 0.125000 5.962107 
93.014281 33.969365 83.334400 47.030195 3.757059 0.125000 8.488164 
49.399304 78.787893 41.863604 79.064182 3.884880 0.125000 1.653093 
111.883138 4.486164 126.803177 3.393908 3.831256 0.125000 16.442587 
47.279769 70.430876 51.012795 54.176978 2.255834 0.125000 0.664633 
95.984408 13.139878 96.100273 0.606283 3.842279 0.125000 18.226384 
141.778206 11.740512 174.465949 14.576846 5.959124 0.125000 47.331857 
126.574895 3.927640 139.591978 8.794686 4.245571 0.125000 17.321641 
60.935242 76.919220 50.061846 79.525723 5.092554 0.125000 0.891631 
76.861116 66.826346 95.518588 61.502106 3.606045 0.125000 10.526739 
160.610564 19.566983 135.564193 17.683687 3.083363 0.125000 19.023505 
95.677642 43.166635 77.642018 65.970279 7.798785 0.125000 44.201697 
97.716298 80.586223 96.276323 49.344979 3.803577 0.125000 19.113786 
83.034573 26.783714 69.844884 39.849345 1.826216 0.125000 6.102063 
93.141426 77.786034 68.079132 76.571509 3.162617 0.125000 35.385094 
128.185669 16.559967 120.489643 15.077856 3.164041 0.125000 2.873854 
63.947088 0.613384 63.817111 19.388445 3.879711 0.125000 30.869644 
12.471393 0.623647 12.545105 33.126315 1.323703 0.125000 32.675824 
174.384539 82.947303 96.879553 83.636776 4.183507 0.125000 101.606172 
65.353439 60.292704 68.854556 44.261339 2.667035 0.125000 6.848509 
40.665010 80.052306 29.295844 79.258016 6.670388 0.125000 7.337580 
94.580474 64.371634 94.785517 76.888752 2.540612 0.125000 8.292394 
95.636294 82.147194 76.874102 82.052077 3.737278 0.125000 7.949579 
106.715128 9.600795 112.403588 13.628448 3.284460 0.125000 1.067674 
63.028589 95.888145 59.974875 80.263457 9.546589 0.125000 33.182003 
48.771819 11.883843 48.606653 0.617939 1.414781 0.125000 1.970764 
7.374120 0.615290 6.937330 34.391971 2.742240 0.125000 42.609814 
97.859271 110.653763 97.360428 84.365788 2.902719 0.125000 20.626123 
60.581347 118.124428 60.909105 93.112343 6.429628 0.125000 39.853473 
10.209695 116.857111 10.129100 135.622870 13.739136 0.125000 55.365564 
12.596661 101.856510 12.109924 115.764460 8.700927 0.125000 19.405112 
33.758111 83.023191 21.431240 89.820209 5.990981 0.125000 1.153169 
12.639165 134.877390 10.355859 143.996556 7.884497 0.125000 2.282913 
65.251333 129.113984 63.002142 143.105250 6.567571 0.125000 19.693158 
49.787680 125.688446 50.942977 118.173886 6.177421 0.125000 1.486207 
65.929581 120.691018 63.691064 131.018633 4.459267 0.125000 10.225809 
100.911560 9.393446 101.477650 0.599422 1.648913 0.125000 0.164584 
87.787183 136.960785 79.625417 113.039559 13.444925 0.125000 96.594711 
48.700387 143.290290 49.645436 125.706718 7.556277 0.125000 25.454348 
47.237265 103.552641 51.055436 89.157617 4.980213 0.125000 17.249225 
78.579814 89.536412 65.884149 82.383707 7.009792 0.125000 25.181628 
1.110951 21.868950 1.282110 35.616819 2.515367 0.125000 9.195484 
51.192142 118.545274 47.852112 103.184336 5.098817 0.125000 25.598574 
89.296832 92.045626 80.171439 87.865031 2.368008 0.125000 2.873854 
27.420202 91.427395 25.601603 99.369643 4.873862 0.125000 2.847294 
85.463287 98.401533 75.288054 92.451185 2.606111 0.125000 0.883796 
2.137127 0.638944 1.205320 18.155870 1.381034 0.062500 2.108726 
