60.640665 18.890542 76.873692 19.415455 3.950036 0.125000 13.650421 
39.146605 35.753070 53.082475 32.916105 6.373737 0.125000 11.363855 
96.822565 31.086980 119.389001 29.585411 5.071959 0.125000 25.089673 
51.805629 32.498007 59.195343 27.839984 5.953817 0.125000 4.304398 
141.961881 37.827997 158.170169 37.420178 7.560510 0.125000 27.684643 
128.203797 33.259161 136.925532 32.762655 6.524074 0.125000 3.294530 
0.572172 43.888538 23.137124 45.449770 2.925434 0.125000 19.754330 
23.446112 44.800836 35.621179 35.619933 6.495424 0.125000 17.991916 
136.980430 32.773470 143.743730 41.389306 5.053826 0.125000 0.553250 
161.917415 40.645417 162.550401 0.576429 6.209732 0.125000 121.556209 
75.323622 49.141443 60.753093 67.942974 7.558265 0.125000 36.275096 
58.184839 26.910929 57.918652 18.093493 6.360310 0.125000 1.269599 
79.345491 16.520802 76.135294 39.446455 6.511768 0.125000 37.463690 
133.193156 49.738019 118.185717 48.584836 2.972829 0.125000 1.198571 
136.749053 53.389573 149.369672 54.439067 7.267024 0.125000 5.049777 
94.070638 75.591628 95.035765 30.639187 6.221729 0.125000 82.386517 
143.111344 73.255515 118.252714 70.654430 3.469471 0.125000 11.554906 
152.464523 38.784779 158.711217 45.038082 3.539272 0.125000 3.370729 
156.865398 46.956656 136.703228 44.585742 5.111769 0.125000 17.726396 
116.824626 51.232047 135.652433 52.794413 3.008297 0.125000 13.631274 
65.623922 72.848276 91.873523 72.745996 1.347401 0.125000 6.486214 
5.558681 84.727720 20.660957 83.611496 6.325136 0.125000 13.449242 
22.897303 78.306430 19.364138 49.529807 6.530122 0.125000 56.022159 
100.632400 79.582655 75.619618 80.473963 3.525050 0.125000 30.257893 
62.912744 67.012033 60.577218 84.698814 7.178058 0.125000 25.698953 
148.165068 51.504517 135.675957 50.153826 2.754313 0.125000 1.034919 
21.582200 55.535007 24.363089 46.487147 4.412113 0.125000 5.172956 
71.872011 76.220975 91.877777 76.321305 1.337746 0.125000 7.653196 
155.495764 79.410739 140.663777 80.989340 3.596646 0.125000 5.664267 
73.280122 42.238269 70.453094 53.699260 8.179823 0.125000 9.973546 
0.528743 13.920910 31.924240 17.717855 2.862705 0.125000 37.669546 
119.960821 33.078769 120.120492 39.419184 4.436353 0.125000 0.426994 
150.601945 84.203506 161.982356 82.673569 3.716566 0.125000 9.438675 
21.841727 47.664780 0.576808 46.768896 3.378369 0.125000 14.649975 
174.441925 74.632398 167.968514 74.195935 7.735277 0.125000 0.553250 
161.181595 50.994623 163.100779 41.614299 6.373712 0.125000 9.886491 
163.500988 90.335476 146.879033 88.095077 7.696738 0.125000 18.827547 
33.497308 35.632463 34.199608 0.596428 3.974708 0.125000 35.667666 
54.481889 23.505715 39.402478 21.651528 2.176206 0.125000 2.510782 
163.139319 68.563628 155.915232 79.565572 4.475334 0.125000 4.824161 
170.725290 66.244530 164.241671 65.213168 3.058071 0.125000 1.970764 
91.875000 50.625000 76.875000 50.625000 1.250000 0.125000 0.164584 
94.375397 4.372776 71.920906 0.367630 2.155270 0.125000 16.420204 
56.981588 92.448143 0.452753 94.408767 9.308012 0.125000 180.350638 
94.396525 27.908161 80.657818 26.544390 1.993876 0.125000 3.776944 
38.003725 0.612711 37.824298 20.633508 2.679133 0.125000 13.809694 
37.905977 23.105634 37.773737 33.136848 2.631600 0.125000 4.680034 
39.374560 19.378990 54.466643 21.044651 2.339460 0.125000 5.962107 
174.311858 20.615073 172.111885 34.608756 3.316239 0.125000 0.294986 
31.914182 21.589386 0.399865 17.266116 4.515473 0.125000 51.900426 
76.882059 48.346323 91.866815 47.868380 5.077156 0.125000 3.662453 
80.656018 24.102661 94.370483 25.664660 2.059581 0.125000 3.776944 
172.035040 35.619385 172.134613 60.623966 3.809703 0.125000 23.400890 
81.922523 0.259762 94.374359 1.879928 1.723403 0.062500 0.616176 
24.391244 26.719298 0.638946 24.241321 2.151176 0.125000 15.860896 
92.784735 113.115780 93.630851 81.888706 5.032023 0.125000 26.245045 
0.635830 21.772667 25.620584 24.416730 1.900805 0.125000 16.420204 
147.961181 70.291589 155.660554 75.573169 3.535468 0.125000 0.218275 
61.593972 97.943615 63.141370 116.873662 5.594413 0.125000 23.499498 
27.025967 9.617648 0.619713 5.660281 1.916604 0.125000 3.521151 
0.610974 74.120900 18.142706 74.367808 5.105120 0.125000 15.663201 
104.168811 53.116218 103.316212 73.133144 3.693409 0.125000 16.423266 
18.122517 54.994574 0.622798 54.924437 1.320127 0.125000 6.486214 
19.656400 119.405444 21.824034 99.369486 4.669391 0.125000 17.213362 
96.672545 0.627883 96.939488 19.374082 1.285469 0.125000 2.873854 
27.223199 25.578835 27.548935 36.855533 2.498958 0.125000 5.583124 
0.631500 38.041424 23.189482 39.795964 1.633961 0.125000 8.292394 
20.686363 37.317618 0.612312 35.791947 1.545516 0.125000 5.583124 
0.660726 7.875405 25.684790 11.457293 1.594052 0.125000 9.642303 
118.086787 84.811783 136.854085 83.929912 4.039229 0.125000 11.314525 
93.727162 23.128446 93.827352 5.621866 1.350131 0.125000 11.001664 
28.797989 0.620217 28.735738 8.130063 1.312124 0.031250 2.447038 
