145.133927 4.345373 144.686647 30.630303 6.419237 0.125000 43.854848 
174.554160 29.672241 163.024526 31.007295 4.012672 0.125000 7.689797 
171.826075 74.402010 162.851512 58.145809 8.948092 0.125000 8.023582 
160.692075 31.012204 154.203707 32.136176 2.890030 0.125000 0.164584 
140.745785 16.827430 136.664869 6.465462 7.400515 0.125000 1.067155 
59.618282 0.623814 59.665945 60.626755 7.518863 0.125000 97.076001 
24.592272 34.369194 4.333620 30.864169 4.121306 0.125000 23.018413 
0.621916 64.317928 23.123752 63.101907 2.833621 0.125000 10.695739 
56.918235 32.931497 39.345357 33.650628 3.060127 0.125000 21.207173 
163.088323 25.111401 174.458867 24.299413 3.560664 0.125000 0.149785 
1.875906 13.186367 19.372093 12.928092 2.573528 0.125000 1.967896 
145.191437 30.544494 145.780618 45.667636 5.385503 0.125000 22.445353 
56.867218 66.801363 35.721270 69.035992 5.629133 0.125000 19.581622 
26.865388 64.166726 56.916759 62.779856 3.803639 0.125000 22.378424 
20.581621 68.436492 0.624945 68.128576 5.230816 0.125000 15.993536 
159.464353 15.933808 173.487082 11.876376 4.138652 0.125000 3.141359 
0.594093 28.959426 30.706432 26.719938 3.554256 0.125000 25.508236 
168.498073 3.021705 155.343922 5.069291 6.560151 0.125000 11.832720 
145.441656 51.637672 144.764065 59.298855 4.980558 0.125000 5.946800 
44.400850 1.835531 58.033709 10.764385 5.154907 0.125000 4.000928 
151.969102 29.438762 152.276917 16.915604 6.340259 0.125000 21.333662 
60.054291 61.826539 59.453184 84.410352 4.181041 0.125000 26.689219 
34.402113 15.887573 8.045914 18.609108 2.189462 0.125000 7.695231 
71.881041 79.025623 129.363854 80.019582 2.888625 0.125000 32.970010 
66.975105 68.821779 85.873781 66.106634 4.422930 0.125000 8.695560 
19.813728 8.698910 27.748817 2.632906 5.490582 0.125000 0.940023 
133.366633 78.225239 137.330632 19.237617 9.987484 0.125000 111.861539 
72.243283 0.081837 88.020406 10.779261 5.208297 0.125000 26.431758 
65.412119 63.150079 66.925485 0.565768 5.330934 0.125000 136.660916 
91.117782 3.583011 75.253373 63.948829 9.028034 0.125000 130.789698 
145.092340 61.837553 145.554661 70.693924 3.875228 0.125000 7.870688 
38.499245 31.997275 37.407800 13.022452 7.056930 0.125000 22.526659 
52.857240 28.641221 40.963647 22.472114 3.987354 0.125000 7.917544 
174.125688 94.565109 165.627242 83.420122 12.735639 0.125000 13.663653 
18.077300 82.583007 0.493474 84.130539 3.406798 0.125000 8.488164 
38.210229 14.404590 37.858733 0.568255 5.252343 0.125000 23.848985 
21.026969 60.647651 21.353260 36.850707 4.023851 0.125000 56.156164 
45.389494 82.369077 33.714914 86.006270 5.223498 0.125000 6.145961 
87.593506 69.179221 86.734374 76.996916 4.000654 0.125000 5.096564 
25.571310 71.865100 25.533200 76.883795 2.537894 0.062500 0.465614 
0.590594 81.708441 16.918511 78.335642 4.218397 0.125000 5.552885 
64.647448 84.389602 65.452684 69.365764 3.811526 0.125000 8.275987 
2.340549 70.565863 1.764222 78.210881 4.115253 0.125000 3.370729 
31.880313 20.710875 0.595395 22.646513 2.881186 0.125000 10.912266 
26.758262 36.818966 26.293606 48.152412 2.856338 0.125000 4.232717 
26.150799 54.345144 25.837882 61.935310 3.901286 0.125000 0.883796 
38.124624 78.845328 56.875502 78.832003 1.262436 0.125000 1.970764 
147.121102 80.642026 145.456065 104.709227 11.481991 0.125000 81.747543 
174.426567 17.454342 161.914435 18.568044 2.490155 0.125000 2.510782 
150.547475 64.396201 150.327617 50.629749 2.579524 0.125000 3.403198 
31.176759 76.905670 31.461531 71.782535 3.952345 0.125000 1.697763 
1.830480 34.355095 1.523018 54.350367 2.807203 0.125000 17.321641 
36.647809 70.621788 36.558953 76.905881 5.070192 0.125000 5.096564 
165.716956 143.368839 168.035517 130.608741 4.136528 0.125000 12.777654 
133.566468 100.628970 133.468245 80.623315 5.036763 0.125000 22.292077 
172.152957 130.662754 174.698873 111.918991 2.813732 0.125000 2.089640 
150.618624 134.376541 152.754175 143.214603 3.351509 0.125000 6.486214 
37.976432 53.260434 36.897926 62.031521 4.179627 0.125000 2.036308 
149.762801 104.348579 151.548706 130.562069 2.409254 0.125000 26.354194 
