64.384130 46.771976 174.387110 45.896343 3.491186 0.125000 140.798072 
18.085653 101.240287 110.686585 107.161965 3.140037 0.125000 86.926711 
111.826864 107.500977 174.437244 112.315562 2.588480 0.125000 66.098455 
174.391375 51.548822 65.619950 52.069048 6.506998 0.125000 231.747344 
65.357194 52.017039 58.293394 38.698662 5.454365 0.125000 1.067155 
0.568823 100.483177 16.903579 101.311243 2.876507 0.125000 18.226384 
70.743131 35.336815 76.971386 37.889864 3.469799 0.125000 1.970764 
0.620807 49.953183 59.376320 49.586489 1.538617 0.125000 37.669546 
65.556602 0.601925 66.387209 43.134526 3.676066 0.125000 56.131756 
60.015044 36.875123 60.007763 0.624873 1.257281 0.125000 15.517114 
