88.094732 33.126258 89.289658 61.878547 4.525331 0.125000 22.695920 
68.428791 36.914868 70.378467 83.188055 4.483367 0.125000 45.781729 
67.819040 0.604312 68.477344 30.644671 4.050345 0.125000 39.160999 
39.908535 0.209642 68.463192 36.888588 3.527734 0.125000 42.875127 
54.519032 13.955437 44.461086 0.560361 3.254724 0.125000 5.882676 
134.263953 36.854099 132.587820 45.759169 4.610159 0.125000 1.702576 
67.406575 31.483525 55.094713 14.765527 3.971466 0.125000 6.455911 
85.045919 45.599031 86.111373 21.840755 3.802236 0.125000 19.501288 
118.159912 25.567220 99.389404 26.116876 4.077685 0.125000 5.552885 
133.369511 46.868741 133.458551 68.128838 3.838965 0.125000 18.347765 
127.841277 50.734493 126.408037 30.658337 5.521374 0.125000 13.104592 
107.778442 46.638631 113.403073 48.561679 5.913901 0.125000 1.229414 
116.595933 45.706357 115.538329 25.829137 6.573245 0.125000 31.689591 
50.437833 60.602823 50.881576 81.869646 2.864523 0.125000 30.139265 
129.919545 75.604245 129.011996 51.793548 4.758325 0.125000 21.070294 
120.709612 79.274431 100.608881 78.620435 3.788665 0.125000 6.188963 
101.293795 28.116351 101.520269 45.629587 3.927481 0.125000 27.457351 
156.913212 48.656503 174.323225 47.404838 3.829982 0.125000 10.082962 
54.645693 99.372532 54.292357 60.625754 2.727864 0.125000 39.150202 
131.650257 18.187338 132.232664 31.965557 5.365073 0.125000 4.346719 
88.950087 0.481122 91.387708 14.459974 3.378753 0.125000 17.323294 
98.827351 76.921457 95.545818 38.237754 7.178553 0.125000 53.264951 
132.995929 69.245740 132.045021 79.390936 2.605741 0.125000 0.797908 
160.567228 23.127663 161.027264 33.106455 2.785175 0.125000 2.510782 
61.535126 56.879888 61.247317 36.866051 2.697453 0.125000 16.751076 
94.947906 10.626498 94.964501 18.126461 2.502760 0.125000 0.164584 
59.083786 46.832376 60.752552 84.369329 4.190427 0.125000 39.660344 
99.376358 18.309836 119.375278 18.162865 2.600977 0.125000 7.782856 
144.121351 75.785110 140.220607 39.151858 9.494931 0.125000 79.909527 
24.614476 93.120924 23.209913 10.602278 3.621817 0.125000 111.184787 
24.397160 22.339075 55.467141 44.595373 4.778131 0.125000 55.764543 
138.876419 38.302186 140.749304 30.359559 5.153419 0.125000 6.009503 
94.665979 115.561116 97.169521 77.978085 6.983925 0.125000 24.456371 
174.013945 61.125836 165.291416 54.837731 4.055933 0.125000 6.009503 
82.615343 18.226407 82.020697 0.577973 13.994763 0.125000 42.074193 
174.308312 30.625330 174.159850 0.619880 1.386048 0.125000 11.001664 
88.724659 78.054818 86.872092 128.217221 8.328844 0.125000 60.978237 
159.383473 32.306283 148.113266 32.527686 1.470723 0.125000 2.873854 
173.275462 35.978119 165.575578 39.259011 3.279905 0.125000 1.697763 
156.868387 34.249803 174.385540 33.324539 2.562453 0.125000 7.689797 
121.182103 19.367691 121.952927 78.123978 4.339982 0.125000 38.063260 
59.856943 31.912562 58.784197 45.676378 3.016532 0.125000 1.702576 
116.731384 128.179032 116.269614 105.586276 10.227801 0.125000 48.880999 
158.481055 35.640707 157.983306 46.923892 3.856535 0.125000 6.848509 
108.491212 49.370785 108.807856 76.881528 1.537644 0.125000 18.201342 
50.998455 85.595404 50.322513 105.614787 2.878209 0.125000 12.995593 
140.625949 38.127740 148.095960 35.541135 2.918576 0.125000 0.164584 
49.372431 82.726911 26.873368 82.872110 1.395176 0.125000 4.680034 
106.257588 74.375550 106.279331 49.374482 2.501086 0.125000 21.725979 
21.918003 95.802166 0.131163 101.090488 6.958190 0.125000 27.887079 
168.581876 24.350701 168.979643 31.829545 2.562860 0.125000 0.164584 
19.186867 8.127463 20.283195 91.879474 2.827012 0.125000 110.031520 
162.704677 79.388504 161.899750 54.334046 3.426961 0.125000 34.612635 
55.985709 42.091886 54.406641 35.617283 4.531745 0.062500 0.850453 
138.926229 29.545371 142.594545 12.293797 3.850725 0.125000 14.649975 
75.548695 29.377760 76.180909 46.854891 2.769492 0.125000 8.614963 
163.218412 45.711553 162.739377 39.310315 2.772877 0.125000 1.970764 
157.630372 53.098514 158.551189 79.360056 3.155498 0.125000 24.750649 
168.189827 81.384337 153.086476 82.673758 3.949068 0.125000 0.532358 
115.790638 105.724549 116.450232 88.062455 7.961266 0.125000 22.823135 
49.589165 88.959152 25.501397 95.143576 4.630081 0.125000 30.107196 
7.278509 3.120626 8.145851 83.138323 2.689531 0.125000 92.731273 
93.911865 130.607215 94.534985 114.381144 3.843173 0.125000 5.865812 
53.797421 46.855020 54.133610 58.169315 2.795903 0.125000 1.653093 
100.558487 59.375940 100.770613 74.390603 1.250000 0.125000 0.164584 
102.085872 94.388325 99.799367 130.572828 4.674725 0.125000 32.690950 
76.676240 48.603951 83.745389 46.781677 6.988221 0.125000 1.486207 
154.913433 75.855940 151.619842 65.707812 3.952723 0.125000 6.009503 
89.770631 64.363011 90.150230 76.889387 1.628053 0.125000 2.510782 
78.764457 80.719324 79.719979 74.241503 3.449676 0.125000 0.820776 
26.875000 45.625000 51.875000 45.625000 1.250000 0.125000 7.389304 
128.165288 111.878156 130.224071 85.593597 2.762455 0.125000 17.144900 
108.125000 29.375000 108.125000 43.125000 1.250000 0.062500 2.873854 
77.304555 68.162310 76.564530 51.889119 2.951700 0.125000 11.074856 
119.459227 74.373852 119.152691 51.878029 1.283947 0.125000 2.576231 
133.212962 85.590745 133.885397 111.855532 2.595158 0.125000 22.608456 
26.875000 85.625000 48.125000 85.625000 1.250000 0.125000 4.680034 
114.405141 9.608707 96.883481 9.089048 2.313620 0.031250 3.699960 
105.625000 43.125000 105.625000 29.375000 1.250000 0.062500 0.616176 
125.530578 18.255808 115.396913 10.940983 2.027071 0.125000 3.776944 
164.711070 55.615677 165.093165 69.389753 1.561477 0.125000 4.336995 
138.855226 115.569821 141.507497 90.585986 2.881904 0.125000 6.289854 
70.158082 94.338478 67.802970 124.447585 3.369674 0.125000 11.738727 
117.702209 -0.234619 128.539596 10.194160 4.401622 0.125000 7.931512 
