89.580126 28.007593 87.314093 48.174339 3.056693 0.125000 6.633937 
69.294624 41.878789 71.357797 85.649379 4.157824 0.125000 42.414119 
68.426845 0.579787 69.448895 35.659266 5.325512 0.125000 33.525830 
68.551008 36.554924 58.939810 23.762803 2.506414 0.125000 5.172956 
113.132405 29.545035 100.632745 29.610218 3.789059 0.125000 5.301648 
132.497243 40.511321 130.843968 49.641012 3.689986 0.125000 0.426994 
131.819439 50.603234 131.318740 80.636566 2.874708 0.125000 22.237868 
84.966602 48.101593 85.678315 28.082456 3.836455 0.125000 9.752547 
115.690961 48.246818 114.754912 29.543665 5.868489 0.125000 34.046625 
38.043850 1.939034 69.007487 41.178637 2.997379 0.125000 43.067301 
136.248178 9.315731 137.090351 0.408976 3.968684 0.062500 0.606042 
88.087615 49.264039 89.469557 64.366348 4.303927 0.125000 13.821835 
125.823407 50.615513 125.104932 35.590097 5.292811 0.125000 3.667229 
88.427548 0.592020 90.342116 18.155836 2.756189 0.125000 14.971112 
93.259022 39.422355 92.886151 30.635135 2.762722 0.125000 2.510782 
103.048900 50.064396 112.102530 51.063799 6.212265 0.125000 1.269599 
128.670801 78.092197 126.944636 49.370815 3.470369 0.125000 34.131541 
131.357887 21.800161 129.914688 31.772200 4.769405 0.125000 3.521151 
171.507305 36.880268 170.987556 0.601897 3.982400 0.125000 44.839764 
64.112779 60.590224 63.497439 43.111888 4.055539 0.125000 0.341111 
52.304698 64.367283 52.664165 84.383276 3.951402 0.125000 33.775689 
56.841876 88.125571 56.432512 64.361090 2.908683 0.125000 22.232338 
119.480406 81.711585 100.611551 80.964842 3.796497 0.125000 5.868963 
100.667813 31.856439 100.901581 48.138975 2.733020 0.125000 17.323294 
97.674710 66.912328 97.048682 59.360602 4.667715 0.125000 0.149785 
98.197723 79.403323 97.925783 68.099720 2.709722 0.125000 7.697740 
154.337782 52.775762 171.904699 50.903681 3.148227 0.125000 9.449320 
94.969162 62.115138 97.224515 33.055113 6.048949 0.125000 52.614276 
141.968808 78.257482 137.913132 42.862816 8.693118 0.125000 91.474655 
32.777132 93.129883 31.759494 20.626621 3.679459 0.125000 67.089739 
33.454240 31.904743 58.815855 50.152142 4.701816 0.125000 35.667666 
170.962928 65.421948 158.192907 54.297051 4.255706 0.125000 8.712693 
170.574724 52.820071 173.189704 63.108554 4.558195 0.125000 5.468486 
136.791386 42.124269 138.378808 34.696380 5.150827 0.125000 4.339063 
82.182245 28.239245 82.577172 5.571899 12.672304 0.125000 52.216416 
88.669079 80.517804 86.403866 121.849179 7.540330 0.125000 57.406261 
61.449752 61.816008 62.536276 77.006517 4.097165 0.125000 16.190856 
99.374292 22.227609 118.126727 22.265277 2.515060 0.125000 11.184171 
169.366846 40.601878 161.520257 43.369114 2.564155 0.125000 0.164584 
120.253255 24.360398 121.209308 81.865286 4.081948 0.125000 33.290810 
158.154672 38.556915 169.522766 37.775951 3.569842 0.125000 1.198571 
71.154029 85.654070 69.232804 120.617186 3.127094 0.125000 24.293742 
62.275652 77.981640 61.663501 86.945917 3.741287 0.062500 0.606042 
172.986212 81.892101 170.976443 65.581695 3.874721 0.125000 6.145961 
108.266637 51.874427 108.377847 79.373977 1.346036 0.125000 5.096564 
160.016520 14.058490 165.459221 25.090073 3.916035 0.125000 1.036501 
155.348895 40.725234 154.317368 50.747720 4.114222 0.125000 6.009503 
116.727129 140.569416 115.211628 110.519765 8.801855 0.125000 38.715405 
55.682435 5.428314 67.057513 8.749984 2.951803 0.125000 1.229414 
159.283390 81.877491 158.603064 56.861998 2.601024 0.125000 21.725979 
52.626628 86.864799 52.191310 108.131475 3.672470 0.125000 8.991506 
105.326813 79.371757 105.612244 53.124861 1.467410 0.125000 6.102063 
30.617609 95.593578 12.642062 99.821939 5.153381 0.125000 23.400890 
50.625368 85.135870 34.374767 85.143739 1.257869 0.125000 0.164584 
115.543699 110.653779 115.383875 89.376811 7.518567 0.125000 36.779876 
46.174788 7.733392 40.947786 0.395083 2.329180 0.125000 1.970764 
136.505455 34.563602 139.998170 18.258489 4.539125 0.125000 10.248991 
154.262991 56.820874 155.455016 81.883085 2.972267 0.125000 23.963988 
18.217458 14.374018 18.961327 84.379396 2.818618 0.125000 66.280813 
159.566623 49.432058 159.227035 43.132977 2.698247 0.125000 0.164584 
87.143751 120.781238 88.717671 143.258556 7.219737 0.125000 26.428969 
28.587074 19.372231 29.021574 91.877118 1.661969 0.125000 78.111125 
76.189178 33.118491 76.376636 49.366328 1.422966 0.125000 7.870688 
165.767158 83.780645 145.692376 85.278190 4.018578 0.125000 5.748204 
100.791091 106.879113 100.170883 131.925661 3.872624 0.125000 33.374216 
141.226168 15.668321 140.799623 9.279880 4.074769 0.125000 1.653093 
93.742779 129.344356 95.320216 96.799640 4.169216 0.125000 38.836141 
127.119398 115.637932 128.771773 84.409222 3.282428 0.125000 10.299873 
145.454034 40.589338 154.378663 39.402549 3.137278 0.125000 0.050694 
79.728945 84.354483 79.147030 74.315756 4.033065 0.125000 1.454630 
12.120486 55.546775 12.453335 61.910133 2.561882 0.062500 0.616176 
152.014637 78.423855 148.937920 66.992640 3.946009 0.125000 5.468486 
50.960899 90.696813 34.204713 94.954894 3.982279 0.125000 17.072773 
18.058842 85.057808 6.816002 86.369195 2.193523 0.125000 0.820776 
100.625000 61.875000 100.625000 76.875000 1.250000 0.125000 0.164584 
5.111270 84.394207 5.698679 61.876922 1.510357 0.125000 6.486214 
34.375000 50.625000 54.375000 50.625000 1.250000 0.125000 3.776944 
131.691847 88.097204 132.376167 114.361942 2.759610 0.125000 20.493157 
78.845111 70.707041 78.089729 54.319009 5.397588 0.125000 10.056191 
118.125000 76.875000 118.125000 55.625000 1.250000 0.125000 4.680034 
2.515857 51.872015 2.673066 85.627105 1.401349 0.125000 22.741834 
11.909769 100.766693 0.604367 101.049139 2.748975 0.125000 6.486214 
124.260167 22.037072 114.064547 14.813164 2.167967 0.125000 3.776944 
113.139455 13.861196 93.120133 13.297988 1.671337 0.125000 7.697740 
0.625000 24.375000 16.875000 24.375000 1.250000 0.125000 0.164584 
62.529873 94.348771 62.087582 104.384369 2.662686 0.125000 0.797908 
115.531147 1.950967 127.955164 14.542575 4.508139 0.125000 11.797682 
139.056632 110.658701 137.865119 99.402509 3.466001 0.125000 7.697740 
