20.654462 29.289310 10.558597 25.818133 2.807784 0.125000 3.456020 
9.700541 76.872097 9.276909 29.364728 3.950480 0.125000 87.667453 
131.216115 48.122925 131.334606 81.881284 3.807014 0.125000 45.316721 
9.351879 24.403811 9.170245 0.617019 4.999854 0.125000 19.405112 
28.096998 77.531022 10.577007 78.356967 4.334473 0.125000 27.027597 
19.772020 31.925562 30.284036 35.405088 3.560042 0.125000 2.036308 
158.129018 46.690712 130.614844 46.090818 5.298533 0.125000 22.526659 
161.828858 45.589193 162.575097 70.678535 3.079415 0.125000 22.997911 
11.856417 16.892638 22.181383 27.770643 5.393684 0.125000 10.516855 
143.904285 81.884154 144.286165 49.373957 2.543874 0.125000 23.018413 
159.827514 73.149104 159.071447 48.134175 2.763204 0.125000 27.027597 
48.773903 85.628460 49.193851 6.874034 7.546551 0.125000 117.458282 
173.176152 12.401307 163.029025 13.387510 6.462525 0.125000 4.092379 
29.391144 36.869265 29.301657 75.627717 5.089455 0.125000 113.821385 
162.738152 71.866863 162.688381 81.879043 2.543466 0.125000 4.680034 
160.306223 14.369541 159.791549 44.424944 7.948345 0.125000 110.525341 
173.993816 114.376415 174.156710 14.374644 2.518322 0.125000 110.857656 
49.260506 5.812324 39.755356 0.002698 5.155332 0.125000 4.304398 
129.396634 81.349395 71.889941 80.648742 5.593547 0.125000 116.263659 
118.114882 16.192143 135.627489 16.100471 3.835010 0.125000 4.503683 
80.835290 50.640479 81.013840 19.377221 3.742800 0.125000 28.289260 
141.891303 83.596955 133.118962 83.413142 2.630383 0.125000 0.820776 
136.683952 15.829138 156.856319 14.150512 3.737083 0.125000 8.524990 
131.410710 84.374076 131.326147 126.873908 6.277347 0.125000 33.615170 
146.623772 49.371139 146.258568 73.134737 1.557180 0.125000 12.807844 
49.315351 134.382651 49.030525 85.627012 6.417845 0.125000 68.355699 
103.090620 17.644916 116.948583 16.652503 3.829709 0.125000 1.349337 
83.057924 18.031867 101.885817 17.091603 2.434541 0.125000 6.953153 
123.034797 34.376367 123.018593 48.126348 2.514730 0.125000 6.102063 
105.595247 53.042489 98.071088 53.210492 3.860680 0.125000 4.680034 
10.726164 87.640647 31.032303 84.957620 9.586360 0.125000 55.506207 
57.135544 15.459465 54.185416 33.093283 2.681351 0.125000 13.192832 
9.441437 103.132686 9.352041 89.367031 6.266103 0.125000 14.632986 
69.373436 16.868856 69.576474 58.124008 5.122976 0.125000 38.493668 
144.225172 110.627023 143.870729 84.381810 1.469324 0.125000 2.560371 
105.942466 38.116639 106.305225 51.890007 5.162820 0.125000 2.267805 
29.403093 88.124982 29.402545 125.625000 6.250347 0.125000 82.455868 
163.075372 91.858681 162.761105 116.886127 2.782311 0.125000 31.772734 
74.366163 77.623624 128.138181 78.258378 2.470317 0.125000 28.332488 
65.630222 10.596247 75.750453 12.434239 3.466278 0.125000 6.985969 
66.870307 87.671930 128.132905 88.032718 2.823857 0.125000 73.682516 
72.310423 78.125267 72.301407 50.624860 1.258606 0.125000 9.195484 
23.528960 -0.514502 14.143625 16.749214 6.471502 0.125000 32.159369 
75.699879 7.977204 66.841377 7.502660 5.059707 0.125000 2.742210 
51.795662 86.562588 58.211272 87.105470 2.912685 0.125000 0.820776 
9.761058 129.384792 10.459737 101.839103 5.220260 0.125000 47.626086 
78.136838 16.324442 68.160853 16.493292 3.166771 0.125000 2.873854 
75.756622 44.376431 75.729430 23.126466 3.753196 0.125000 19.736889 
57.949684 66.773894 57.237621 76.812053 4.182837 0.125000 13.192832 
33.332029 88.626880 47.038334 87.007132 6.206810 0.125000 8.695560 
68.877242 59.373629 68.922808 84.375824 1.295560 0.125000 7.389304 
153.155074 12.584183 126.846369 13.699862 1.650372 0.125000 8.567595 
30.100082 0.613851 30.561569 30.625975 1.557350 0.125000 12.807844 
6.875000 0.625000 6.875000 16.875000 1.250000 0.125000 1.067674 
119.365867 14.161795 101.844473 14.912373 1.302353 0.125000 1.067674 
126.724057 32.948373 124.311185 17.934370 2.512451 0.125000 3.508045 
129.782156 45.667983 130.723251 36.753412 3.991739 0.125000 2.036308 
34.360376 81.209636 46.883808 81.522899 1.530931 0.125000 2.873854 
153.605350 43.142699 154.572942 16.882293 1.617363 0.125000 12.304394 
0.497177 88.169094 8.306921 87.341282 3.597351 0.125000 2.510782 
161.996387 115.645836 162.138624 131.883640 5.065503 0.125000 11.284283 
163.259330 133.092797 165.662203 143.116081 1.506964 0.062500 1.669734 
