93.887298 45.623449 93.772032 81.877057 4.988052 0.125000 44.293017 
123.124409 44.399336 109.352174 44.064846 4.968176 0.125000 4.934975 
126.250956 44.352538 127.598100 81.893907 3.344150 0.125000 49.936597 
124.815998 3.111540 124.150317 43.121262 9.185475 0.125000 117.808316 
124.244801 74.377265 123.744741 45.635966 2.521367 0.125000 20.451191 
110.782051 43.004054 98.089809 43.841920 6.154088 0.125000 8.821999 
107.331997 81.885461 108.133408 46.875192 2.642375 0.125000 28.099339 
141.876357 1.695131 123.117996 1.553641 2.603638 0.125000 10.225809 
159.994966 0.622021 159.403894 125.619226 3.079229 0.125000 145.026315 
143.393824 101.902087 140.668793 3.192808 7.980076 0.125000 183.544698 
163.440132 76.875096 163.435104 28.124839 3.750258 0.125000 68.005734 
97.537776 25.841067 95.864725 40.652079 3.185739 0.125000 3.048414 
91.880036 82.221881 16.889337 81.803738 4.133281 0.125000 127.841233 
83.141726 2.732945 105.707311 3.695643 4.012988 0.125000 32.895604 
36.426489 46.874227 36.386706 5.624265 3.774110 0.125000 40.280881 
110.229582 46.870103 109.904326 73.131556 1.574994 0.125000 22.741834 
23.489294 10.423183 21.138073 20.741909 5.044816 0.125000 4.557628 
121.882087 84.036305 109.361414 83.774323 2.708647 0.125000 0.883796 
174.432642 75.795661 165.595256 75.576971 6.402702 0.125000 1.602836 
17.572986 83.121864 17.241627 9.373353 2.584219 0.125000 77.232478 
39.315746 2.681614 48.201446 3.334364 2.326177 0.062500 1.785718 
105.658424 83.995057 96.825420 84.334384 2.690095 0.125000 4.680034 
108.879668 4.051923 119.432096 2.200412 4.924769 0.125000 7.274493 
20.991190 20.378901 22.378347 29.488694 4.055118 0.125000 0.149785 
94.199435 85.612962 92.646364 108.263597 7.738953 0.125000 29.974781 
156.947871 96.740015 145.597754 96.142830 2.890613 0.125000 5.219043 
85.282678 31.888614 85.076499 45.635521 3.712087 0.125000 7.917544 
12.248646 0.623141 12.696496 90.627132 3.830811 0.125000 72.072706 
65.611144 50.986980 56.843775 51.123779 3.847051 0.125000 2.560371 
118.125000 0.625000 83.125000 0.625000 1.250000 0.125000 12.304394 
19.373975 78.231385 90.629405 78.917666 1.791677 0.125000 61.346449 
173.976303 73.117709 174.273367 56.873141 1.409775 0.125000 1.067674 
55.042976 44.612640 47.030400 41.477801 3.320395 0.125000 5.219043 
89.467984 73.017795 90.386658 63.102916 2.950642 0.125000 0.797908 
107.570322 109.367693 107.320776 85.620316 2.526131 0.125000 20.315323 
30.776108 38.132776 30.616893 15.633903 3.758752 0.125000 11.075185 
1.867831 92.623540 90.653295 91.354327 5.606976 0.125000 122.583410 
33.687601 4.364456 33.898811 15.633925 2.546407 0.125000 4.336995 
48.237827 47.128937 39.075109 51.200046 3.563961 0.062500 0.606042 
127.986692 95.524023 125.163366 134.341424 5.145405 0.125000 37.524956 
66.730064 35.599627 67.046261 49.371068 3.892476 0.125000 8.739380 
30.625556 0.636722 13.164868 1.465218 2.615680 0.125000 3.662037 
65.615776 0.953725 51.876593 0.568212 1.354690 0.062500 0.465614 
149.665300 24.389682 146.316821 90.596770 2.321769 0.125000 41.573475 
22.524570 31.808559 23.689240 43.195143 3.250175 0.125000 9.642303 
51.478785 23.510320 49.684632 15.845107 3.311194 0.125000 0.820776 
140.334859 135.671221 142.019233 100.692138 8.379138 0.125000 66.293223 
16.887266 96.336671 3.119811 96.573962 2.693500 0.125000 1.855669 
7.837607 13.131302 7.591017 1.886710 2.554210 0.125000 0.797908 
146.742752 1.870982 145.641253 38.125494 1.932712 0.125000 28.351130 
113.395055 29.392417 112.672506 40.595817 2.092567 0.031250 1.057109 
111.290142 8.111669 111.090802 16.857125 1.420583 0.062500 0.616176 
93.454872 109.301475 93.239063 115.671215 5.039459 0.125000 0.426994 
89.027930 29.239487 86.771233 14.202972 1.159801 0.062500 0.616176 
93.130018 41.888317 93.223136 33.112778 2.579437 0.125000 0.797908 
174.416517 10.573473 164.078125 2.243452 2.163719 0.125000 3.456020 
96.789006 91.486637 104.399259 91.087193 2.496563 0.125000 1.067674 
75.764719 27.441155 85.609165 29.452505 1.948955 0.062500 2.873854 
123.280941 108.138542 124.152224 98.105654 1.786045 0.062500 0.616176 
