93.649606 66.898108 94.316310 51.762295 6.298952 0.125000 9.585713 
95.627235 46.694198 123.123033 47.034085 2.793371 0.125000 36.418285 
70.733204 20.633942 70.511018 54.382479 3.972110 0.125000 47.987976 
71.229454 55.395085 70.021446 71.922250 6.506738 0.125000 4.971547 
110.636016 24.175170 94.297850 23.274489 2.289796 0.125000 5.172956 
90.641842 19.837531 73.131243 20.009743 3.860454 0.125000 18.816157 
113.988886 44.490307 112.655451 25.569997 4.531619 0.125000 14.632986 
87.916783 41.883441 88.321516 51.867033 2.649848 0.125000 1.653093 
100.642512 44.375012 100.652120 30.625019 1.254367 0.062500 2.873854 
81.766428 50.706923 82.070221 41.838867 3.705006 0.125000 5.962107 
99.354904 25.930595 110.638310 26.672601 1.903497 0.125000 4.680034 
124.113989 51.874130 124.030638 76.878019 3.791648 0.125000 28.117220 
93.769109 110.625234 93.758480 83.125721 5.005314 0.125000 45.086361 
121.947927 76.865614 95.785656 75.350631 8.301789 0.125000 43.795756 
71.873919 80.563623 85.619653 80.321476 0.756907 0.062500 0.465614 
91.871068 83.443610 71.874113 83.196837 1.419574 0.125000 2.873854 
159.323696 79.772242 140.563732 77.349394 2.479408 0.125000 10.310893 
69.539247 84.343285 69.941657 118.148014 7.484590 0.125000 72.121676 
105.272091 30.005082 111.384378 38.850246 2.863416 0.125000 0.050694 
74.362147 25.086690 85.631046 25.290202 1.452934 0.062500 0.465614 
85.623072 28.186853 73.096276 27.796302 2.810406 0.125000 6.799042 
140.621052 80.682109 158.123820 81.892074 2.666461 0.125000 6.848509 
106.932256 51.494376 121.784216 53.728512 2.406687 0.125000 1.855669 
110.902927 17.422800 98.053827 18.594501 5.433403 0.125000 3.323118 
112.482009 120.710462 115.167739 101.634631 7.234590 0.125000 27.251141 
89.271804 121.683767 87.243778 109.521947 7.809056 0.125000 8.168637 
96.823200 80.991432 109.390409 81.394162 2.538754 0.125000 5.219043 
-0.157404 77.298660 11.895831 74.463564 6.656380 0.125000 5.792958 
70.819044 121.718278 71.324819 134.446533 5.916874 0.125000 0.054958 
108.529788 102.872288 103.797476 118.699806 5.988072 0.125000 19.324666 
135.301377 78.118263 135.743534 56.877467 1.327774 0.125000 1.697763 
74.301618 129.014024 85.698787 128.494866 7.833513 0.125000 6.790762 
75.610891 122.461644 84.356935 122.275623 2.605756 0.125000 1.067674 
43.125000 76.875000 60.625000 76.875000 1.250000 0.062500 0.293299 
126.078175 46.861970 126.486887 21.868653 1.638161 0.125000 20.315323 
138.116417 74.492459 158.101051 75.952754 1.702155 0.125000 7.389304 
40.625000 55.625000 40.625000 75.625000 1.250000 0.125000 1.697763 
66.875000 83.125000 41.875000 83.125000 1.250000 0.125000 5.219043 
166.599155 64.370164 166.292034 81.886695 1.490852 0.031250 1.872926 
84.470521 104.161146 82.695731 92.994555 4.292142 0.125000 9.366697 
165.936834 61.884103 167.725370 0.613335 1.504778 0.125000 31.550228 
165.943207 0.640722 164.338337 33.123189 1.433529 0.125000 13.710934 
169.925042 0.606348 168.258985 63.128570 1.615829 0.125000 41.225522 
104.375000 10.625000 119.375000 10.625000 1.250000 0.125000 0.164584 
24.375000 61.875000 24.375000 24.375000 1.250000 0.125000 16.420204 
44.375000 80.625000 66.875000 80.625000 1.250000 0.125000 5.583124 
164.530185 48.132866 163.768565 63.157623 1.501527 0.062500 0.966439 
41.875000 0.625000 41.875000 40.625000 1.250000 0.125000 18.226384 
80.625000 9.375000 96.875000 9.375000 1.250000 0.125000 1.067674 
136.875000 31.875000 136.875000 10.625000 1.250000 0.125000 4.680034 
39.375000 29.375000 39.375000 0.625000 1.250000 0.125000 10.098574 
