23.113300 56.087361 161.869343 59.598561 3.321344 0.125000 153.249788 
21.892660 0.612027 21.326612 54.382386 2.947240 0.125000 85.055043 
160.597205 62.992247 20.652722 59.510687 3.649485 0.125000 166.432723 
17.565786 54.382865 18.178020 0.611371 3.111788 0.125000 90.473583 
0.615007 90.117449 174.383999 92.456393 2.499774 0.125000 165.339400 
139.362813 95.053893 98.126101 94.313662 1.653626 0.125000 28.160374 
163.054177 56.876315 162.798456 43.107849 2.592418 0.062500 3.540333 
163.470041 41.912666 163.913962 23.114113 2.469793 0.125000 14.971112 
150.394822 18.005912 159.912562 -0.390315 6.738428 0.125000 37.883883 
0.595313 57.363317 15.615791 58.276475 1.626960 0.125000 3.776944 
148.313921 103.764452 140.763291 101.428076 2.757780 0.031250 2.457839 
145.149770 32.951627 150.419748 18.506143 3.744722 0.125000 8.896623 
