157.901479 90.580619 174.519356 87.710947 4.758852 0.125000 8.821999 
145.062282 0.476421 141.717288 69.427989 8.180868 0.125000 128.185288 
133.962551 88.136172 131.590608 0.564988 8.647978 0.125000 206.115536 
175.052218 81.501505 158.129984 86.890649 5.575987 0.125000 17.991916 
141.886005 72.090625 174.395624 72.436510 3.829579 0.125000 52.332758 
0.615345 90.155004 130.611844 87.484562 2.559039 0.125000 145.511384 
169.448203 95.122226 156.851247 93.288144 2.113721 0.125000 5.583124 
154.382203 89.025365 136.863886 88.664446 2.525217 0.125000 15.517114 
138.661795 41.880184 139.060269 0.621960 1.587957 0.125000 38.094364 
66.897957 41.392882 125.633822 44.189724 2.199899 0.125000 34.605983 
71.887230 57.744860 128.119241 59.553991 1.410133 0.125000 32.675824 
43.125000 56.875000 56.875000 56.875000 1.250000 0.062500 2.873854 
