154.341115 36.763032 175.088942 30.484128 5.257928 0.125000 31.659609 
66.882515 43.553877 145.625919 44.274562 2.614295 0.125000 99.267792 
146.262863 45.076083 154.640295 35.733799 4.845393 0.125000 10.695739 
145.023833 75.848427 143.206158 50.619153 7.559654 0.125000 35.743992 
115.592189 77.723758 143.183155 78.155104 12.772027 0.125000 56.520067 
63.397650 59.950208 52.329424 65.196579 5.588936 0.125000 6.907656 
69.368228 16.111487 150.637281 17.242728 4.323769 0.125000 83.142809 
0.613861 80.038183 64.388337 78.827561 4.761856 0.125000 66.842332 
46.701204 63.145060 46.874130 43.092654 7.661409 0.125000 20.188221 
62.984397 45.695123 61.887629 63.046788 8.969132 0.125000 30.348633 
151.401005 36.947077 152.695325 0.565244 3.752466 0.125000 44.273365 
47.082460 24.446368 48.248635 0.631054 4.356873 0.125000 38.586184 
174.493157 90.540799 96.755598 86.986429 9.155256 0.125000 190.950388 
116.881341 21.646232 103.141899 21.265374 2.499040 0.125000 3.370729 
144.359783 46.822318 66.872299 45.837481 3.357628 0.125000 73.644540 
63.136257 26.557148 49.315052 26.067649 2.498434 0.125000 5.962107 
159.374067 17.760950 174.375367 17.776754 1.265802 0.125000 0.164584 
155.545413 20.622869 155.210135 33.147356 2.800157 0.125000 10.098574 
156.842946 0.528583 155.606640 16.967626 3.833182 0.125000 19.754330 
54.383902 84.798313 0.613216 84.219284 4.180497 0.125000 67.352533 
62.419800 13.151855 61.866601 24.374586 4.993937 0.125000 6.677210 
67.362763 18.192996 66.335295 44.451704 4.800683 0.125000 32.973721 
174.383078 20.003584 158.119577 19.792177 1.461108 0.125000 6.486214 
66.420997 0.429052 65.413931 15.610999 9.144486 0.125000 29.824120 
46.757664 36.907500 46.973716 29.377833 2.678232 0.125000 2.576231 
150.624694 20.663677 116.866919 20.396659 2.756984 0.125000 41.199100 
99.360897 19.898384 68.099913 19.056002 4.523077 0.125000 52.342753 
25.628715 49.285912 0.620080 48.242981 2.082247 0.125000 20.032564 
116.877920 24.124833 144.374173 24.445809 1.337460 0.125000 8.292394 
49.346394 29.112946 60.623133 29.439463 2.788381 0.125000 11.001664 
84.406274 75.067529 106.973151 74.048418 6.807557 0.125000 43.204699 
61.485002 30.606062 60.815933 44.384272 2.557686 0.125000 5.962107 
143.127026 26.705452 76.871550 25.913740 2.947891 0.125000 51.531666 
48.118346 82.571447 76.877664 82.846224 1.488791 0.125000 12.304394 
51.846564 1.925567 60.650885 1.716833 2.677059 0.125000 5.219043 
144.379948 36.967887 109.375243 36.818209 1.250000 0.125000 10.310893 
0.633750 50.437598 24.390323 51.546809 1.773339 0.125000 10.529091 
139.375015 53.797933 116.874987 53.798434 1.250473 0.125000 5.583124 
98.145220 54.074921 71.762325 52.297181 3.657478 0.125000 19.103668 
142.558061 114.434474 144.314575 94.260901 4.603284 0.125000 19.103668 
64.347970 62.888622 85.613669 62.501906 4.908264 0.125000 10.958942 
75.630617 22.966318 100.643523 23.851750 1.647207 0.125000 9.642303 
146.883993 9.745251 91.876963 9.182975 1.275488 0.125000 21.498652 
111.875000 11.875000 144.375000 11.875000 1.250000 0.125000 12.807844 
42.973207 66.872913 42.852714 75.638440 2.585670 0.125000 0.820776 
113.125000 39.375000 141.875000 39.375000 1.250000 0.125000 10.098574 
73.125000 38.125000 99.375000 38.125000 1.250000 0.125000 8.292394 
74.375000 10.625000 101.875000 10.625000 1.250000 0.125000 9.195484 
27.663519 0.611322 26.625944 35.617618 2.610003 0.125000 18.096445 
98.124887 90.637307 80.626370 90.476215 1.295975 0.125000 0.164584 
