89.949502 20.576268 89.129153 31.947442 2.493520 0.125000 0.883796 
74.112851 40.637686 75.687820 73.182452 3.101295 0.125000 35.782118 
73.418249 0.616663 74.343444 33.161433 3.997133 0.125000 35.569547 
126.208599 15.614386 125.929619 33.129852 1.994125 0.125000 0.731012 
0.622792 100.064627 100.625769 100.384815 1.570171 0.125000 73.186596 
125.492212 35.631589 125.617267 61.875037 2.625056 0.125000 18.906105 
72.406815 32.719945 63.169145 20.591377 2.746219 0.125000 4.480242 
128.134006 103.313689 91.876010 103.006004 3.993828 0.125000 48.526624 
116.887742 70.884055 99.374565 70.658869 2.003364 0.125000 0.820776 
91.884376 102.927801 0.622010 102.336549 2.605222 0.125000 122.081733 
158.202842 26.886573 158.431808 0.616779 2.717795 0.125000 28.351130 
60.704013 56.864519 60.633620 73.125037 3.755376 0.125000 22.991712 
104.195726 99.129822 125.608520 100.832283 4.035416 0.125000 8.695560 
5.559176 15.630816 4.553510 4.248783 3.955479 0.125000 12.058439 
69.189833 33.272187 74.654255 40.146634 4.219714 0.125000 1.229414 
17.132940 74.354645 16.728285 44.376980 2.887821 0.125000 47.156015 
85.748433 38.128863 86.296797 20.606905 2.733380 0.125000 9.366697 
168.304428 36.124101 155.245323 40.818881 2.867820 0.125000 3.662037 
123.171237 66.871909 120.913987 33.105681 3.574898 0.125000 19.865581 
60.884943 22.915966 68.713806 32.651510 2.106552 0.062500 0.275019 
6.120168 50.605500 6.810191 68.127552 2.744000 0.125000 10.225809 
18.928079 43.643356 0.412961 38.963986 4.847580 0.125000 16.733064 
113.684060 40.731753 112.724451 23.284532 5.335690 0.125000 26.431758 
66.418292 73.136953 65.960597 55.648932 2.760774 0.125000 12.304394 
121.582402 25.668743 120.796594 20.412473 4.263243 0.062500 0.805318 
88.341779 38.114431 89.195952 55.633730 3.745551 0.125000 9.505731 
57.531049 38.881774 65.814767 45.383211 4.356381 0.125000 0.731012 
97.571567 69.419632 93.933662 24.309785 5.948438 0.125000 64.184812 
131.747056 35.627198 131.467999 19.381991 7.627708 0.125000 21.860321 
83.375963 21.919482 83.613113 0.588735 10.152242 0.125000 53.737397 
133.195759 69.499257 129.609922 35.468533 7.394482 0.125000 60.343119 
57.163042 74.368984 56.457888 40.607604 2.368943 0.125000 24.830979 
88.941743 0.508829 90.783591 13.458034 3.894034 0.125000 5.664267 
154.403004 61.874596 154.312867 55.625896 2.553828 0.125000 0.164584 
70.340699 56.829176 69.890879 71.890407 3.860276 0.125000 5.388241 
99.918150 25.618426 100.099869 40.631356 3.870758 0.125000 24.374822 
3.600411 64.379452 3.521351 50.622722 2.528693 0.125000 9.195484 
103.993251 68.123353 104.095738 44.373795 1.347082 0.125000 4.336995 
98.127763 16.391530 116.877519 16.323943 1.313074 0.062500 0.293299 
45.580997 18.687025 56.859727 19.570074 1.636459 0.031250 3.914505 
117.744610 18.124018 117.803867 70.625362 3.795144 0.125000 42.910315 
106.082107 44.374037 106.132117 68.123932 1.297376 0.125000 3.456020 
133.102978 3.815344 151.873102 3.076763 3.747100 0.125000 18.743487 
126.840852 100.230399 174.364916 102.127603 2.395818 0.125000 14.234787 
146.113919 70.603668 145.295005 51.834859 3.042501 0.125000 25.451104 
60.869007 76.826390 60.444280 85.616268 2.738405 0.125000 0.050694 
53.922413 30.612536 54.430604 63.124131 1.523358 0.125000 12.807844 
68.731817 45.602943 68.387810 55.634013 2.626324 0.125000 2.576231 
55.619575 76.822528 42.996039 78.127703 2.486744 0.062500 0.399485 
174.378334 103.631480 129.373634 103.429675 1.451769 0.125000 21.838744 
20.652940 15.867242 6.878871 15.485361 2.845465 0.125000 14.971112 
114.080955 96.093360 116.289926 85.689199 11.523915 0.125000 4.637979 
75.340362 73.172516 74.662188 86.950662 3.499658 0.125000 4.480242 
48.448567 10.378831 57.105011 7.588583 3.569167 0.125000 2.560371 
87.812470 75.501976 86.329898 94.332082 5.769486 0.125000 35.782118 
111.720031 123.241087 113.610194 105.411406 9.153615 0.125000 59.549206 
94.678571 90.632361 95.073861 74.331324 5.180347 0.125000 9.867370 
48.850251 35.638633 49.402808 56.906753 2.726410 0.125000 16.200067 
42.059928 63.130125 41.712784 75.655149 2.706831 0.125000 2.249350 
158.121366 29.830708 174.376744 29.756347 1.324322 0.125000 1.067674 
81.965000 64.533239 80.799433 46.781473 5.808234 0.125000 26.818236 
33.059454 56.871031 31.772841 78.118814 2.570982 0.125000 5.336485 
142.324788 50.610144 142.903511 68.132315 1.661944 0.125000 11.001664 
133.803882 16.995119 132.187379 9.309300 4.184262 0.125000 1.855669 
82.153742 71.858511 81.707271 64.310979 3.964899 0.125000 0.883796 
153.264208 73.096092 145.717560 72.274646 2.832455 0.125000 0.164584 
87.237552 105.483607 90.576857 143.567634 10.289332 0.125000 103.214354 
134.248022 37.416353 143.159851 35.819497 3.342682 0.125000 0.883796 
174.380972 27.367603 160.621971 27.259117 1.358373 0.031250 2.447038 
37.757408 75.634992 37.315117 59.363037 1.657105 0.125000 5.962107 
10.620751 18.699825 20.629444 18.773812 1.323886 0.125000 1.970764 
29.123760 72.875848 23.840347 51.696549 3.635881 0.125000 11.284283 
24.362176 50.669698 23.740403 33.103218 2.675302 0.125000 7.782856 
75.780783 87.985063 74.462139 98.296004 7.915115 0.125000 4.691204 
115.625000 66.875000 115.625000 46.875000 1.250000 0.125000 3.776944 
125.024666 75.612361 125.341164 91.880522 1.517220 0.125000 5.583124 
129.266945 98.114393 131.611896 74.226467 4.709013 0.125000 32.491939 
111.886080 8.762409 95.618793 8.468192 1.498444 0.125000 4.336995 
115.383362 0.848377 125.022959 11.276008 5.646047 0.125000 5.792958 
122.753294 17.378283 112.698634 9.952292 2.010986 0.062500 0.805318 
