35.024314 84.369803 34.353972 0.615164 4.110032 0.125000 183.729099 
55.470860 81.208674 35.388860 85.854198 5.062120 0.125000 14.044477 
83.564508 111.882176 83.177046 0.620466 4.067748 0.125000 188.462800 
52.380043 0.587107 53.081884 79.397648 10.044129 0.125000 167.625075 
174.379955 88.485476 84.375784 87.984162 2.959471 0.125000 113.734713 
134.152327 31.875355 134.163139 0.624494 2.510379 0.125000 30.569928 
110.777860 12.941435 108.912815 24.088530 5.962818 0.125000 0.896461 
108.646001 0.549238 107.591137 10.699425 3.261874 0.125000 1.855669 
95.517532 83.964073 113.050121 86.209629 2.320942 0.125000 2.847294 
174.378209 83.075865 96.872506 82.884391 2.657483 0.125000 98.947600 
0.357748 112.493305 58.099407 88.064506 2.700811 0.125000 70.723803 
94.370604 79.842380 174.373279 80.047177 2.672783 0.125000 80.196319 
151.765256 1.969437 160.554694 1.134706 2.370621 0.125000 0.164584 
115.001197 41.604737 98.467143 34.794355 4.147098 0.125000 11.314525 
145.616900 42.815770 131.843606 43.176570 3.879647 0.125000 11.948253 
91.180597 10.660685 91.830510 0.541857 2.574979 0.125000 1.697763 
174.426523 22.517004 163.049167 23.430081 2.791975 0.125000 7.389304 
146.259319 23.124466 146.244146 40.625537 2.514087 0.125000 13.192832 
28.645871 84.360456 26.307212 0.605951 2.045458 0.125000 53.719306 
59.377054 88.049841 81.894397 88.665102 3.045341 0.125000 23.097763 
59.374867 59.396620 80.624063 59.527292 1.303783 0.125000 3.776944 
57.935934 54.377544 57.212593 0.620457 1.821704 0.125000 57.962344 
140.585595 109.069012 174.436927 109.676991 6.248992 0.125000 58.983087 
57.357427 85.646167 58.399888 61.887061 1.522762 0.125000 10.098574 
105.606478 108.620458 139.392467 108.978977 6.329230 0.125000 44.831077 
34.717057 127.072691 38.676718 120.221430 5.579977 0.125000 0.731012 
89.279606 117.626406 102.030331 115.186868 4.387882 0.125000 7.274493 
31.875000 24.375000 31.875000 50.625000 1.250000 0.125000 8.292394 
31.875000 0.625000 31.875000 21.875000 1.250000 0.125000 4.680034 
