174.446263 8.549261 140.624537 5.630365 2.705699 0.125000 26.401579 
167.024951 46.951176 175.125150 31.006080 4.493457 0.125000 17.380123 
172.872050 39.352597 170.216226 69.338796 3.514821 0.125000 19.268576 
167.024756 68.133919 168.368911 45.565079 3.297472 0.125000 31.033607 
129.492018 85.599442 127.902509 0.582419 10.722610 0.125000 182.825444 
150.364374 86.461144 166.798544 83.886900 4.359443 0.125000 3.662453 
138.567435 0.604051 136.815116 68.155872 6.831360 0.125000 121.695832 
167.237365 78.010035 149.545265 83.658321 5.143315 0.125000 15.157967 
136.879652 71.101436 166.878567 71.281825 3.892743 0.125000 37.764061 
174.424205 91.213298 160.562080 92.372724 5.399346 0.125000 10.248991 
158.279839 90.755749 146.901744 89.181681 2.819007 0.125000 0.218275 
0.622769 86.744307 125.629024 84.610800 2.478305 0.125000 115.405786 
146.868927 86.165406 131.870821 85.996857 1.404434 0.062500 0.616176 
143.098950 52.290010 151.892764 52.841998 1.639087 0.062500 1.669734 
89.375000 59.375000 124.375000 59.375000 1.250000 0.125000 14.614024 
66.885662 44.089576 121.902278 46.144770 1.565012 0.125000 36.288184 
155.771194 103.789315 131.651883 97.768857 3.333756 0.125000 16.898940 
48.125000 58.125000 64.375000 58.125000 1.250000 0.125000 1.067674 
