106.754285 133.864490 67.192844 143.219180 4.997587 0.125000 44.443270 
153.144004 1.363395 166.875057 1.873454 4.211425 0.125000 3.782874 
116.964319 20.229440 98.029227 22.208816 3.136253 0.125000 3.042730 
114.285295 33.654415 100.591897 35.359087 2.635269 0.125000 0.426994 
119.397167 50.989950 103.055607 51.982524 2.798539 0.125000 7.689797 
110.627978 13.601293 101.878320 13.656000 1.874927 0.125000 1.067674 
103.024590 57.488340 119.457276 54.896676 2.818153 0.125000 0.294986 
118.143995 42.115383 101.798509 43.406996 3.279972 0.125000 5.091660 
140.667582 41.183120 121.911696 40.028769 3.263151 0.125000 19.962553 
121.898827 67.601880 136.882727 67.110708 2.703423 0.125000 10.098574 
136.881368 71.666479 123.144178 71.246984 3.939021 0.125000 10.285789 
172.091965 31.748108 173.183747 44.369918 4.059216 0.125000 10.285789 
170.989199 0.581683 171.830791 31.943274 7.664960 0.125000 74.827364 
112.134284 117.012157 79.336831 120.236788 6.831557 0.125000 61.767676 
171.969313 70.391039 151.910090 72.253021 4.542684 0.125000 14.382555 
119.357110 58.027525 104.402043 60.772344 3.135886 0.125000 3.521151 
169.428078 38.790409 153.082663 40.094237 3.386624 0.125000 15.407743 
151.846681 67.658107 171.924451 66.440294 3.743121 0.125000 21.298988 
125.151605 8.846081 145.382157 3.462446 3.302424 0.125000 2.278091 
92.701205 125.740207 99.463645 127.839441 5.516385 0.125000 5.096624 
77.019407 122.449516 92.130469 125.680014 2.967406 0.125000 4.658263 
125.620460 38.092962 145.747660 35.240494 2.835899 0.125000 14.486264 
101.933872 106.453749 133.270591 110.833248 3.740778 0.125000 32.699616 
134.447183 20.727888 141.824127 15.552486 5.528953 0.125000 1.036501 
156.813183 12.007109 168.441631 17.448326 5.058508 0.062500 0.497931 
128.183695 20.074836 120.636242 19.269625 3.096786 0.125000 1.970764 
173.054840 44.417505 173.698103 64.396794 2.981403 0.125000 23.644924 
70.191991 125.477330 50.402356 121.834519 6.599317 0.125000 17.997354 
79.210570 118.788125 48.018694 111.053720 4.271126 0.125000 25.725112 
101.565370 78.118688 100.953017 108.157169 7.422012 0.125000 48.604922 
144.853747 19.868975 136.204190 28.692754 3.605859 0.125000 0.434640 
153.082421 39.252648 149.132132 0.269610 6.705658 0.125000 61.620775 
140.439475 -0.076195 123.157129 4.496433 2.915306 0.125000 11.184171 
143.750260 6.651484 145.289330 19.563999 4.463358 0.125000 9.284128 
50.973688 121.152781 42.075651 122.898014 8.081533 0.125000 18.759376 
124.336898 81.506107 136.832696 80.215433 3.257335 0.125000 4.339063 
75.473733 137.410855 88.197194 134.715833 2.963781 0.125000 7.697740 
135.617093 115.507823 112.883209 117.041942 7.398821 0.125000 27.160394 
165.484241 34.791098 156.873863 31.878360 3.952808 0.125000 0.426994 
0.558270 53.789977 74.349341 56.361334 3.965384 0.125000 97.374277 
138.519929 64.488617 137.361815 43.031259 5.194837 0.125000 46.687601 
13.278337 142.648794 58.008092 133.785038 5.424383 0.125000 64.968449 
131.900078 31.652123 124.632739 30.834400 4.425326 0.125000 1.034919 
164.464542 84.856960 151.483665 87.268636 4.687553 0.125000 6.633937 
156.869371 81.295031 173.128725 81.431624 1.386465 0.125000 1.970764 
87.870591 133.303747 96.671865 131.073399 6.382092 0.125000 2.835356 
39.669635 125.725806 31.705415 126.628040 5.928862 0.125000 14.971112 
33.629686 126.427666 0.050610 132.390248 8.615233 0.125000 108.637073 
58.139268 133.210304 76.785757 130.091451 3.698619 0.125000 10.526739 
135.758121 84.296218 125.605133 85.450207 4.968013 0.125000 9.378608 
145.615286 30.533898 132.992234 31.879877 2.618442 0.125000 1.855669 
142.781574 44.346502 143.137338 55.663906 2.773687 0.125000 2.680153 
148.256361 65.666959 148.018747 59.332099 2.732510 0.125000 1.697763 
97.549294 41.938282 96.146927 29.180229 4.683592 0.125000 3.042730 
154.120901 74.307670 153.890027 79.465202 5.162697 0.125000 6.486214 
65.865110 139.340836 74.524255 137.630778 4.178721 0.125000 0.426994 
76.701714 0.471122 84.405481 116.955654 6.018719 0.125000 291.674730 
153.694757 58.122193 153.663771 65.632380 5.025744 0.125000 3.662037 
53.257553 142.676364 66.842624 140.429267 2.045476 0.062500 1.407712 
41.724739 119.867128 21.684679 113.748334 3.285221 0.125000 1.921036 
173.164465 84.682245 164.240579 85.828501 2.638880 0.125000 0.820776 
94.099294 10.620040 94.048385 0.620299 2.538150 0.125000 0.820776 
156.786353 122.668848 143.068584 125.334701 1.500254 0.062500 4.132106 
