55.340132 7.448575 50.168145 0.069115 3.482091 0.031250 0.203712 
59.669056 0.484551 63.028487 7.518131 5.000051 0.125000 0.426994 
85.262315 98.125243 85.197041 0.623613 6.312761 0.125000 155.321788 
51.549377 81.869624 51.120466 8.122118 4.127966 0.125000 128.952554 
55.669585 11.846977 60.464573 19.475834 4.273441 0.125000 0.149785 
22.831227 88.053730 0.596629 92.997399 5.015809 0.125000 27.936484 
61.170149 20.634307 60.859128 80.626214 7.713752 0.125000 142.913672 
46.243503 7.731879 41.049783 -0.439492 3.549247 0.125000 1.720471 
174.407656 82.941059 86.836666 85.623572 7.356975 0.125000 145.933886 
126.275571 40.632380 125.782977 0.623055 3.565050 0.125000 40.353143 
23.304984 0.606671 24.442989 89.390151 4.358754 0.125000 134.731229 
106.805746 5.551331 105.834711 39.416855 5.248734 0.125000 54.001454 
0.459072 85.523447 14.458454 83.804767 4.048840 0.125000 16.442587 
115.587792 29.375019 115.588123 8.124980 3.750194 0.125000 5.045066 
88.115662 98.199521 174.380078 97.514216 6.776092 0.125000 179.623424 
26.764819 2.005778 42.312980 15.105144 2.769888 0.125000 2.835356 
138.060224 48.371960 126.696169 49.105848 5.150720 0.125000 8.896623 
162.492716 41.963089 161.273086 33.208858 2.476085 0.062500 0.293299 
111.344105 47.807335 98.648516 41.983725 4.117322 0.125000 9.711716 
96.873339 80.040890 151.876115 80.178087 1.377832 0.125000 32.822801 
91.122490 21.909411 92.167000 6.808735 2.752809 0.125000 7.653196 
0.238735 112.170895 63.502999 86.558690 2.650071 0.125000 67.152815 
138.302149 31.876605 138.166292 46.875374 2.601794 0.125000 8.756152 
0.581786 43.258789 15.627112 48.118463 2.305246 0.125000 1.855669 
0.421418 50.279966 14.579709 53.465022 2.042556 0.125000 3.456020 
0.542682 64.101395 14.404922 65.270087 1.861090 0.125000 4.680034 
0.569163 57.249154 14.384565 59.310909 2.158817 0.125000 3.370729 
0.688437 23.006850 15.457625 30.936731 2.446556 0.125000 5.172956 
0.468067 15.871215 15.667160 25.558854 2.015576 0.125000 3.508045 
14.371803 79.337132 0.509544 80.507524 2.385973 0.125000 3.403198 
84.740732 107.068735 85.828186 97.999481 4.458520 0.125000 1.198571 
48.238557 104.384041 58.658040 94.842103 7.141884 0.125000 0.015899 
0.620764 36.885548 15.698785 42.941286 2.329323 0.125000 0.149785 
14.518735 50.156015 0.548560 45.874412 2.023974 0.125000 5.219043 
0.412398 8.409016 16.022466 20.094023 1.995606 0.125000 1.229414 
14.569644 55.961829 0.652628 52.995385 2.004295 0.125000 2.576231 
0.602932 77.833342 14.368701 76.791755 1.906619 0.125000 3.456020 
14.380833 33.114172 0.591748 25.686733 1.948469 0.125000 0.883796 
0.799927 1.663360 14.493528 12.981596 2.389075 0.125000 3.048414 
45.638625 21.859807 25.854917 4.118613 2.215376 0.125000 8.896623 
14.605136 27.767268 0.329885 18.583738 2.028870 0.125000 1.855669 
14.407358 15.584123 0.479508 4.558794 1.919027 0.125000 3.403198 
14.492200 21.713014 0.717669 11.746918 2.090889 0.125000 0.426994 
15.397426 10.867157 3.769371 -0.060661 1.657210 0.031250 0.964265 
0.613091 71.296268 14.382982 71.012904 1.506912 0.125000 1.653093 
65.622743 85.710130 83.110453 86.173724 2.697875 0.125000 3.851484 
65.621116 63.700569 81.877776 63.606945 1.343563 0.125000 1.067674 
65.557317 100.941089 83.146117 99.666384 3.740191 0.125000 21.725979 
47.197962 74.367437 45.997718 23.116271 1.630110 0.125000 37.191274 
49.318538 132.090456 51.801232 118.337332 2.904354 0.125000 5.172956 
16.603193 25.636455 17.236435 40.662447 2.083312 0.062500 3.255127 
162.454161 77.868261 170.088714 57.919756 4.842639 0.125000 9.917194 
141.867087 8.556197 138.887299 17.139636 5.543355 0.125000 1.036501 
86.010224 130.606065 85.210408 114.333938 3.990945 0.125000 5.388241 
173.482621 51.891635 174.065495 39.360604 1.655212 0.125000 4.680034 
