51.504408 54.378544 51.343245 94.372857 3.830562 0.125000 53.610693 
89.373110 86.292537 174.375968 86.533194 1.490643 0.125000 69.702513 
66.448702 94.366886 67.162670 56.856683 4.344025 0.125000 67.428812 
82.007056 0.623386 81.884329 85.626818 2.620914 0.125000 121.520817 
174.393943 89.570960 144.358714 89.031172 2.903897 0.125000 48.028354 
150.601066 89.181906 101.823020 89.990900 5.206599 0.125000 81.508870 
66.932772 53.801920 53.071613 52.404583 5.350915 0.125000 14.294847 
49.389787 92.944703 0.545446 93.619885 11.508084 0.125000 166.189874 
118.104243 1.044151 133.126096 0.668860 1.593019 0.015625 7.219478 
100.773872 89.798325 88.950200 90.850254 8.024355 0.125000 23.550741 
89.303097 92.626278 53.085060 97.847973 5.294174 0.125000 29.292262 
84.377462 87.957437 69.362337 87.736818 2.665010 0.125000 5.096624 
133.140569 4.787850 118.067728 5.356250 4.029962 0.125000 20.626123 
69.375000 90.625000 84.375000 90.625000 1.250000 0.125000 0.164584 
116.880682 8.303723 135.651450 7.706931 1.250000 0.015625 7.459493 
51.294115 100.622994 51.237987 116.877117 1.306106 0.125000 5.962107 
43.192574 9.388413 36.510688 43.052689 4.183528 0.125000 27.251141 
41.058397 0.566120 42.104170 8.263687 2.813795 0.125000 2.873854 
64.569901 58.457193 54.264340 59.726672 3.416219 0.125000 8.756152 
105.368409 -0.399121 123.712982 39.785957 6.427013 0.125000 99.370363 
134.380557 9.779307 118.116449 10.002830 1.456013 0.125000 6.486214 
79.416399 105.062518 69.378773 104.323738 1.613640 0.062500 2.873854 
124.375000 119.375000 100.625000 119.375000 1.250000 0.125000 6.486214 
0.655296 2.109278 13.108688 0.498856 1.399988 0.062500 1.669734 
158.125000 120.625000 140.625000 120.625000 1.250000 0.125000 1.970764 
