36.428307 85.174069 0.367441 94.644258 5.984005 0.125000 43.458384 
79.956249 118.125983 79.783605 0.622563 3.917125 0.125000 159.932989 
31.086569 0.612838 31.690648 85.626310 4.096299 0.125000 198.965928 
174.369133 95.999567 81.852673 94.550341 4.669718 0.125000 104.683611 
152.776335 14.409859 153.312921 0.535581 4.996265 0.125000 16.311590 
95.649356 87.999112 125.266279 93.729131 3.996349 0.125000 29.092893 
36.758115 0.619301 37.191984 86.879693 2.902345 0.125000 154.964996 
40.427058 96.873679 40.710720 54.375572 1.291688 0.125000 20.032564 
0.482754 114.055047 39.333877 96.782503 2.669890 0.125000 49.238442 
174.390114 86.764884 105.613467 86.366617 5.325639 0.125000 149.764543 
91.863485 81.354749 174.382387 82.656883 3.111081 0.125000 127.241257 
122.608650 32.490551 102.282866 24.577357 4.205856 0.125000 16.733064 
103.407608 85.695998 91.918834 82.942131 2.431133 0.125000 3.456020 
160.658601 34.344368 143.103041 34.828131 5.239127 0.125000 15.924938 
44.372670 95.082414 75.626448 95.185340 1.344673 0.125000 9.642303 
40.772735 51.873105 40.115410 0.615505 2.307451 0.125000 34.046625 
162.722675 9.360489 161.865528 33.124658 2.903887 0.125000 19.754330 
41.876504 52.830874 76.875589 53.009795 1.365006 0.125000 13.710934 
44.375000 98.125000 74.375000 98.125000 1.250000 0.125000 11.001664 
33.101839 125.598072 14.290880 141.777197 1.630197 0.125000 8.567595 
109.305233 124.384642 110.854237 135.593320 1.580471 0.062500 0.616176 
