83.070897 1.939364 50.625871 0.603845 4.055285 0.125000 35.782118 
119.268792 5.467337 87.950255 2.422223 5.218467 0.125000 43.681483 
156.178517 49.441460 157.979307 0.573568 4.950577 0.125000 91.695447 
46.868211 0.589910 44.212999 95.690277 6.805750 0.125000 195.612956 
165.499082 2.577995 174.355283 0.539345 4.215246 0.125000 0.426994 
165.914008 70.692976 167.466641 35.540710 6.685170 0.125000 60.460209 
163.908008 109.354409 165.610903 70.734613 5.638231 0.125000 60.397065 
118.608421 78.109444 120.104893 4.364446 5.455459 0.125000 149.277986 
126.909197 99.333672 86.871070 98.273394 4.311225 0.125000 34.760617 
80.235602 76.972194 83.580421 4.338409 3.787162 0.125000 118.046890 
45.613474 96.247701 78.102506 95.650760 3.818257 0.125000 46.248947 
86.875884 79.263177 116.874008 79.500391 2.638301 0.125000 24.823557 
58.165831 99.561754 38.051486 98.789322 4.708514 0.125000 20.307774 
78.790124 95.608770 79.207015 80.585651 6.212921 0.125000 23.400890 
87.254251 4.388520 84.669781 76.885509 4.685092 0.125000 139.436667 
126.356771 0.637700 128.717028 96.952388 10.119490 0.125000 286.267599 
75.623720 98.932579 59.370238 98.979616 2.539781 0.125000 11.904754 
113.129360 20.497998 93.152909 19.812125 1.892649 0.125000 10.529091 
110.626322 51.749581 94.378127 51.578331 1.342078 0.125000 0.164584 
100.608253 15.564179 113.140975 15.740678 2.675773 0.125000 2.486513 
131.857005 99.385797 160.619091 98.968119 2.572338 0.125000 26.747503 
117.747636 96.971015 119.544115 80.643608 5.106717 0.125000 13.603944 
84.792398 81.785747 84.148438 96.811720 4.228254 0.125000 14.486264 
15.623781 100.599824 0.598482 101.327276 2.617971 0.125000 12.807844 
95.465472 47.835553 102.966183 49.081268 2.671013 0.125000 0.164584 
54.372042 88.684035 66.882516 88.630469 2.532089 0.125000 7.389304 
39.560520 95.411892 22.996286 96.053853 10.186132 0.125000 30.406237 
151.897149 100.964993 131.900582 102.267684 2.169672 0.125000 4.480242 
172.237282 45.619245 172.196657 51.885190 3.790442 0.125000 1.697763 
78.149511 19.490208 73.124856 19.381678 2.553112 0.062500 0.465614 
166.057143 19.509249 162.928955 0.451997 4.529023 0.125000 13.603944 
41.886888 80.470473 31.850127 79.698309 1.725735 0.125000 0.164584 
166.058436 24.497634 167.881007 18.055966 5.491755 0.125000 1.855669 
88.125785 95.585186 115.639735 96.127752 1.545494 0.125000 5.962107 
25.870880 94.807365 16.166037 100.326379 4.644875 0.125000 8.739380 
133.114132 52.098782 155.682316 53.194773 2.618323 0.125000 19.081657 
171.527442 52.626165 174.522053 58.043715 4.002133 0.062500 0.805318 
54.367588 73.538434 71.861966 73.852058 1.563474 0.125000 11.904754 
28.136575 87.803051 0.609676 88.146368 2.780404 0.125000 37.298484 
0.620160 84.102320 29.383285 83.591790 1.737837 0.125000 24.777277 
33.124719 85.193354 40.625530 85.188465 2.502443 0.125000 1.067674 
26.889814 17.743162 18.104541 17.402313 1.539825 0.062500 0.616176 
93.125000 34.375000 113.125000 34.375000 1.250000 0.125000 3.776944 
13.132964 94.813497 0.614391 95.040862 1.454085 0.125000 4.680034 
103.130188 83.474057 88.114926 83.697240 1.435638 0.125000 2.873854 
17.349136 17.090908 8.224791 12.907356 2.366814 0.125000 2.873854 
30.805920 0.402586 27.607319 15.777353 3.465999 0.125000 13.631274 
38.683132 71.768824 40.802212 57.960367 3.419114 0.125000 7.782856 
129.117501 103.119861 128.892566 114.390319 3.824081 0.125000 1.198571 
45.241465 101.999405 43.708118 128.085801 4.330322 0.125000 28.748723 
163.817181 124.391111 163.454373 111.829385 3.892787 0.125000 2.835356 
