125.651656 20.607908 153.138807 20.013634 5.269019 0.125000 45.163605 
124.223443 55.689473 124.670725 48.068989 2.711137 0.125000 3.776944 
124.450515 46.976958 125.046076 39.234320 6.231592 0.125000 3.521151 
156.660117 17.195523 163.908948 12.417886 7.637970 0.125000 6.907656 
163.436483 11.876563 163.492999 0.614301 3.793861 0.125000 10.310893 
125.387153 38.198222 123.969646 9.394949 6.672542 0.125000 31.529982 
122.403362 72.931806 123.992387 56.715026 3.585178 0.125000 3.586135 
128.300800 0.592973 127.776177 18.189137 3.971845 0.125000 28.160374 
72.493767 55.519624 74.875090 69.502710 3.933495 0.125000 13.631274 
64.920084 46.074042 73.098652 55.484290 5.290346 0.125000 11.507462 
77.859632 0.612700 77.585543 34.380767 2.723123 0.125000 38.997454 
45.527351 48.194933 64.355301 46.636938 3.737227 0.125000 16.311590 
56.904482 15.954836 21.860357 14.832009 3.427837 0.125000 48.447225 
58.311295 0.607489 58.084660 14.374336 2.725988 0.125000 15.517114 
68.469565 65.738768 64.256552 78.498613 3.572157 0.125000 11.086358 
111.955561 28.125428 112.101844 0.619559 2.632919 0.125000 20.504031 
35.623457 44.364251 43.499505 43.233462 3.791316 0.125000 0.883796 
134.401675 77.113631 106.689045 80.211499 5.246783 0.125000 20.720871 
14.213611 73.217084 0.511438 71.569362 4.964236 0.125000 22.608456 
25.619195 10.778959 53.174283 11.817877 3.417668 0.125000 38.558193 
26.463914 80.242340 13.837945 74.258121 5.765405 0.125000 6.838852 
166.331782 27.448673 156.243851 39.877302 4.487121 0.125000 9.214542 
54.495319 10.625803 54.562105 0.617907 2.566676 0.125000 3.776944 
165.720613 8.277012 174.807005 2.561831 2.781726 0.125000 0.883796 
76.867729 36.302706 105.622259 36.187982 3.774906 0.125000 12.331959 
105.335855 76.893652 104.941689 44.368132 2.530111 0.125000 19.847676 
35.927515 93.025437 22.696005 82.128136 4.199978 0.125000 10.526739 
51.143307 69.408958 50.404041 80.692420 3.741977 0.125000 7.653196 
0.455148 17.460543 22.999496 15.460396 4.207170 0.125000 16.968635 
149.362690 24.362034 133.983419 38.962533 2.490088 0.125000 7.098330 
106.883502 79.619737 74.384553 79.804590 3.913466 0.125000 40.841377 
48.194312 5.469061 31.860761 4.663829 3.253057 0.125000 11.086358 
24.449318 0.582384 24.129286 9.411403 2.770039 0.125000 7.389304 
20.209434 14.401506 20.648289 0.586033 2.855921 0.125000 11.184171 
132.972194 41.792233 126.319708 54.074229 2.289796 0.125000 1.034919 
128.068687 58.099816 135.374714 41.763069 2.792488 0.125000 7.098330 
145.681419 65.851301 167.154911 60.497745 3.033861 0.125000 12.321533 
135.940694 40.936012 142.143659 34.639675 1.807333 0.062500 1.669734 
29.420029 104.403794 35.772654 94.469418 3.073336 0.125000 2.680153 
170.662740 76.874850 170.528231 43.125386 2.574708 0.125000 14.348050 
166.560323 40.361911 146.745660 64.061940 5.785321 0.125000 37.262005 
124.330784 115.624545 124.626687 86.864729 6.301110 0.125000 33.370960 
77.174147 118.006612 76.626961 128.178897 6.643833 0.125000 21.498652 
156.862478 79.505223 135.568968 77.457717 2.249235 0.125000 15.517114 
155.108791 27.698095 162.452168 18.818567 2.723165 0.125000 3.370729 
72.630093 0.622924 72.483271 35.627551 1.396791 0.125000 29.966554 
75.499938 83.073708 71.269220 93.389215 11.149379 0.125000 32.159369 
112.046196 131.883587 112.110511 111.875757 8.770045 0.125000 44.646823 
151.933134 143.720184 146.938165 133.717671 7.268345 0.125000 9.569680 
48.124030 79.423079 26.857472 78.994231 2.751508 0.125000 9.284128 
68.893207 132.947628 65.352736 142.564580 3.016617 0.125000 0.218275 
109.564578 112.085951 113.103051 87.938613 7.996313 0.125000 19.649371 
167.633185 61.871312 167.530071 75.620538 1.343708 0.062500 1.785718 
111.334310 143.514201 113.768904 131.257999 9.304620 0.125000 24.507854 
145.165517 135.107190 139.080700 125.817774 2.812732 0.062500 1.438093 
168.167769 84.375901 145.651366 83.604947 2.327438 0.125000 15.564217 
126.438940 128.164275 127.799214 143.266929 5.428369 0.125000 14.141600 
88.053176 66.797501 103.188115 67.246231 8.820246 0.125000 25.454348 
15.144968 91.578139 22.656149 95.316919 5.038157 0.125000 1.198571 
157.560257 129.192112 155.836882 122.734840 4.027098 0.125000 2.576231 
163.230609 143.566122 160.066799 135.358336 2.964696 0.125000 0.797908 
0.273222 77.207085 7.976069 75.957178 2.876372 0.062500 0.293299 
151.848122 133.849367 145.193871 122.119578 6.816069 0.125000 16.187706 
140.810850 88.721193 133.214048 86.561735 5.834814 0.125000 2.742210 
83.742326 51.222286 101.704102 57.373988 12.328116 0.125000 1.986961 
68.316366 23.136355 67.498980 36.912024 1.469923 0.125000 1.067674 
