93.937815 66.908580 94.764792 46.891103 6.451061 0.125000 15.838284 
70.529057 41.875613 70.624934 56.875000 4.999898 0.125000 10.248991 
86.875124 19.361199 73.115006 19.237595 2.612179 0.125000 11.001664 
96.865512 46.251224 123.147357 46.649440 5.131989 0.125000 18.722328 
94.947828 45.695471 95.625243 28.173335 3.747201 0.125000 3.369347 
110.672610 23.596211 95.576196 22.673315 2.190244 0.125000 5.219043 
70.926004 20.600098 70.367058 41.901032 4.867122 0.125000 26.689219 
114.614120 44.436460 113.469145 25.604077 5.631619 0.125000 10.585534 
72.219541 54.568304 68.730415 65.812857 3.413083 0.125000 1.454630 
88.065280 41.876804 88.330511 50.656553 3.861523 0.125000 0.426994 
125.386794 30.623530 125.278722 48.130579 1.327138 0.062500 0.293299 
91.874241 83.409737 71.874383 83.356438 1.296632 0.125000 3.776944 
85.638715 72.595994 74.363886 72.303683 1.476356 0.062500 2.527919 
98.130478 20.525177 110.661338 21.212829 1.659079 0.125000 0.164584 
161.774082 80.098657 141.813632 77.315049 2.648688 0.125000 16.751076 
123.192131 76.979227 96.958946 75.442228 8.442572 0.125000 46.814644 
69.648868 89.374031 69.659996 106.876408 7.507151 0.125000 34.285561 
74.308514 24.245327 85.666874 24.919395 2.939919 0.125000 10.098574 
125.108992 54.374034 125.066867 76.876295 3.775734 0.125000 26.408166 
94.017280 95.644883 94.324772 81.846026 5.165847 0.125000 16.423266 
86.885556 27.562263 73.116953 27.303995 1.507655 0.125000 5.583124 
141.865012 80.736516 160.687928 82.422410 3.177493 0.125000 16.275264 
110.726085 18.146039 98.105836 17.107994 5.597988 0.125000 10.297348 
68.624137 107.512363 70.657111 125.760680 11.319231 0.125000 44.206430 
112.563647 124.135859 114.855891 106.773460 6.850671 0.125000 22.871451 
30.606444 78.039203 38.287837 76.377925 1.818507 0.031250 0.983154 
94.968262 101.522822 93.311321 92.850573 3.114917 0.125000 3.776944 
88.553742 125.632159 88.639102 105.616531 8.776574 0.125000 36.275096 
70.792474 124.932099 72.482774 134.488593 6.154471 0.125000 0.532358 
71.855437 68.137085 83.141477 68.312022 4.354576 0.125000 0.731012 
96.800777 80.721833 109.400285 81.416182 2.496212 0.125000 6.102063 
108.439962 96.931894 104.525224 118.603729 6.817062 0.125000 18.858903 
0.154305 76.435458 8.406763 74.136378 4.283364 0.125000 0.664633 
39.380209 49.374987 39.445315 75.624826 1.268598 0.125000 6.102063 
127.142931 46.883134 127.902345 21.868241 1.856314 0.125000 18.532534 
125.116311 83.091698 124.377621 94.375172 1.655622 0.125000 1.067674 
41.875000 76.875000 60.625000 76.875000 1.250000 0.125000 0.820776 
173.934083 0.603363 169.886288 83.088749 2.581413 0.125000 37.561792 
65.625000 83.125000 40.625000 83.125000 1.250000 0.125000 7.389304 
169.205235 61.870067 170.984703 0.635453 1.503639 0.125000 37.298484 
139.362098 74.567337 160.600377 75.992053 1.581857 0.125000 7.389304 
85.646979 105.265418 82.844221 95.351006 4.105933 0.125000 7.653196 
168.745619 0.609817 167.870931 36.868871 1.490799 0.125000 17.323294 
166.875000 48.125000 166.875000 63.125000 1.250000 0.031250 3.114218 
45.625000 80.625000 66.875000 80.625000 1.250000 0.125000 2.576231 
15.611932 81.757047 28.097170 80.373804 1.655335 0.125000 1.067674 
95.625000 9.375000 119.375000 9.375000 1.250000 0.125000 6.486214 
40.625000 0.625000 40.625000 36.875000 1.250000 0.125000 15.517114 
21.875000 61.875000 21.875000 14.375000 1.250000 0.125000 23.644924 
137.818801 30.613789 138.917452 0.608247 1.340639 0.125000 11.904754 
38.125000 24.375000 38.125000 8.125000 1.250000 0.125000 1.067674 
