124.335313 38.182608 166.883258 38.842834 5.725604 0.125000 59.126042 
121.321355 64.448189 122.935310 49.092304 4.972610 0.125000 11.797682 
160.625037 95.630360 125.626686 95.870635 1.370111 0.125000 14.614024 
116.186267 0.616619 115.578127 50.594009 4.266837 0.125000 62.705736 
139.438318 76.209754 116.904507 74.064991 7.821575 0.125000 31.588206 
110.624095 93.241995 135.622601 93.435300 3.798216 0.125000 14.891772 
116.452718 52.978527 115.011683 69.430766 4.062904 0.125000 10.526739 
139.203770 47.557029 130.491885 50.183455 3.229581 0.125000 4.336995 
115.234917 75.565408 116.201152 89.508321 3.741028 0.125000 6.677210 
126.857206 3.914766 144.376476 4.309483 2.555678 0.125000 13.192832 
130.479540 50.061480 124.951334 58.956311 3.586813 0.125000 2.680153 
149.388525 7.715046 119.379949 6.724995 2.581076 0.125000 17.380123 
147.705663 35.633672 147.653657 10.631180 6.273387 0.125000 33.669137 
128.188548 61.918235 133.444512 54.192812 5.696496 0.125000 0.218016 
145.613540 14.765429 125.594097 14.177786 2.939038 0.125000 20.626123 
23.031875 96.263666 35.628584 98.100419 3.530402 0.125000 1.967896 
122.710764 90.712784 121.914810 75.622900 7.621274 0.125000 5.975286 
174.438492 46.122802 156.852766 44.638408 2.596279 0.125000 7.689797 
0.357458 103.684115 23.290842 94.803259 3.759819 0.125000 38.558193 
126.844947 10.444404 144.401338 10.937788 2.955503 0.125000 16.200067 
123.557977 8.099890 122.750801 34.363500 2.806011 0.125000 9.752547 
136.875244 93.194614 154.375029 93.133370 1.271865 0.125000 0.164584 
144.768666 58.633864 133.496017 67.354587 5.260622 0.125000 4.746480 
139.354528 51.827447 148.698947 47.804628 3.473230 0.125000 0.426994 
116.398704 97.885207 121.830089 143.722782 15.501967 0.125000 180.666073 
38.150939 100.129060 20.542779 100.734754 5.040017 0.125000 5.049777 
174.389115 76.987914 151.852695 77.221319 3.827471 0.125000 39.900544 
26.141154 0.624442 26.068944 95.626288 2.499999 0.125000 121.738084 
149.530430 143.126476 149.516721 98.123434 11.255711 0.125000 238.418873 
143.122953 1.487545 126.873406 1.573403 1.329238 0.062500 2.873854 
39.374211 96.078283 108.126178 96.197955 2.504348 0.125000 80.784414 
174.387357 94.824143 160.582783 94.611148 3.730269 0.125000 7.274493 
19.705610 101.293847 -0.328235 111.196539 7.805710 0.125000 49.206069 
155.423599 92.390607 153.031882 85.658080 4.788969 0.125000 0.426994 
141.999606 86.075950 125.515087 86.772020 6.771787 0.125000 4.529519 
68.125000 98.125000 44.375000 98.125000 1.250000 0.125000 6.486214 
30.625000 21.875000 30.625000 0.625000 1.250000 0.125000 3.776944 
22.036174 15.631207 22.614815 0.605353 1.633886 0.125000 6.486214 
