69.083241 9.374412 69.077868 0.624415 2.502302 0.125000 0.164584 
54.369705 107.484195 120.646166 106.936555 4.834576 0.125000 64.683031 
63.124366 0.540221 62.358119 23.141379 7.580402 0.125000 44.238737 
101.715858 21.444953 112.521842 23.542246 6.135508 0.125000 8.959915 
69.582861 19.359601 69.342523 35.624520 2.629007 0.125000 15.860896 
117.780196 25.816819 116.872873 0.535354 10.666049 0.125000 32.977120 
96.879997 115.535728 54.368094 115.453692 8.790990 0.125000 102.851506 
160.540152 69.842037 168.131269 69.525213 2.340363 0.125000 0.164584 
155.062218 103.125756 155.175042 0.625881 6.270635 0.125000 127.006324 
92.181588 0.616071 92.100088 20.636094 5.076288 0.125000 40.539510 
103.163085 0.621264 103.105274 19.374939 1.250000 0.125000 1.970764 
170.607670 114.207057 98.103223 115.093193 8.125761 0.125000 123.182169 
125.164898 0.615630 123.230427 95.601690 3.316538 0.125000 73.927014 
163.423417 6.042332 174.531297 0.967076 5.586733 0.125000 6.633937 
63.676125 16.830274 61.918303 44.297776 2.524763 0.125000 10.526739 
86.333957 38.164278 86.113560 28.114286 6.358122 0.125000 0.272083 
99.185683 71.869574 100.582665 23.123787 2.713825 0.125000 40.916794 
159.416670 23.200052 174.595637 14.772387 4.612798 0.125000 4.705434 
85.884188 73.151151 86.274692 50.614598 2.737844 0.125000 22.741834 
86.535991 26.882962 86.765595 0.613119 2.696552 0.125000 28.160374 
146.876302 75.999999 129.374481 75.973956 3.757436 0.125000 7.405795 
138.122281 73.353252 146.878871 73.329953 2.519947 0.125000 1.970764 
100.762831 19.376936 101.026400 0.613080 1.478112 0.125000 2.873854 
52.380318 61.854883 54.034682 0.615806 2.735382 0.125000 76.329496 
80.619877 7.313692 73.106304 7.225949 3.808130 0.062500 0.275019 
80.597820 44.378453 80.549996 9.375102 5.022197 0.125000 32.787917 
103.170093 24.376127 101.982538 71.908917 3.280528 0.125000 47.899640 
114.469757 95.943877 97.977928 96.939951 11.832418 0.125000 37.976142 
71.175841 85.796864 65.313054 104.587686 9.842094 0.125000 49.618810 
11.790809 53.480299 50.724310 62.705894 2.305729 0.125000 35.537042 
172.926165 31.388168 164.114463 34.987096 2.314406 0.125000 1.067674 
132.378800 24.306326 133.929940 35.685667 2.477093 0.125000 4.336995 
71.923961 46.385988 84.423810 47.637499 4.104934 0.125000 5.664267 
83.475623 104.495528 82.485620 86.840759 11.162369 0.125000 18.464116 
103.140129 71.379246 121.872684 71.950891 2.536964 0.125000 12.304394 
158.320835 50.617468 159.040890 69.339775 2.882466 0.125000 2.742210 
0.299694 42.911130 9.693532 45.860446 2.454509 0.125000 0.820776 
121.881863 75.236390 88.098249 74.639757 4.124641 0.125000 40.280881 
46.838884 59.524428 11.772520 51.049001 1.923408 0.125000 23.245778 
26.878112 108.177144 52.012388 106.677222 4.544343 0.125000 14.234787 
158.526935 28.126247 158.476529 44.376090 1.296524 0.125000 1.067674 
44.852939 28.116425 45.158473 0.605936 3.888586 0.125000 26.888049 
9.338883 43.235671 0.325070 40.294059 1.988841 0.031250 1.681407 
50.616796 0.577594 48.402829 59.338371 4.547423 0.125000 74.905456 
120.999567 70.635974 122.172602 30.597097 2.906452 0.125000 23.945032 
128.100837 106.849152 161.862401 106.209759 5.117448 0.125000 40.698275 
89.612479 39.379888 88.994782 69.392901 2.936724 0.125000 34.993339 
83.181750 75.375103 71.897155 76.015441 4.027244 0.125000 5.301648 
174.382000 76.450904 158.115800 76.182426 2.685318 0.125000 9.642303 
53.125000 111.875000 33.125000 111.875000 1.250000 0.125000 3.776944 
70.209619 53.123704 70.174518 64.377494 1.285084 0.031250 0.983154 
66.330721 120.213491 64.069110 143.814392 15.579710 0.125000 70.993750 
8.119633 107.651276 25.631547 107.452888 2.556480 0.125000 11.416468 
52.105682 83.141216 52.811327 73.102950 1.685188 0.125000 1.067674 
115.795075 143.225485 116.694688 119.321172 11.665124 0.125000 61.758849 
82.601981 141.849074 81.886447 121.785434 6.290580 0.125000 9.300248 
44.410847 114.925840 21.924730 116.389176 5.070621 0.125000 24.507854 
58.808522 19.335856 57.541921 78.112435 3.722199 0.125000 36.638931 
174.375000 111.875000 155.625000 111.875000 1.250000 0.125000 2.873854 
135.372322 59.377764 135.126198 36.880457 1.414018 0.125000 5.583124 
130.912821 41.851079 131.341090 69.383305 2.538581 0.125000 29.966554 
53.161433 115.181372 45.620350 115.522091 2.723130 0.125000 1.067674 
88.516652 130.444777 93.444134 141.152946 4.451697 0.125000 3.294530 
