46.848874 16.004234 26.771931 14.621094 4.342512 0.125000 20.801514 
174.583977 24.015814 150.961059 29.557532 3.575876 0.125000 13.859387 
77.379993 20.564738 75.447035 44.461714 4.544030 0.125000 24.089710 
44.795345 36.915572 44.428264 18.099575 4.999049 0.125000 43.569927 
75.328643 54.332798 72.313026 75.509372 7.068709 0.125000 19.193336 
28.044762 38.681607 40.819868 40.523217 5.305547 0.125000 6.434302 
122.584117 24.405737 123.618678 0.538035 4.237472 0.125000 37.034701 
73.983211 44.801404 76.361976 54.500818 6.367854 0.125000 3.042730 
174.378880 66.154393 151.872802 66.033221 2.621101 0.125000 18.201342 
111.900232 23.394553 99.376358 23.072244 2.788602 0.125000 11.416468 
26.913792 16.854116 26.568299 36.891265 2.822879 0.125000 24.777277 
96.569218 11.093877 108.445844 6.444601 4.403292 0.125000 2.536664 
67.037607 75.620119 65.647159 29.299290 5.872133 0.125000 88.321118 
163.172462 48.140708 174.453472 47.717690 3.747366 0.125000 9.438675 
120.814536 75.622216 120.355551 44.378958 4.043378 0.125000 24.731049 
113.374256 14.384872 113.075731 21.922554 3.747062 0.125000 4.336995 
120.909639 40.668548 122.461763 30.523529 4.084952 0.125000 6.009503 
22.970056 76.922548 23.462320 65.585371 2.822993 0.125000 5.946800 
64.226727 8.099773 62.159801 20.248104 6.790444 0.125000 8.695560 
97.257250 22.272403 100.122802 10.502730 4.889814 0.125000 9.079857 
17.092869 26.822475 15.364287 101.926539 5.487633 0.125000 196.325141 
145.486950 69.372344 145.246563 81.867720 2.643796 0.125000 1.720471 
22.445843 64.402133 23.135701 18.106533 3.805457 0.125000 55.651765 
45.657010 74.867013 24.253632 76.259491 6.804878 0.125000 22.575616 
89.437466 81.794907 82.349355 76.266786 4.855150 0.125000 0.434640 
140.584928 60.829258 125.432429 57.856584 3.943901 0.125000 7.931512 
149.958836 53.756279 164.849016 48.448212 8.743461 0.125000 11.966115 
20.463190 94.012300 16.668838 134.935379 14.754692 0.125000 193.333814 
56.478111 19.487452 54.467302 12.390511 6.173651 0.125000 6.126021 
126.995941 35.756880 140.720574 37.241401 3.459410 0.125000 7.782856 
28.248465 5.800203 50.597147 8.367467 2.869580 0.125000 18.013092 
139.556832 24.280387 127.844861 22.696576 4.284848 0.125000 6.467797 
17.612068 0.644468 16.950474 25.693025 5.130273 0.125000 28.108197 
150.562236 11.488205 174.548975 13.232279 6.777433 0.125000 62.295180 
161.943165 37.051696 150.471536 41.477197 5.298300 0.125000 4.191864 
174.607065 33.104530 169.323431 34.101777 5.145087 0.125000 1.653093 
49.855617 46.859620 49.329595 73.174067 6.173805 0.125000 15.848673 
125.566071 17.849125 144.398389 18.988367 4.462520 0.125000 16.898940 
112.712833 28.245785 110.896580 40.844356 4.592118 0.125000 12.049956 
144.784994 35.514718 146.601970 21.675045 3.392668 0.125000 6.126021 
149.341781 79.407213 149.057977 68.101580 2.750163 0.125000 6.985969 
108.148998 76.466256 91.881684 75.511158 1.760704 0.125000 6.486214 
31.226013 70.648707 32.409453 40.646081 2.842929 0.125000 11.832720 
89.770095 71.942582 88.439322 30.494507 10.395980 0.125000 64.043293 
50.902667 30.469690 48.473039 45.680592 5.923224 0.125000 12.116880 
142.004641 28.114146 142.053962 34.383426 2.549091 0.062500 2.873854 
114.860189 75.612049 115.346883 46.870291 2.520805 0.125000 26.142933 
110.418779 48.122726 110.373885 76.874608 3.789031 0.125000 45.248766 
143.465838 80.464188 118.005578 78.245254 7.254618 0.125000 47.446714 
35.157342 43.108389 34.178614 70.662425 2.675914 0.125000 24.830979 
63.126396 78.434026 49.371029 78.496176 1.306464 0.062500 1.669734 
0.592055 122.324364 11.925736 121.858004 2.806236 0.125000 1.855669 
94.216085 28.231824 110.669430 25.944609 5.985039 0.125000 10.694409 
8.275320 126.633415 0.391507 127.808624 4.630499 0.125000 8.756152 
174.571081 84.592071 150.568699 82.530502 3.843213 0.125000 23.269499 
73.021239 76.883504 74.564331 95.711928 3.635367 0.125000 7.949579 
95.411570 61.864927 94.937901 71.901566 1.602172 0.125000 1.067674 
20.407815 134.001008 19.132898 143.263727 7.600394 0.125000 2.962376 
89.325777 28.588167 92.849379 0.434062 7.286711 0.125000 39.306642 
102.489823 72.607659 97.613167 60.059722 5.566028 0.125000 7.776105 
40.697341 131.995825 42.551053 111.708342 9.617291 0.125000 41.652168 
43.559805 114.481646 42.855280 84.322899 8.660035 0.125000 73.517324 
138.064490 33.296000 137.199842 26.669509 3.071544 0.125000 1.067674 
11.815293 135.539681 12.081772 143.161474 6.508244 0.125000 6.467797 
55.730036 9.255097 45.735032 0.499394 2.820753 0.125000 8.756152 
159.374590 80.585286 174.398816 80.430056 1.391857 0.062500 4.077974 
103.862569 68.179612 105.717188 43.131826 1.800396 0.125000 14.614024 
75.491672 17.003950 66.890124 8.110373 1.915039 0.125000 2.576231 
