75.329925 60.628523 74.613356 0.607231 4.137709 0.125000 86.438917 
156.338557 9.512077 157.540959 3.252933 3.293481 0.125000 0.164584 
33.026218 34.790877 20.143066 55.623025 5.315634 0.125000 25.698953 
8.656157 22.779133 33.035656 30.893436 5.142439 0.125000 21.486269 
141.144052 7.285038 154.680038 10.646766 5.153876 0.125000 7.479874 
22.094540 51.618594 10.578201 54.163195 3.661681 0.125000 10.310893 
92.716865 24.360174 92.914927 35.606686 3.859470 0.125000 6.009503 
159.246092 3.146971 174.469776 4.689816 3.966234 0.125000 7.695231 
11.050857 53.889074 0.099981 49.408061 4.470633 0.125000 15.860896 
83.449923 81.888560 84.181131 64.366910 3.850977 0.125000 26.563777 
130.622936 20.717993 104.385856 20.135779 2.859892 0.125000 4.003734 
90.524336 0.165001 93.801958 8.354349 6.964357 0.125000 3.453467 
131.867919 45.303314 146.886115 45.417869 5.018923 0.125000 8.991506 
154.370739 21.983723 133.104415 21.150177 1.738610 0.125000 5.096624 
93.245920 8.559360 89.778594 19.502874 2.572306 0.125000 0.050694 
136.826602 24.322427 153.100539 24.980194 3.999350 0.125000 4.191864 
94.138123 42.281635 95.959524 48.941660 5.698872 0.125000 0.434640 
104.148335 24.659219 123.083796 22.722205 6.090348 0.125000 5.975286 
106.837365 2.069789 128.486762 6.252589 3.960722 0.125000 17.093108 
174.454259 84.722118 85.577787 82.652038 6.073665 0.125000 221.252696 
129.149994 6.056073 139.436164 4.937400 4.565250 0.125000 8.533210 
165.406734 19.265713 171.663819 6.769260 3.357904 0.125000 5.468486 
96.887438 48.828622 114.406814 49.227438 5.027153 0.125000 14.632986 
121.243392 48.136946 131.728421 42.787883 5.589987 0.125000 0.220401 
107.334926 10.611618 118.034675 6.632142 3.650410 0.125000 0.434640 
147.256157 45.247159 154.197438 41.542324 5.662601 0.125000 1.198571 
77.304195 65.621560 77.434521 81.880535 2.539997 0.125000 7.653196 
159.823502 10.722453 157.117174 23.177621 6.478471 0.125000 4.691204 
107.176980 3.838421 99.463028 17.467325 4.638543 0.125000 0.272083 
125.720079 30.133386 99.259133 33.450799 4.502023 0.125000 18.826518 
157.078885 27.771009 140.817560 31.471241 5.597948 0.125000 6.073526 
148.426535 39.247240 158.379697 36.572920 3.297191 0.125000 1.720471 
158.034357 25.113538 174.496628 27.134009 4.962761 0.125000 7.648728 
174.411177 31.594288 161.848254 31.430847 5.032099 0.125000 4.092379 
66.948115 48.159046 73.801879 33.440185 6.643313 0.125000 29.998182 
75.673833 82.736825 46.837672 81.877231 4.455999 0.125000 60.318531 
19.361110 64.821474 58.151343 66.028222 2.265582 0.125000 25.554186 
54.369363 68.282206 18.121147 66.982449 1.965879 0.125000 25.670416 
154.590799 3.116525 143.038021 5.124598 2.677131 0.125000 8.292394 
19.017024 13.115439 18.749225 23.141673 1.483182 0.125000 0.164584 
57.401127 65.639074 68.651202 47.671799 8.881396 0.125000 37.585958 
88.459388 58.134937 88.093159 24.388911 2.744020 0.125000 6.781420 
0.622352 77.023340 53.127932 77.960756 1.941519 0.125000 10.922076 
51.502388 78.315969 57.156257 69.968830 6.275903 0.125000 8.717065 
105.626637 67.453653 88.126777 67.503158 1.295964 0.125000 8.292394 
16.896334 79.548447 0.585600 81.554679 2.786502 0.125000 8.509122 
174.375000 113.125000 141.875000 113.125000 1.250000 0.125000 12.807844 
101.875000 65.625000 133.125000 65.625000 1.250000 0.125000 11.904754 
24.375000 108.125000 53.125000 108.125000 1.250000 0.125000 10.098574 
