164.848470 42.170264 175.506039 25.080335 5.565514 0.125000 15.087828 
174.457100 11.920044 138.120283 9.444226 4.591046 0.125000 18.139648 
174.492020 31.935073 165.049165 50.329391 3.454917 0.125000 11.550453 
161.410324 66.955318 163.966572 41.961071 4.338162 0.125000 24.089710 
166.095696 51.840919 165.327071 69.416636 2.661452 0.125000 10.225862 
136.010724 0.636111 134.064801 68.188080 6.113709 0.125000 119.862654 
126.242754 45.635884 126.130952 0.620639 8.812064 0.125000 123.692286 
146.813187 85.118890 161.743148 83.295432 3.750788 0.125000 3.586135 
162.107305 77.693532 145.755359 82.334324 4.631367 0.125000 11.797682 
127.261415 84.368569 126.615293 45.546107 7.436559 0.125000 69.567377 
131.871996 71.072975 161.879029 71.274228 3.800216 0.125000 26.888049 
165.609319 71.185063 174.383197 70.985647 2.641370 0.062500 2.108726 
174.427918 90.524851 149.336551 90.014196 5.405917 0.125000 23.734118 
0.625603 85.662181 123.133923 83.675174 2.175326 0.125000 100.170971 
129.899529 98.519512 124.800809 89.143444 6.184024 0.125000 3.369347 
65.639483 45.291024 120.644458 47.676291 1.573755 0.125000 32.015933 
143.133919 85.192917 130.613451 84.934470 1.481906 0.125000 4.680034 
149.572445 99.585539 131.994365 96.246595 4.555475 0.125000 11.284283 
86.874810 59.380589 123.125390 60.613533 2.056589 0.125000 15.743835 
