135.923277 0.579723 139.175957 111.807712 8.636645 0.125000 253.560347 
174.512269 117.106383 136.922987 114.831937 5.368356 0.125000 43.939680 
95.641474 114.017176 0.612697 109.642232 3.401112 0.125000 92.639208 
139.420226 111.041515 174.452734 112.942404 5.563557 0.125000 67.973711 
137.912725 114.759484 128.662102 109.652174 5.585516 0.125000 8.084162 
150.624199 100.641204 174.439583 101.817900 4.808850 0.125000 10.557218 
156.845904 4.188217 148.953269 5.417690 6.752717 0.125000 2.536664 
174.435879 104.754696 151.871412 103.176288 2.206435 0.125000 17.323294 
174.394324 81.218251 149.379201 80.482226 1.653853 0.125000 11.001664 
150.577618 77.949653 174.391550 78.999631 2.057092 0.125000 16.420204 
71.897302 110.308361 91.886181 111.716248 1.510384 0.125000 5.583124 
0.612927 84.787563 123.081213 88.371328 3.687927 0.125000 141.597403 
58.212291 94.914120 40.524761 94.126739 9.408425 0.125000 37.020229 
106.931130 92.824866 71.841351 91.554268 5.087191 0.125000 49.675822 
40.681696 90.130511 0.532579 93.143441 4.020109 0.125000 74.548339 
174.353350 109.673299 150.637552 107.952049 1.518175 0.125000 8.292394 
115.616022 8.029567 105.587188 8.973099 2.723179 0.125000 0.797908 
83.125758 26.939228 64.363622 27.160581 3.897202 0.125000 22.232338 
8.105863 6.989292 0.403216 5.699575 3.079241 0.031250 3.277007 
140.618575 20.323447 155.638389 20.003450 1.542593 0.125000 2.576231 
174.359564 1.228348 161.866683 1.526559 2.499288 0.125000 2.510782 
121.941013 92.714925 107.982507 93.811982 6.132845 0.125000 10.613974 
128.985899 108.931272 119.407047 104.308594 6.132905 0.125000 15.391931 
104.644476 8.773444 91.901801 3.065171 3.422307 0.125000 12.058439 
124.357547 91.262506 134.385024 90.976781 2.677003 0.031250 3.277007 
63.349166 25.715462 62.236088 13.093158 3.625701 0.125000 14.081748 
35.625123 25.627365 19.354165 26.475096 2.821803 0.125000 11.184171 
19.267977 26.281976 16.182760 20.335611 3.370451 0.125000 1.970764 
116.477707 0.443771 115.889357 5.791604 4.137597 0.125000 2.873854 
71.814480 92.409873 56.921145 93.670268 6.333147 0.125000 36.418285 
141.874495 58.682321 156.874483 58.695907 1.262453 0.062500 0.616176 
60.471267 12.458602 42.875166 7.823421 3.756077 0.125000 9.505731 
101.890747 102.990931 59.363937 103.591030 4.190553 0.125000 41.055452 
111.811241 109.101871 104.145385 110.891378 7.303639 0.125000 13.631274 
133.217675 98.989578 122.014293 96.295702 4.522785 0.125000 3.782874 
155.619700 15.561664 141.861441 16.712967 1.871067 0.125000 4.680034 
141.883976 71.121079 156.879067 70.849764 1.430702 0.062500 1.669734 
128.146159 112.930222 113.052696 111.290578 1.782676 0.125000 4.680034 
174.389522 96.547240 145.640574 95.273487 1.414760 0.125000 9.642303 
83.898071 1.906873 85.322993 23.228719 3.491602 0.125000 7.776105 
155.604431 74.641763 141.839884 73.580421 1.534596 0.125000 1.067674 
54.566697 130.963886 34.593856 142.261897 2.033092 0.125000 8.533210 
73.072382 119.271409 60.612472 125.600335 1.250000 0.062500 1.785718 
