174.497805 70.657287 168.061147 70.008157 2.863658 0.031250 1.057109 
146.871858 43.056244 174.428556 41.797051 3.524452 0.125000 8.875252 
163.874664 69.322905 162.702462 80.581005 2.997641 0.125000 1.034919 
135.621072 62.725915 153.131679 62.553574 2.647503 0.125000 6.848509 
174.371546 61.580526 161.873265 61.727119 2.499828 0.125000 0.218275 
133.113991 82.280492 163.159718 83.096222 3.545071 0.125000 29.909640 
174.437698 45.686146 140.585785 47.304930 4.874881 0.125000 56.972398 
174.400023 22.847526 0.629830 24.804009 4.338257 0.125000 254.765666 
153.292259 68.273736 111.858918 61.980885 3.300485 0.125000 52.172723 
108.121495 56.414858 133.129566 56.224362 2.528492 0.125000 20.844003 
139.383686 46.180107 111.872360 45.836204 2.734170 0.125000 20.504031 
108.208744 31.880822 106.732568 53.115098 2.215737 0.062500 0.201474 
85.609274 30.959825 153.115031 31.629676 3.687800 0.125000 50.008732 
56.770120 57.331382 0.340392 44.363470 4.956136 0.125000 88.059447 
113.111423 40.285749 138.124499 40.658630 3.861377 0.125000 28.117220 
74.320831 87.263411 81.869581 86.788814 2.730375 0.125000 2.873854 
69.449268 142.557617 39.311166 138.612668 5.444416 0.125000 35.718213 
151.879264 106.301866 71.883693 105.706671 3.796397 0.125000 90.494378 
46.908550 89.719590 73.153174 87.164376 2.521061 0.125000 28.160374 
0.600123 31.179006 84.368668 32.334160 5.688951 0.125000 99.768840 
81.791885 85.313337 95.664302 85.840227 4.079393 0.125000 8.084162 
174.546886 92.535703 138.147512 89.134108 3.501115 0.125000 26.763565 
75.600195 84.092709 45.612067 86.727821 2.120547 0.125000 18.013092 
57.524743 81.875366 57.537409 59.374669 1.262665 0.125000 5.583124 
68.121251 114.473156 101.917435 115.763880 2.545883 0.125000 31.136691 
103.115562 83.370637 136.887881 83.583753 6.320866 0.125000 53.840337 
111.731951 62.725079 88.693953 70.965617 4.707888 0.125000 27.300336 
88.601192 72.133978 77.197577 81.038127 3.171656 0.125000 0.294986 
0.341110 36.693394 22.908464 42.689912 2.416158 0.125000 13.631274 
39.028837 138.028507 19.763139 132.246952 7.900941 0.125000 27.726884 
63.202357 105.697300 49.429673 104.792644 2.412695 0.125000 7.389304 
98.126775 115.911284 174.381593 115.438613 2.848615 0.125000 34.934368 
81.405596 33.449760 91.661120 48.272974 2.922473 0.125000 6.467797 
46.891561 50.575693 57.009639 53.974145 1.591995 0.062500 2.873854 
24.543110 42.640093 45.834256 50.021408 2.551300 0.125000 12.806661 
113.125567 75.002779 86.874449 74.978837 1.271660 0.125000 7.917544 
93.128432 84.388490 101.881762 84.364716 5.003377 0.125000 6.009503 
55.663767 53.994895 71.872650 55.648046 2.258190 0.125000 5.962107 
163.129650 106.807619 153.091195 106.114843 1.677337 0.125000 0.164584 
0.439756 91.279837 30.637366 88.248171 4.725261 0.125000 31.932132 
94.749684 34.261678 100.815462 54.317395 1.669210 0.125000 4.248691 
50.632911 112.989570 66.900421 113.939794 1.685221 0.125000 6.486214 
103.143601 121.397535 76.884756 120.374563 2.838722 0.125000 17.249225 
136.875000 89.375000 109.375000 89.375000 1.250000 0.125000 9.195484 
100.615938 89.285608 79.331240 91.443328 1.856894 0.125000 11.904754 
87.034207 69.675833 71.698632 77.791741 1.427662 0.125000 0.797908 
138.129564 93.073549 121.896405 91.633681 1.686873 0.125000 3.776944 
174.511328 120.634179 168.199974 121.317491 2.620023 0.062500 1.669734 
