106.089249 98.204879 101.258654 50.687658 6.744287 0.125000 74.707768 
83.068519 116.440031 99.438466 128.035401 8.160247 0.125000 10.132511 
102.236850 110.974196 104.845007 98.935217 5.252962 0.125000 20.626123 
8.534616 128.224941 10.907638 118.498944 4.235715 0.125000 3.048414 
131.121739 30.401898 126.904660 68.267515 6.485420 0.125000 90.849918 
104.457681 129.523057 102.194054 111.675990 5.432111 0.125000 25.042301 
99.406561 51.826059 83.200597 52.251907 8.845486 0.125000 24.021735 
174.392981 4.512848 144.380617 4.027607 2.964444 0.125000 48.028354 
29.426951 132.851065 13.090169 133.720584 3.944010 0.125000 10.082962 
77.046042 73.134843 76.615845 80.610086 3.743805 0.125000 5.583124 
108.242072 143.411645 106.593834 129.709549 5.859938 0.125000 14.141600 
78.118923 102.437942 85.106980 115.089877 6.304352 0.125000 18.096445 
73.673070 91.606772 78.829131 102.142151 5.589967 0.125000 3.770729 
134.920636 20.345263 131.067530 30.047186 5.569701 0.125000 21.838744 
127.202004 68.603960 123.908087 88.045894 9.212701 0.125000 38.291504 
15.410596 114.666485 17.216107 100.509088 4.959829 0.125000 18.759376 
79.299831 68.101870 77.570026 73.723495 4.411256 0.125000 3.776944 
121.940918 130.318904 136.345971 142.500586 7.264345 0.125000 9.141983 
121.438901 86.760981 123.867514 130.722092 11.991328 0.125000 96.208432 
79.738370 61.829046 79.415298 68.062301 4.300245 0.125000 2.873854 
148.119880 0.932426 173.133760 1.348995 1.645293 0.125000 18.532534 
137.438017 13.320767 135.094745 20.059902 8.315568 0.125000 5.101639 
144.469645 0.695733 131.901271 17.513006 9.011454 0.125000 58.872029 
18.009869 93.936775 9.258615 92.695614 3.238601 0.125000 1.653093 
31.787947 143.260059 31.137149 130.794034 7.685306 0.125000 6.418972 
15.860633 101.286718 0.178468 106.871022 2.435539 0.125000 6.799042 
0.535543 104.116781 15.861379 98.807311 2.092385 0.125000 7.389304 
79.355850 143.770450 74.609235 125.244713 5.774294 0.125000 16.748452 
10.422072 72.294136 16.232273 88.357478 7.377935 0.125000 18.094855 
0.938233 0.603348 3.455899 37.024941 4.861690 0.125000 46.614069 
19.574116 99.686250 24.982035 117.945209 4.927736 0.125000 9.256276 
69.586923 116.509994 73.212814 143.449663 6.170740 0.125000 21.936181 
25.821415 117.650583 29.350747 128.133166 7.905658 0.125000 7.884217 
46.205795 129.132200 41.903401 118.840567 7.590833 0.125000 6.455911 
12.984225 96.447187 0.592069 100.524923 2.561622 0.125000 1.229414 
76.381529 125.698059 74.671242 114.146077 5.495293 0.125000 2.651501 
70.225512 90.591881 70.909710 108.162588 5.190764 0.125000 17.751826 
73.181412 58.298846 70.686234 77.049488 3.802107 0.125000 21.306669 
37.159864 106.984762 35.115251 89.006496 8.128965 0.125000 28.071570 
30.213515 49.122888 24.387843 29.746971 7.659612 0.125000 15.740391 
43.411186 119.253273 33.203319 110.533317 6.098888 0.125000 9.124190 
70.210190 80.586979 69.631674 86.898527 3.962539 0.125000 4.680034 
28.770101 66.907350 28.639337 54.356618 9.999457 0.125000 10.625852 
21.068905 54.782729 17.538871 47.803729 3.715110 0.062500 0.805318 
82.198446 47.233632 71.710497 56.692602 3.439768 0.125000 10.225809 
9.057848 18.150211 8.856164 5.613238 5.019459 0.125000 11.507462 
