72.302433 34.068541 62.228425 20.017821 2.894301 0.125000 9.449320 
73.058545 40.628229 74.761125 75.666977 3.745581 0.125000 36.242781 
72.948228 10.627276 73.238084 33.139638 3.862340 0.125000 28.183996 
72.199272 0.504541 72.784361 8.151065 6.231784 0.062500 3.107848 
128.297701 36.852225 127.530554 73.138859 2.975014 0.125000 37.443052 
128.376646 15.612854 128.148389 34.375285 2.591051 0.125000 4.304398 
86.056107 41.888610 86.610517 24.327188 3.748133 0.125000 6.434302 
67.552402 32.333059 73.649806 39.955131 3.786358 0.062500 2.034583 
125.629537 70.624659 122.810236 33.148680 4.462166 0.125000 34.946618 
163.211375 26.887048 163.448221 0.616644 3.873808 0.125000 39.946743 
118.197148 74.014427 103.115422 73.338816 2.553435 0.125000 2.036308 
58.404939 58.114214 58.528428 75.630968 3.855651 0.125000 26.563777 
174.672348 36.414732 161.663340 41.312848 2.628561 0.125000 3.508045 
106.512015 44.047675 111.693588 46.086133 5.110507 0.125000 0.797908 
88.509878 38.100400 89.788077 58.098598 3.371961 0.125000 23.491411 
11.509074 100.630328 10.690299 44.392248 4.259116 0.125000 68.934946 
84.139659 23.271313 83.306319 0.572452 10.818751 0.125000 64.177513 
55.781511 16.753483 67.278716 31.561549 2.520516 0.125000 6.953153 
10.434034 43.813017 -0.139208 40.878304 5.486483 0.125000 16.275264 
115.206597 44.497285 113.910752 26.817408 5.352118 0.125000 26.492683 
161.242135 35.542555 162.223740 28.007590 3.286438 0.125000 2.576231 
51.066546 79.371274 50.676299 33.124567 2.615935 0.125000 35.777365 
63.985310 76.884180 63.543142 58.115149 1.602931 0.125000 11.416468 
89.439301 0.615755 91.426842 14.439435 3.186127 0.125000 7.653196 
51.458094 36.167003 64.144174 45.925087 3.963186 0.125000 9.284128 
100.637522 25.611823 100.807376 41.886143 2.656410 0.125000 12.811411 
135.066732 70.668864 134.313123 18.125887 9.000072 0.125000 91.053317 
39.330528 8.632458 58.155044 10.282172 2.163073 0.125000 7.653196 
97.373011 71.902616 95.766832 28.165696 6.005852 0.125000 45.584899 
69.636753 54.370190 69.383732 40.601868 2.729253 0.125000 9.438675 
68.203346 58.142029 67.979248 75.623132 3.797761 0.125000 17.918538 
44.377571 10.513506 0.593204 9.503846 4.325346 0.125000 24.647825 
28.094298 12.492358 35.699816 12.870587 2.496914 0.125000 0.164584 
168.326169 51.906030 169.702593 42.982718 2.036338 0.125000 0.164584 
41.342710 25.632077 42.024019 76.873019 2.882011 0.125000 61.431339 
107.225533 46.873506 107.332083 71.878379 1.351191 0.125000 5.219043 
0.622235 12.535327 26.877519 12.412230 1.373057 0.125000 23.644924 
99.370436 17.637733 118.130499 17.462001 1.413866 0.125000 10.529091 
150.812851 74.367764 149.993717 53.101169 2.690592 0.125000 23.644924 
74.548719 76.818212 73.091342 104.439178 5.322368 0.125000 19.563687 
119.197868 19.375505 119.351065 73.125068 3.867555 0.125000 52.411150 
162.267476 57.062847 169.391899 54.420565 4.555969 0.125000 1.855669 
135.641867 2.235705 156.903827 1.241485 3.804294 0.125000 19.736889 
104.881659 71.881667 105.210806 46.869549 2.532679 0.125000 17.918538 
87.728774 80.624182 87.708271 121.876657 7.513667 0.125000 67.962784 
80.887989 48.719770 87.210642 43.534244 5.451427 0.125000 1.967896 
165.066940 79.418841 164.075622 66.800319 2.977976 0.125000 0.923527 
115.031813 109.439142 114.718752 94.341951 7.705707 0.125000 32.699616 
146.515309 51.835406 147.516422 74.346475 2.941813 0.125000 19.641228 
49.369870 81.676236 21.888176 82.385509 3.047425 0.125000 13.859387 
58.282182 81.868480 58.207559 94.375493 2.559619 0.125000 0.218275 
48.161798 28.125040 48.107678 78.124981 1.255411 0.125000 25.451104 
160.719776 76.411838 139.258847 75.224565 4.025700 0.125000 16.507842 
30.004517 58.209652 28.497735 47.165221 5.292050 0.125000 6.905508 
139.179589 37.696611 145.633177 36.945233 2.483226 0.062500 0.616176 
78.608387 26.860251 79.104918 43.133241 1.668772 0.125000 5.962107 
106.831780 129.868808 112.906204 115.023977 9.518423 0.125000 25.944744 
114.017850 95.599860 113.827576 79.381422 7.514148 0.125000 10.218873 
81.633255 75.639288 81.757983 66.837913 4.445348 0.062500 2.034583 
81.621703 65.832814 80.279996 48.056693 5.550298 0.125000 19.555565 
144.802594 70.783552 143.086542 61.882414 2.691426 0.125000 1.697763 
116.875000 70.625000 116.875000 49.375000 1.250000 0.125000 2.576231 
95.172260 98.130504 95.275989 83.105331 6.258480 0.125000 17.991916 
68.384802 80.571312 67.836872 90.677152 2.902381 0.125000 7.870688 
0.625000 53.125000 0.625000 71.875000 1.250000 0.125000 2.873854 
89.861416 60.618544 90.010922 71.883150 1.399188 0.125000 0.820776 
39.375000 75.625000 23.125000 75.625000 1.250000 0.125000 1.067674 
21.863856 82.053388 13.114802 82.144376 4.400728 0.125000 1.720471 
121.796115 106.864893 125.165723 80.566154 3.878454 0.125000 25.999241 
50.815368 100.629291 51.238380 81.860652 1.644002 0.125000 4.232717 
43.122107 142.007900 73.135095 142.661265 1.902632 0.125000 3.042730 
127.515342 76.872811 127.600807 101.876792 1.331172 0.125000 12.807844 
164.357795 28.995519 174.393838 28.540502 1.645021 0.125000 1.970764 
93.249009 109.396317 94.990434 99.265918 3.099172 0.125000 1.720471 
99.474754 99.329614 100.063942 116.851834 3.579851 0.125000 9.886491 
19.912596 48.121022 20.125378 76.878697 1.453436 0.125000 26.563777 
23.045532 32.394062 39.430922 33.130108 5.555908 0.125000 10.787410 
163.496336 88.168199 164.390578 80.481394 2.627697 0.125000 1.970764 
113.130313 9.766858 96.873197 9.666214 2.546382 0.125000 6.009503 
116.528021 0.951437 126.874743 11.949243 4.713802 0.125000 5.983381 
1.875000 64.375000 1.875000 44.375000 1.250000 0.125000 3.776944 
132.662412 105.588889 134.721886 79.206920 4.692983 0.125000 23.127803 
123.247979 17.965705 114.137683 10.932399 2.066032 0.125000 0.820776 
22.357363 74.360176 21.820054 56.876689 1.556589 0.125000 1.970764 
39.375405 24.886919 18.124726 24.875261 3.758914 0.125000 22.175430 
72.839297 105.438192 71.735758 114.510116 5.114354 0.062500 0.538800 
78.680916 98.087058 79.111310 104.392997 2.579315 0.062500 0.616176 
