160.217511 33.646879 166.773900 23.062376 7.034128 0.125000 10.613974 
167.455529 16.941489 165.968142 1.965065 6.095866 0.125000 14.122904 
173.879305 10.136643 164.058799 35.979847 4.323429 0.125000 17.914970 
159.951934 32.454547 152.605691 44.809469 10.947451 0.015625 5.464364 
150.489180 3.326209 163.228558 4.518495 2.568892 0.125000 1.855669 
162.312001 35.880087 152.469236 52.742217 3.057867 0.125000 13.650421 
148.937668 66.813695 151.931348 45.457674 3.690489 0.125000 17.533313 
138.094920 2.289545 149.376225 3.108123 1.970425 0.125000 3.776944 
121.121735 83.120384 120.401549 5.615461 7.720355 0.125000 156.603858 
164.374934 21.875978 131.853461 19.696376 3.748224 0.125000 16.741949 
136.801161 83.961385 148.136221 81.937853 1.430768 0.062500 0.465614 
128.716186 4.357131 126.951713 69.410985 5.506536 0.125000 95.116083 
152.982891 53.070993 152.301234 70.641536 2.595036 0.125000 11.184171 
149.389037 76.921161 136.903290 80.718031 3.587778 0.125000 6.126021 
125.627831 71.585457 148.125680 71.805404 3.749821 0.125000 29.176401 
151.874875 71.836547 168.124704 71.783764 1.899348 0.125000 1.067674 
168.131073 87.491302 143.108869 87.737851 5.147548 0.125000 29.481910 
174.489985 88.630668 169.229325 87.817996 3.043206 0.062500 1.669734 
29.365794 1.978547 71.863260 5.757045 1.909302 0.125000 15.910044 
0.624400 83.034164 119.377477 82.250219 1.976119 0.125000 117.867333 
144.628557 94.557004 124.010118 89.661903 6.597225 0.125000 23.273155 
80.628671 61.668216 116.889434 62.311904 1.360733 0.125000 14.614024 
78.132265 50.408176 115.632046 51.664705 1.793492 0.125000 27.257284 
169.297332 101.016375 146.933869 96.578353 1.956042 0.125000 5.172956 
162.307157 45.792344 165.321674 38.007543 3.759872 0.125000 1.720471 
131.539411 46.114705 147.325940 39.146627 10.899400 0.125000 37.308684 
