85.659923 62.479554 90.628149 53.126673 3.967034 0.125000 0.923527 
89.206559 55.644304 89.002223 40.630073 2.567810 0.125000 0.664633 
44.851752 45.637244 44.594499 29.391318 2.658016 0.125000 5.172956 
93.219103 48.112024 93.555678 18.129835 2.738376 0.125000 20.451231 
39.354177 16.944462 37.092968 56.957957 4.378764 0.125000 28.821864 
81.914644 20.799749 69.354805 21.149227 2.811944 0.125000 8.292394 
58.635366 24.361272 58.403008 36.880160 1.458555 0.015625 2.951974 
92.193872 55.624001 92.171063 76.875318 2.517440 0.125000 18.532534 
55.501089 39.439726 56.153827 28.083548 2.208961 0.125000 2.873854 
66.862644 23.482641 64.006762 53.328980 7.823091 0.125000 67.819036 
54.961510 61.742890 54.434296 69.379094 4.988126 0.125000 2.249350 
81.911975 29.168685 69.356595 28.849912 2.753006 0.125000 8.292394 
157.478291 61.875444 157.523363 0.622718 5.004598 0.125000 135.263016 
48.127612 78.154098 35.616204 79.276999 2.601730 0.125000 0.883796 
89.037047 118.089174 87.656628 82.946993 14.399680 0.125000 95.364650 
135.656065 78.394515 124.338622 78.236890 5.103962 0.125000 5.865812 
174.427620 72.515153 149.289225 74.581495 4.863828 0.125000 26.308242 
46.195077 46.675486 44.748989 60.663663 6.130346 0.125000 7.884217 
33.821790 68.118461 33.587205 43.120663 3.796754 0.125000 9.585713 
47.569264 13.110767 46.736617 45.621456 2.499180 0.125000 6.123218 
144.378135 81.894821 161.451025 79.194449 5.461489 0.125000 16.187706 
174.382791 62.271088 148.118366 62.787732 2.745355 0.125000 10.082962 
105.659434 23.125733 105.153578 46.891572 2.366433 0.125000 16.442587 
64.905802 89.256563 66.085881 119.454684 13.885944 0.125000 102.363453 
131.885461 60.095835 144.382829 59.914477 1.431245 0.125000 5.583124 
146.883106 68.733554 174.378715 69.081035 2.689351 0.125000 18.779381 
118.340516 80.675747 120.981718 69.458996 3.650172 0.125000 6.009503 
108.125000 55.625000 108.125000 21.875000 1.250000 0.125000 13.710934 
162.666903 89.989535 144.115399 85.431620 3.960869 0.125000 5.465453 
161.838075 78.455866 174.468342 77.948460 4.148392 0.125000 9.378608 
164.892501 25.623609 164.949632 46.873455 1.300405 0.125000 4.680034 
107.076322 0.631765 106.321090 23.106387 1.375238 0.125000 0.050694 
48.094751 0.545608 48.510387 6.931277 2.819478 0.125000 1.067674 
105.253198 54.384194 105.716590 73.122735 1.373227 0.125000 2.873854 
156.883127 64.203460 174.403023 65.033537 1.603545 0.125000 1.653093 
5.625000 0.625000 5.625000 76.875000 1.250000 0.125000 41.777504 
37.464466 85.485853 40.118328 120.568771 5.645767 0.125000 33.711967 
174.372789 84.481042 153.132025 84.038109 1.353970 0.125000 3.776944 
85.755517 129.405233 87.870101 120.276408 4.781586 0.125000 8.509122 
46.045113 118.174657 44.848215 98.171479 2.570197 0.125000 6.467797 
11.875000 81.875000 31.875000 81.875000 1.250000 0.125000 3.776944 
34.375000 0.625000 34.375000 45.625000 1.250000 0.125000 21.838744 
33.125000 29.375000 33.125000 0.625000 1.250000 0.125000 10.098574 
9.340789 0.625055 9.444923 65.626891 1.250000 0.125000 35.385094 
