0.183212 20.826850 9.402765 16.940873 3.455588 0.125000 5.096564 
0.622558 86.650680 46.880684 86.147117 3.913057 0.125000 40.351736 
140.670017 105.205585 174.433548 108.829519 2.394586 0.125000 23.879069 
124.287918 100.996022 140.523674 104.806707 2.148235 0.125000 5.096564 
7.323000 36.304743 30.510331 54.520962 5.897684 0.125000 46.452395 
46.922025 78.124765 46.784557 50.619205 1.250000 0.125000 6.985969 
39.280587 92.285651 29.266684 93.412056 7.452998 0.125000 8.712693 
66.874239 90.403462 174.377264 90.034219 1.610636 0.125000 95.669427 
125.613355 96.227092 174.370071 95.350765 1.407040 0.125000 22.991712 
174.358823 97.448380 125.606805 98.613941 2.379780 0.125000 21.844880 
30.195055 94.599846 6.742870 96.273356 9.706497 0.125000 37.996851 
150.648367 109.247471 129.202239 105.317851 2.787433 0.125000 19.081657 
174.430134 111.243878 151.775429 109.264803 2.321587 0.125000 17.641629 
5.758826 96.334152 0.475207 97.331242 3.916759 0.125000 1.970764 
50.618156 90.288482 63.138400 90.033833 1.478507 0.125000 1.970764 
28.642755 54.716793 37.510925 84.183616 8.029967 0.125000 46.300372 
158.124933 91.947176 128.124959 91.919381 1.262739 0.125000 10.098574 
61.875000 30.625000 61.875000 0.625000 1.250000 0.125000 10.098574 
46.875000 14.375000 46.875000 0.625000 1.250000 0.062500 2.873854 
64.375000 0.625000 64.375000 28.125000 1.250000 0.125000 9.195484 
174.403546 105.897380 160.628791 105.495163 1.250000 0.062500 1.669734 
49.375000 53.125000 49.375000 74.375000 1.250000 0.125000 4.680034 
66.878329 65.985554 123.123534 65.466186 1.319199 0.125000 29.966554 
31.875000 0.625000 31.875000 14.375000 1.250000 0.062500 2.873854 
123.124567 63.039133 70.619603 63.303629 1.256281 0.125000 26.354194 
