94.124428 64.363460 94.931331 46.843053 6.473414 0.125000 14.234787 
95.611036 45.315436 126.872704 45.779630 3.916616 0.125000 40.015888 
69.429769 40.606934 69.318745 55.633820 7.601382 0.125000 17.596955 
111.878023 21.801610 95.604145 21.131380 1.866184 0.125000 5.219043 
92.693765 70.508104 94.929898 62.258896 5.705263 0.125000 4.864122 
115.243565 43.199748 114.386294 24.489025 4.375395 0.125000 19.163995 
86.877927 17.521641 73.122187 17.454915 3.804526 0.125000 21.725979 
69.978042 18.173582 69.420443 39.441735 6.313374 0.125000 37.883883 
88.696692 40.518630 87.136163 50.469934 4.479341 0.125000 1.967896 
82.097446 50.680995 82.526451 39.399774 3.842293 0.125000 4.658263 
128.045363 28.125937 128.266221 46.888052 1.250000 0.062500 0.293299 
112.975751 16.113127 99.322247 15.431172 4.431250 0.125000 9.563678 
170.658862 81.655318 145.486247 77.775160 2.851676 0.125000 25.258669 
86.900900 26.187258 71.875136 25.621399 2.592310 0.125000 8.567595 
84.388629 72.581710 73.114367 72.298891 1.469035 0.125000 0.820776 
105.970509 29.113297 110.345786 34.889686 6.249930 0.125000 0.434640 
128.148561 53.113432 127.912665 78.122997 2.700315 0.125000 28.501701 
94.018962 94.442767 94.786971 84.311473 5.174667 0.125000 2.835356 
68.092075 86.809753 68.657178 108.177043 8.680847 0.125000 41.115891 
73.134786 22.635318 85.654767 22.885531 2.524477 0.125000 7.389304 
125.744899 77.517326 95.789008 75.583902 8.570811 0.125000 51.621788 
91.883840 85.015076 69.370452 84.688794 2.590308 0.125000 11.124244 
69.368723 82.379433 83.132147 82.550707 2.562023 0.125000 3.403198 
83.138022 78.880108 70.613802 78.550550 1.545493 0.125000 4.336995 
145.704427 82.109558 170.649580 84.060752 4.225963 0.125000 24.089710 
21.817831 79.094436 33.353008 76.743981 2.472714 0.125000 5.583124 
101.224873 43.134647 101.466360 28.118428 1.470934 0.125000 6.486214 
113.547773 123.166308 115.749024 100.637118 7.736095 0.125000 43.854848 
67.677716 108.054993 69.437104 128.228599 11.098856 0.125000 44.201697 
96.775389 82.255437 111.871777 83.177748 3.743021 0.125000 0.186775 
120.584991 49.634806 109.407565 47.913535 2.090371 0.062500 0.966439 
98.521972 28.074057 98.786824 43.135343 3.727443 0.125000 0.186775 
86.866200 109.606942 95.299009 95.431077 7.821732 0.125000 2.480703 
86.958824 131.882814 88.933414 110.700359 8.132130 0.125000 27.053860 
38.123147 79.358390 23.032042 81.041548 2.350755 0.125000 6.985969 
70.622062 67.038297 83.162977 67.263900 5.133887 0.125000 0.542782 
138.266316 50.643952 139.441144 41.883871 2.185120 0.125000 0.164584 
130.625000 50.625000 130.625000 19.375000 1.250000 0.125000 11.904754 
104.377267 112.077688 100.490532 118.772621 7.008643 0.125000 0.553250 
84.932981 101.628454 82.676217 96.520978 3.177320 0.125000 0.164584 
63.136083 84.581422 34.376052 84.275983 1.263204 0.125000 10.098574 
143.080482 74.969333 168.127215 76.845428 2.180190 0.125000 10.285789 
35.839465 0.627846 35.043154 60.633867 1.250000 0.125000 18.816157 
129.197752 11.864489 129.866945 0.580046 1.395803 0.062500 0.465614 
31.875000 84.375000 14.375000 84.375000 1.250000 0.125000 1.970764 
73.063865 119.102926 84.395997 118.647767 2.123817 0.125000 0.050694 
35.621538 82.126192 64.366076 82.522411 1.542766 0.125000 17.323294 
89.375000 6.875000 103.125000 6.875000 1.250000 0.062500 2.873854 
143.125000 16.875000 143.125000 6.875000 1.250000 0.015625 4.680034 
10.625000 59.375000 10.625000 41.875000 1.250000 0.125000 1.970764 
140.331353 69.346730 141.773661 54.365244 1.483821 0.125000 1.970764 
