174.830393 12.336502 130.556315 24.116861 4.266740 0.125000 40.892253 
28.063107 12.558620 5.521537 10.517770 4.984726 0.125000 17.033677 
174.381736 63.235278 133.125789 62.991450 2.721582 0.125000 72.293038 
104.390069 19.375525 105.044517 0.604761 4.226830 0.125000 28.501701 
55.795196 20.553540 54.801395 35.570495 5.071630 0.125000 7.776105 
55.097469 36.765740 53.543041 62.054365 6.468295 0.125000 37.265622 
26.007390 34.467378 25.129451 14.342088 5.648982 0.125000 39.150202 
140.355766 24.537195 168.309066 17.618694 4.289290 0.125000 22.871451 
47.666601 50.516109 44.053137 24.247328 4.658611 0.125000 26.308242 
6.754458 13.101324 6.386737 34.388159 2.845067 0.125000 19.081657 
46.888691 75.673626 47.852956 50.614532 4.516250 0.125000 32.010714 
90.610970 37.763892 103.092128 37.278955 2.643706 0.125000 1.653093 
11.617017 35.552909 22.204249 37.871705 5.837850 0.125000 9.284128 
91.927031 17.343385 78.154851 16.426583 3.907774 0.125000 7.917544 
104.097521 51.306280 99.547790 41.105453 4.180476 0.125000 4.067599 
145.601941 46.274604 159.379627 45.745465 4.035066 0.125000 14.541222 
103.653925 35.584703 104.280667 24.369728 4.162638 0.125000 5.468486 
123.090837 54.848176 109.322360 53.854088 3.920296 0.125000 8.614963 
101.908454 63.246627 103.115856 50.505677 3.969131 0.125000 14.686571 
6.822122 1.049548 30.669251 4.019717 2.639788 0.125000 19.962553 
130.288537 24.876919 126.781347 31.260324 2.901276 0.125000 1.970764 
77.361137 4.908006 81.957682 0.715653 3.694225 0.062500 0.293299 
132.952929 2.014906 174.647154 7.176679 6.651481 0.125000 121.982347 
125.665621 19.069175 106.863166 18.578261 3.683472 0.125000 1.921036 
52.935697 61.661890 51.935730 74.280758 4.885629 0.125000 12.995593 
46.990516 3.513633 43.512199 15.735199 5.835531 0.125000 3.307159 
95.657736 19.222421 108.120430 21.896299 4.013168 0.125000 0.614840 
93.355844 6.864454 93.871345 18.148010 3.917237 0.125000 6.953153 
37.641350 15.696231 36.660787 9.038352 5.675173 0.125000 4.339063 
76.541291 15.720127 77.595051 5.569982 3.859031 0.125000 10.529091 
158.286728 27.725240 144.328455 30.380302 2.863040 0.125000 8.567595 
34.361697 70.929367 44.342632 71.365590 2.497616 0.125000 1.697763 
88.147649 74.691752 70.627632 74.266553 1.370943 0.125000 1.970764 
21.927759 73.964458 2.938522 75.157907 6.551317 0.125000 14.038460 
166.208474 38.241173 169.511237 21.653243 4.404606 0.125000 7.479874 
131.302276 51.493771 138.819939 48.854320 6.374045 0.125000 1.349337 
106.873725 31.901882 123.205564 32.676579 3.805015 0.125000 10.695739 
126.039494 31.834186 127.282505 44.457957 6.464900 0.125000 11.554906 
127.601158 45.195812 128.319973 50.599062 6.195417 0.125000 3.403198 
2.061145 71.888961 2.632438 13.120212 3.956385 0.125000 66.552717 
88.135255 0.616080 93.302938 6.557457 5.536124 0.125000 2.847294 
126.709057 66.869626 126.303396 79.396968 2.741428 0.125000 3.370729 
140.866006 30.942049 130.914920 38.506397 4.020932 0.125000 11.086358 
66.873489 24.370600 80.709207 19.620260 3.988175 0.125000 5.595353 
92.415066 23.175676 91.230579 35.799113 5.328465 0.125000 17.891364 
69.618197 59.240718 66.567316 25.315435 12.212423 0.125000 75.432501 
108.086207 12.247459 126.892580 14.206216 3.859316 0.125000 12.105041 
123.100460 78.598480 105.453504 77.683843 8.155968 0.125000 31.096516 
109.677696 23.260793 109.026753 30.703864 5.089892 0.125000 2.036308 
130.513741 78.136750 130.655741 64.375317 2.628844 0.125000 8.533210 
31.950696 44.378909 30.527838 71.934528 5.895773 0.125000 19.498471 
134.598825 65.592022 134.823723 75.642929 2.583263 0.125000 2.576231 
31.728331 9.323691 32.838506 33.196453 5.575272 0.125000 17.205779 
81.877002 19.613131 95.636536 19.497479 2.583962 0.125000 2.560371 
44.378690 77.262827 29.368156 77.405637 1.392647 0.062500 2.873854 
174.581850 85.224251 164.295930 84.711660 8.925802 0.125000 1.104312 
31.866722 33.123920 30.562430 43.116833 3.244727 0.125000 2.560371 
90.636422 43.077108 90.034321 74.363633 4.590200 0.125000 49.322494 
11.636539 69.414745 12.866375 38.114838 2.645304 0.125000 23.862562 
45.948116 93.150988 47.162876 78.047617 3.437289 0.125000 7.274493 
106.195722 76.730127 92.009704 78.975895 7.407749 0.125000 0.747318 
95.145923 75.620814 95.429857 43.123295 2.751087 0.125000 22.997911 
15.815938 41.882417 14.747486 69.389468 2.934769 0.125000 30.257893 
163.262007 83.843732 135.541424 81.711599 4.505843 0.125000 42.544785 
75.167390 59.365539 74.934358 70.636565 1.456442 0.125000 3.776944 
174.375000 66.875000 155.625000 66.875000 1.250000 0.125000 2.873854 
69.889826 19.390309 70.052739 0.609193 3.890812 0.125000 27.249975 
66.864431 70.690203 67.395947 60.586647 3.021890 0.125000 6.985969 
91.877665 78.339559 71.874580 78.288084 1.285379 0.125000 3.776944 
22.922887 121.944933 23.878837 90.533816 8.180966 0.125000 68.988804 
121.434890 29.391380 121.154405 21.855296 2.544762 0.125000 1.067674 
19.881975 137.365832 24.402492 121.184274 10.835137 0.125000 41.636964 
83.140331 71.157745 77.157611 57.292417 5.581314 0.125000 8.695560 
3.218561 99.369294 4.974633 128.164662 3.971314 0.125000 21.327785 
108.022377 56.798859 107.172780 71.891762 3.814325 0.125000 3.885675 
136.932642 79.107826 165.730209 77.418865 4.402241 0.125000 21.486269 
71.307348 70.696478 72.500169 59.309547 1.835249 0.125000 1.970764 
98.542148 45.633521 98.159284 64.375700 1.428446 0.125000 2.873854 
119.165982 58.119958 118.833782 71.892097 1.551063 0.062500 0.293299 
56.071621 11.468667 48.885649 3.570208 2.099416 0.125000 1.697763 
74.356472 24.592369 83.149137 25.341819 1.776283 0.125000 0.164584 
53.385400 90.563819 53.791849 100.597988 3.746927 0.125000 2.036308 
5.710517 49.376092 5.455056 69.388787 1.250000 0.125000 3.776944 
88.121586 28.241490 75.595708 27.874339 1.250000 0.062500 0.465614 
88.245128 125.431847 60.567170 108.217985 1.605205 0.125000 11.074856 
85.401191 63.145627 85.728195 46.877074 1.250000 0.125000 1.067674 
174.513722 126.460655 160.644346 121.817217 1.582179 0.062500 2.108726 
