137.413325 0.622564 137.571699 35.627503 1.402683 0.125000 26.459591 
68.211982 48.533346 133.192487 34.691824 3.588184 0.125000 91.851788 
135.959807 37.240516 70.407571 50.825856 4.344297 0.125000 56.379528 
134.012768 28.131911 133.894839 0.621700 2.499977 0.125000 22.371880 
67.890853 50.631073 68.280492 65.653389 2.790857 0.125000 9.449320 
65.274854 19.415222 65.964889 46.866456 4.998421 0.125000 28.024159 
68.086203 64.965542 60.915518 69.805426 4.170091 0.125000 1.229414 
164.382194 79.042302 174.404537 79.259021 2.634531 0.125000 2.873854 
121.015151 -1.353757 94.090201 10.346204 6.530555 0.125000 37.798621 
174.440892 32.231337 164.324520 34.102012 2.231032 0.125000 1.970764 
65.655688 18.194272 106.619094 0.047339 4.586320 0.125000 40.133672 
52.787230 74.363649 52.445085 46.867906 2.764212 0.125000 25.670416 
63.154865 0.617495 63.105460 16.878738 3.776567 0.125000 16.190856 
162.796483 0.609963 163.341833 79.364843 3.810499 0.125000 137.537096 
101.969991 48.591848 91.634856 50.694778 4.671643 0.125000 6.953153 
160.696229 83.719155 174.554284 85.224222 3.728078 0.125000 9.449320 
174.805826 94.299916 163.048402 92.332832 5.550254 0.125000 10.695739 
53.100773 41.759411 63.432862 39.593807 3.670246 0.125000 3.508045 
165.479464 31.195407 174.613631 29.239311 3.229837 0.125000 4.336995 
85.045968 13.279457 67.439765 21.690680 4.950006 0.125000 27.273964 
61.533611 31.302696 53.557673 18.639808 7.286978 0.125000 11.670842 
58.936910 6.891284 58.701465 0.557109 2.498275 0.062500 0.616176 
157.484032 84.382747 157.140852 0.613669 7.822553 0.125000 196.120141 
31.818671 100.456089 46.943704 99.855646 5.442323 0.125000 15.291999 
50.920106 15.327475 61.104336 12.172089 6.709897 0.125000 2.267805 
53.126273 100.459901 65.625530 100.556274 3.788439 0.125000 1.486207 
115.623377 94.485782 138.136858 94.815601 3.896080 0.125000 19.163995 
129.385824 97.225862 115.610372 97.650838 1.673395 0.125000 2.510782 
0.618099 100.892125 31.847255 101.698931 2.886562 0.125000 20.493157 
51.846504 103.557217 25.628338 104.470800 1.641015 0.125000 8.509122 
51.884762 78.465217 11.881831 79.613077 6.068162 0.125000 43.067348 
124.465556 7.111759 95.630920 18.140478 2.335029 0.125000 29.063464 
10.668258 78.885295 0.526557 77.989429 2.930264 0.125000 6.102063 
71.827008 98.816852 89.411959 97.304834 3.347485 0.125000 8.896623 
136.907496 39.101460 135.183291 46.775760 3.110773 0.125000 1.697763 
141.873960 95.593223 160.603887 94.980068 1.781016 0.125000 9.195484 
98.068137 14.233306 123.488886 4.031749 2.327732 0.125000 19.754330 
100.581741 95.026466 111.953029 94.204604 3.385570 0.125000 0.923527 
84.518042 22.251962 71.932872 27.027513 1.773877 0.125000 2.873854 
129.480612 51.392801 103.043065 55.029335 2.693004 0.125000 27.457351 
70.716639 24.625554 85.559801 19.196736 1.603309 0.125000 2.873854 
91.960320 56.204912 76.918108 58.418005 1.927530 0.125000 5.583124 
