93.447685 69.386088 94.305744 44.415574 6.460955 0.125000 17.114299 
95.624719 47.270820 119.374707 47.287694 3.763321 0.125000 19.324164 
72.403510 33.103306 72.922029 75.612228 6.158058 0.125000 51.169359 
120.445256 49.369559 120.578771 75.631590 2.627065 0.125000 16.311590 
86.891475 21.729044 74.356960 21.916088 2.667579 0.125000 9.438675 
87.998472 41.880121 88.402556 51.863766 2.599059 0.125000 1.697763 
113.463950 44.467250 111.671884 26.768996 4.974563 0.125000 14.632986 
94.424585 105.660683 93.641664 79.322485 5.257777 0.125000 36.076834 
94.781136 44.424320 94.117358 33.067002 4.327065 0.125000 0.731012 
118.233243 75.458162 96.631837 73.807874 6.508978 0.125000 46.798721 
71.474257 81.857083 71.837157 124.375323 9.807602 0.125000 97.578891 
74.375000 78.125000 90.625000 78.125000 1.250000 0.125000 1.067674 
149.365087 76.986656 134.372288 75.655549 2.129455 0.125000 5.583124 
106.846164 52.061969 118.211399 53.814791 1.997517 0.062500 0.293299 
109.391941 20.084271 96.786828 19.689360 5.232404 0.125000 3.770729 
74.396222 26.446684 85.680454 27.005787 2.558795 0.125000 4.680034 
91.876625 80.544482 75.608021 80.216071 2.726546 0.125000 4.480242 
100.101965 44.385007 100.308636 29.370645 1.421927 0.125000 0.164584 
111.532645 118.232968 113.326942 103.149022 6.501548 0.125000 16.694391 
135.613133 78.313467 146.897103 79.023952 1.875926 0.125000 1.697763 
118.201572 51.379151 106.836534 49.624089 2.089170 0.125000 1.697763 
0.618576 74.834713 26.868206 74.933340 5.075110 0.125000 45.104796 
163.282470 79.418283 166.013672 69.481833 5.152487 0.125000 4.557628 
74.378534 67.572817 83.136175 67.628865 5.031896 0.125000 2.486513 
88.676510 125.670500 88.382054 113.060620 6.365021 0.125000 5.386417 
107.445364 96.813072 105.720070 115.747562 5.206230 0.125000 4.466106 
25.841332 83.717216 3.347084 81.166495 5.954044 0.125000 21.486269 
85.201333 94.810114 87.670030 83.029657 2.788897 0.125000 1.034919 
133.056353 72.946943 148.074810 73.908724 2.015572 0.125000 4.680034 
122.392401 46.863923 122.751429 23.119351 1.571129 0.125000 19.129474 
120.789038 24.378952 120.306772 44.397447 1.309847 0.125000 2.873854 
63.384743 119.340672 66.209297 140.712979 2.079921 0.125000 4.067599 
153.125000 0.625000 153.125000 24.375000 1.250000 0.125000 6.486214 
154.375000 53.125000 154.375000 24.375000 1.250000 0.125000 10.098574 
156.875000 0.625000 156.875000 30.625000 1.250000 0.125000 11.001664 
45.625000 23.125000 45.625000 0.625000 1.250000 0.125000 5.583124 
