125.598495 34.069181 174.371577 34.658351 5.992867 0.125000 54.525777 
123.400969 56.901446 124.848085 41.800548 5.625294 0.125000 14.928004 
111.880272 86.285507 153.126973 86.654415 2.578156 0.125000 30.652939 
124.801364 40.557795 123.809790 34.267060 5.328276 0.062500 1.005729 
117.201201 34.267319 115.730186 46.887261 3.351529 0.125000 7.689797 
117.562579 0.614157 116.935303 33.150262 3.966156 0.125000 33.481638 
139.511706 71.250991 116.858697 69.598489 7.752955 0.125000 29.241747 
151.857373 3.608385 121.897211 2.515888 3.610856 0.125000 23.499498 
150.628638 88.433869 118.118425 88.816778 2.529270 0.125000 29.379557 
119.293648 46.598473 116.349050 60.775388 5.705272 0.125000 4.000928 
116.131643 71.859539 115.923206 81.881202 2.707401 0.125000 2.576231 
140.709751 43.392646 132.037661 46.138690 3.197697 0.125000 2.576231 
131.944307 46.920379 126.434038 55.336283 3.174747 0.125000 3.370729 
148.123564 10.668768 128.104102 10.011987 2.785564 0.125000 19.423771 
126.901266 61.901626 134.460603 54.444624 7.070904 0.125000 10.248991 
148.607756 31.884202 148.989767 11.843829 3.439617 0.125000 16.275264 
0.223822 98.271883 32.239904 86.628373 3.524704 0.125000 47.311261 
129.352476 6.309334 146.915734 6.887400 2.950961 0.125000 12.811411 
148.018696 60.865875 147.070563 50.606926 3.734087 0.125000 1.454630 
174.377894 41.836815 159.369359 40.699435 3.078080 0.125000 6.848509 
142.569651 46.691138 151.441245 43.255083 3.422919 0.125000 1.720471 
115.833828 90.591581 116.121994 103.170885 5.256335 0.125000 25.670416 
154.412136 73.910577 139.209483 72.694942 9.868548 0.125000 13.414828 
126.074878 4.338451 124.873079 30.647752 2.953716 0.125000 18.906105 
124.033342 84.428748 123.607447 71.816498 6.372999 0.125000 5.037014 
43.671914 89.652318 -0.052456 103.483342 7.272411 0.125000 78.792269 
145.736295 54.516527 135.140714 62.848716 4.702997 0.125000 4.934975 
130.625000 0.625000 145.625000 0.625000 1.250000 0.125000 0.164584 
116.172298 104.102584 115.599609 110.835486 6.439394 0.125000 12.058439 
149.429562 143.161488 149.809056 90.592039 11.258730 0.125000 238.953214 
174.375181 72.446141 155.624391 72.452076 3.751583 0.125000 11.888850 
45.625414 88.068166 108.131200 88.523093 1.686645 0.125000 28.798057 
152.729434 31.893495 153.297945 5.628743 1.384959 0.125000 7.389304 
34.700133 0.612328 33.518155 86.880387 2.397016 0.125000 98.947600 
174.448607 88.766360 157.836881 86.757399 4.963832 0.125000 16.898940 
145.662453 81.562356 134.571617 80.233725 6.800355 0.125000 6.601199 
121.613655 104.304213 120.927721 143.174459 14.188960 0.125000 156.311810 
126.364452 90.567757 124.949296 103.189391 2.205874 0.125000 2.510782 
30.445753 14.366297 31.114755 0.588086 1.369774 0.062500 2.873854 
86.875000 0.625000 86.875000 30.625000 1.250000 0.125000 11.001664 
46.875000 64.375000 46.875000 85.625000 1.250000 0.125000 4.680034 
38.125000 36.875000 38.125000 16.875000 1.250000 0.125000 3.776944 
