85.900105 72.154738 82.300914 59.611465 3.437324 0.125000 0.731012 
84.192194 59.976931 87.477725 52.713002 2.463395 0.125000 1.067674 
38.363141 38.127866 38.573690 20.630399 1.460474 0.125000 1.970764 
33.940044 40.622716 34.025382 24.373164 1.328757 0.125000 1.067674 
31.938018 23.104074 23.085821 22.665142 2.744551 0.125000 0.797908 
80.630239 15.210704 65.627194 15.248388 3.762547 0.125000 16.442587 
51.882224 39.810366 40.622025 39.710514 1.349708 0.015625 3.686185 
54.333858 18.078143 53.605694 38.142445 3.042369 0.125000 19.962553 
90.651406 42.969397 92.548473 28.051684 5.748509 0.125000 7.167980 
81.872920 89.784752 39.374015 89.569063 1.440301 0.125000 19.129474 
155.431696 60.434951 166.981453 62.541284 3.580756 0.125000 3.048414 
50.660326 70.291807 36.932112 68.836317 3.465523 0.125000 2.742210 
90.690735 51.870113 90.582385 78.124824 2.567040 0.125000 23.074217 
37.655162 68.139146 38.086074 44.374294 2.816853 0.125000 15.479921 
50.619176 19.902669 40.620394 19.792313 1.360287 0.003906 3.728766 
64.396311 16.724418 60.210305 50.880565 8.204583 0.125000 73.810903 
80.623533 80.921907 64.373930 80.841638 1.317905 0.062500 0.616176 
40.534518 36.669783 49.434277 37.440535 2.490677 0.125000 2.873854 
40.572962 17.081219 53.101632 17.528927 2.855524 0.125000 6.486214 
64.377037 87.511625 83.126830 87.573883 1.308101 0.125000 5.583124 
66.871217 20.750377 80.646393 21.166050 2.838183 0.125000 8.756152 
21.950103 15.581650 22.807934 41.803587 5.528649 0.125000 24.487537 
51.314656 35.635461 51.523457 21.869668 1.458393 0.125000 1.970764 
49.491225 59.331158 49.105113 69.316228 5.092866 0.125000 3.782874 
170.425631 70.567511 165.383007 88.055221 3.279044 0.125000 6.905508 
142.897714 91.041397 153.230617 96.681506 3.190985 0.125000 5.962107 
171.746648 88.371150 174.536084 75.660351 3.513656 0.125000 1.967896 
46.887683 33.798368 40.613225 33.660359 1.387136 0.031250 0.983154 
154.591695 70.111557 148.623441 82.122672 2.808983 0.125000 6.829207 
81.879644 24.156126 65.610446 23.810944 2.791105 0.125000 9.438675 
39.368483 87.614150 64.380359 87.295085 1.552841 0.125000 16.442587 
84.159414 42.013309 83.200452 23.184821 4.114200 0.125000 2.318777 
146.114361 81.907027 146.776696 71.786758 2.739563 0.125000 3.456020 
74.406939 73.428278 54.387554 72.752889 2.835754 0.125000 4.634728 
19.340141 77.918004 35.756104 75.153513 2.672868 0.125000 9.366697 
152.938018 81.151733 158.645644 69.632983 3.350055 0.125000 12.807844 
111.310316 23.098088 110.475358 40.617868 2.497166 0.125000 14.614024 
20.012639 53.507012 21.589884 61.196290 4.021845 0.125000 0.883796 
35.701161 79.155119 14.382857 80.731265 4.016290 0.125000 11.832720 
164.496482 83.866249 158.018862 82.319491 2.609232 0.062500 1.669734 
113.492266 53.104065 114.500350 10.598327 3.092041 0.125000 42.535576 
42.505391 46.561473 40.941420 55.887683 3.705974 0.125000 5.962107 
154.372264 95.736910 174.390859 96.226406 3.901659 0.125000 9.277472 
113.862933 0.556296 110.995946 21.924769 2.553144 0.125000 11.124244 
111.480295 34.353894 109.677164 68.074316 2.896908 0.125000 20.307774 
166.863442 57.514204 150.618753 57.220478 1.520972 0.125000 0.883796 
36.779437 0.604380 36.166317 40.614140 2.614625 0.125000 31.505821 
61.461430 94.396658 62.643346 116.965685 11.234605 0.125000 76.077393 
35.598453 40.624696 35.383557 59.372232 2.471181 0.125000 1.486207 
40.519873 25.728863 47.058821 25.129090 4.305198 0.125000 4.680034 
39.374265 79.267661 75.631124 79.019431 1.472474 0.125000 7.689797 
86.460183 118.250098 85.314972 91.566420 17.162316 0.125000 84.296200 
14.709040 75.623196 14.499792 36.867577 3.857927 0.125000 30.324150 
148.036623 54.215248 174.418031 52.561407 3.433604 0.125000 16.733064 
164.459401 88.758569 150.794424 86.887586 2.255839 0.125000 6.486214 
153.182665 98.501271 145.480431 99.681665 2.646080 0.125000 1.067674 
21.869375 87.458752 38.129910 87.615424 1.394462 0.125000 9.195484 
100.943476 46.974999 101.509197 38.101678 2.574467 0.125000 0.820776 
131.370066 84.077445 136.650038 73.017603 4.075626 0.125000 3.521151 
115.620202 88.782600 130.629341 88.661040 1.361317 0.125000 6.486214 
16.325439 0.621389 16.046116 43.127767 1.529249 0.125000 43.512904 
33.135568 90.018232 16.868731 89.734923 2.630224 0.125000 2.249350 
34.182365 118.124844 34.196558 100.624855 2.508109 0.125000 6.848509 
0.608802 87.337167 16.882622 87.907542 1.643288 0.125000 9.195484 
18.125000 43.125000 18.125000 13.125000 1.250000 0.125000 8.756152 
13.127820 89.751846 0.619167 89.845447 1.334145 0.015625 3.686185 
19.369950 91.465419 23.864397 118.843208 7.363892 0.125000 43.444686 
38.963756 109.297885 37.357810 91.830610 2.375058 0.125000 13.710934 
131.748858 65.318165 145.708905 59.579095 2.517772 0.125000 1.229414 
110.117125 91.850629 109.336269 108.123141 2.616954 0.125000 3.851484 
71.875000 3.125000 89.375000 3.125000 1.250000 0.125000 1.970764 
13.125000 35.625000 13.125000 0.625000 1.250000 0.125000 14.614024 
104.375000 16.875000 104.375000 0.625000 1.250000 0.125000 0.164584 
