74.401672 108.123830 74.504507 0.623928 3.852834 0.125000 202.360968 
2.290508 0.621913 2.459616 91.873917 3.916781 0.125000 195.375271 
155.639439 104.958901 106.858168 103.901471 3.857479 0.125000 60.466875 
106.947130 103.753004 76.799233 102.591366 6.389751 0.125000 35.743992 
100.369140 94.148505 141.545773 104.441993 4.244587 0.125000 46.829887 
0.436591 115.178954 17.527260 107.959890 3.097037 0.125000 14.486264 
10.851584 0.622522 11.004708 91.876460 3.831797 0.125000 175.050594 
17.630043 108.124066 17.747975 45.624289 2.544810 0.125000 79.636503 
19.378652 105.314802 69.386437 105.903576 2.073062 0.125000 22.147897 
174.383524 105.025607 156.869290 104.776538 1.498715 0.125000 10.098574 
84.352928 83.065408 174.391504 84.734869 3.496011 0.125000 129.995841 
99.772188 89.484381 84.453339 84.150030 3.952495 0.125000 1.232649 
135.651249 90.889780 123.093556 90.555208 3.981711 0.125000 14.971112 
174.409620 89.603530 136.842410 90.483163 7.293121 0.125000 69.316341 
124.461187 92.368649 100.453172 89.632919 6.885686 0.125000 33.175774 
77.005737 82.834232 99.929643 93.141438 2.571516 0.125000 12.171350 
20.625000 109.375000 66.875000 109.375000 1.250000 0.125000 22.741834 
126.057086 23.200062 104.504113 15.273912 3.451524 0.125000 19.653970 
17.661739 43.126794 17.497093 0.622590 1.409776 0.125000 36.288184 
19.369244 44.843968 71.876676 45.488452 1.756176 0.125000 48.052778 
174.393466 26.502968 155.599198 26.898265 2.841155 0.125000 23.644924 
15.813298 111.043071 0.534702 117.924514 1.539998 0.125000 4.680034 
74.740012 121.863627 74.389816 110.624538 2.654505 0.125000 0.883796 
151.666611 11.060423 140.566192 5.747878 2.206766 0.015625 4.237417 
71.875000 48.125000 71.875000 73.125000 1.250000 0.125000 7.389304 
