114.837251 29.803882 128.484394 37.486592 4.905616 0.125000 31.033607 
88.079211 29.597813 114.443985 28.422548 7.436893 0.125000 41.382401 
79.002859 38.005143 91.037972 28.656654 5.482302 0.125000 28.306011 
131.858024 16.122558 164.397864 15.388422 4.914145 0.125000 59.612401 
68.296447 65.696058 79.672529 38.248315 5.211629 0.125000 28.352791 
163.348271 19.533224 171.998570 7.326739 6.841975 0.125000 16.193513 
95.859778 82.961783 87.964818 71.605355 3.792567 0.125000 11.925485 
171.966372 6.878712 171.983688 0.621841 3.763823 0.015625 0.343485 
111.064480 65.763368 97.904693 69.929024 5.461320 0.125000 14.115291 
83.467734 78.892141 78.285083 64.318073 4.632295 0.125000 14.115291 
80.263574 54.960321 70.150731 70.312589 4.175503 0.125000 15.101392 
79.322345 63.852184 82.261675 56.528508 3.480170 0.125000 0.050694 
94.315388 72.476441 97.799502 78.871304 3.989425 0.125000 1.653093 
131.773338 36.751207 129.613341 16.714553 10.880231 0.125000 22.789161 
54.501361 65.975827 65.779757 65.085566 3.836735 0.125000 11.416468 
56.809406 0.621075 56.779560 10.624715 2.529823 0.125000 3.776944 
121.219502 70.648505 111.279398 65.532140 3.906307 0.125000 5.301648 
83.930228 69.012690 88.724429 79.667723 3.191547 0.125000 2.036308 
65.722413 70.578521 55.685158 69.824356 4.207743 0.125000 3.851484 
129.086428 15.626311 129.103476 3.124630 1.267045 0.031250 3.475914 
20.642394 6.258733 51.902772 7.141031 3.713241 0.125000 47.567257 
53.337460 5.674280 53.094884 0.567060 2.675097 0.031250 0.255185 
55.682549 11.617163 18.094179 10.182539 4.605398 0.125000 60.372056 
0.376339 10.944536 14.324873 9.933460 5.167657 0.125000 4.032282 
121.416157 94.199451 125.809145 82.717215 4.842407 0.125000 5.595353 
160.317568 19.019252 144.212511 32.936974 2.451963 0.125000 11.074856 
15.784247 9.379871 16.052804 0.599851 2.728128 0.125000 0.820776 
30.575379 42.622587 40.696726 43.294396 2.742873 0.125000 3.370729 
123.296477 80.808790 109.150824 82.500563 6.354214 0.125000 11.657898 
164.526668 81.559465 133.087348 78.513650 3.370921 0.125000 21.698959 
132.921108 0.512207 131.934728 13.226608 4.415555 0.125000 19.962553 
159.338527 65.460396 174.428561 62.116720 3.252053 0.125000 12.058439 
78.211126 0.605699 77.692688 31.867831 2.789829 0.125000 44.415994 
40.626119 81.316288 25.624135 81.340568 3.756064 0.125000 11.964570 
43.160103 53.089429 43.507748 65.649005 5.136431 0.125000 8.181183 
112.529258 98.761062 118.871832 92.606465 7.096855 0.125000 10.695739 
145.836767 37.066584 155.934530 25.905029 3.354423 0.125000 7.098330 
99.662707 92.544318 108.677129 97.010630 7.265140 0.125000 14.776697 
43.243155 65.829150 42.460565 75.865596 5.082042 0.125000 0.614840 
13.170244 79.566846 0.604169 79.961158 2.851611 0.125000 6.102063 
80.675340 103.126912 81.242340 88.195912 4.079338 0.125000 13.650421 
159.443850 37.709337 163.771267 25.412538 4.716470 0.125000 3.885675 
166.931075 89.163123 153.153642 85.516780 2.345927 0.125000 8.292394 
174.386636 89.127592 168.091770 88.831525 3.804586 0.031250 1.403925 
11.787159 55.577625 12.300017 68.158630 2.905232 0.125000 7.653196 
72.765071 0.620172 72.311960 34.397630 2.516542 0.125000 36.403061 
76.575477 129.314498 76.958910 143.260167 11.314461 0.125000 34.946618 
81.871421 80.573991 70.589259 81.365638 3.915792 0.125000 8.509122 
158.925525 140.991996 151.026525 131.317780 6.244691 0.125000 10.516855 
10.966910 67.801002 19.475381 76.779878 1.909734 0.125000 1.067674 
149.487934 82.519438 174.323499 87.151154 2.082265 0.125000 1.783865 
169.612569 50.704690 159.515517 62.000603 7.455632 0.125000 27.300336 
172.686799 127.112180 169.220748 120.708490 3.388620 0.125000 1.697763 
116.908958 138.915544 113.782916 129.164090 6.714836 0.125000 4.092379 
21.875000 25.625000 3.125000 25.625000 1.250000 0.125000 2.873854 
66.722238 0.628000 67.385273 34.389527 1.446109 0.125000 12.807844 
167.016005 113.909397 155.336224 104.439470 4.251220 0.125000 7.405795 
43.056005 84.358453 43.196579 94.391511 2.622339 0.125000 5.096624 
174.548619 43.226796 168.906266 52.850173 4.499438 0.125000 7.782856 
70.822868 90.487606 75.963065 97.890257 2.766439 0.125000 1.697763 
61.922093 24.371460 62.583202 33.165730 1.621300 0.062500 1.669734 
