41.874565 91.461360 109.375805 91.390327 2.532884 0.125000 66.620089 
101.831353 23.344191 111.205298 25.210813 6.862008 0.125000 7.931512 
110.622316 91.203166 151.871657 91.038367 2.579883 0.125000 40.829675 
130.627242 95.523351 43.122695 95.694160 5.026830 0.125000 114.380966 
67.509575 0.560202 65.988676 44.344212 5.474324 0.125000 59.676294 
71.461898 16.884325 72.110535 45.619683 3.861880 0.125000 31.581213 
169.713087 24.377341 169.868880 1.878420 1.388456 0.125000 4.680034 
71.484261 13.076803 70.785323 0.616007 1.598057 0.125000 1.067674 
114.864006 21.916327 114.593744 0.590545 6.502938 0.125000 46.778845 
154.332043 68.891595 166.886288 68.580481 2.499233 0.125000 0.218275 
92.156816 0.602835 91.944000 21.900670 5.199588 0.125000 50.129656 
102.749199 0.611210 101.968789 21.878442 1.982574 0.125000 14.081748 
123.488816 0.602785 121.295188 88.110465 2.467890 0.125000 88.856920 
86.476541 49.399370 86.693049 41.834020 3.158712 0.062500 0.275019 
86.861305 40.632761 87.112511 0.618644 2.633354 0.125000 55.229950 
150.490784 89.374628 150.736832 0.625310 6.274234 0.125000 153.611575 
154.451838 25.761731 168.638729 17.789162 4.016591 0.125000 3.770729 
159.948731 9.383809 168.882888 4.515990 4.087935 0.125000 3.048414 
126.717181 70.831719 143.180220 72.615299 3.458914 0.125000 4.824161 
86.228975 71.877953 86.332916 50.622349 2.536645 0.125000 20.935654 
0.324839 38.965993 42.058376 53.861217 2.521080 0.125000 36.639556 
143.130999 74.758460 126.881777 74.645976 2.525899 0.125000 8.756152 
81.666370 45.629584 80.924652 11.868417 6.166126 0.125000 44.206430 
60.805762 60.629391 62.263971 0.604083 2.408190 0.125000 71.394489 
102.537557 25.610306 101.411116 70.644663 2.749269 0.125000 46.112033 
41.617214 51.324589 0.432056 36.148618 2.345812 0.125000 34.993339 
172.781017 3.175761 174.612960 15.589884 2.290730 0.125000 3.776944 
168.042490 20.623878 167.889298 31.888793 2.567642 0.031250 3.191520 
100.082782 20.633855 100.333163 0.621349 1.500107 0.125000 4.680034 
68.327902 97.958878 66.419917 124.342089 13.714185 0.125000 81.022820 
73.791484 81.099581 67.894486 89.381108 7.852692 0.125000 10.516855 
98.584661 69.347447 100.109543 25.607030 3.021096 0.125000 47.841344 
56.085971 29.368282 55.666786 0.606173 3.877112 0.125000 29.283090 
73.218873 46.836136 84.409509 47.651194 3.921697 0.125000 2.486513 
168.998764 48.123611 169.058760 31.873832 1.300757 0.125000 1.067674 
129.871796 26.811642 131.166729 36.965328 3.112457 0.125000 2.560371 
119.382099 74.001769 88.119633 73.407175 4.058332 0.125000 34.917623 
98.231357 87.256198 89.274927 87.840171 5.233393 0.125000 3.521151 
115.669150 86.221013 98.356741 87.503440 5.817412 0.125000 18.537196 
103.156931 70.063419 119.425410 70.988441 2.637889 0.125000 7.653196 
119.181877 69.369246 121.230482 0.605798 2.424444 0.125000 39.688293 
153.409913 54.354427 154.404084 68.122900 3.830286 0.125000 5.882676 
89.829536 40.606910 89.203181 68.149519 2.755127 0.125000 31.136691 
84.412545 73.567881 74.273475 74.427423 2.913426 0.125000 0.883796 
154.375000 29.375000 154.375000 44.375000 1.250000 0.125000 0.164584 
117.840817 136.955254 114.386849 124.724659 11.505997 0.125000 16.760379 
173.133499 75.042494 153.119522 74.750488 1.523402 0.125000 10.529091 
154.291977 47.133947 166.912837 46.076671 3.424960 0.125000 1.702576 
59.328891 0.623989 58.012875 60.622541 2.471988 0.125000 50.171630 
106.883842 107.733601 95.611356 107.478935 2.555827 0.125000 5.583124 
43.266346 58.828138 59.407299 63.000037 2.230613 0.125000 7.697740 
67.957618 123.151563 67.729734 143.163202 10.098987 0.125000 35.175009 
82.362601 133.143484 82.682255 103.093697 7.512872 0.125000 47.653272 
150.678554 95.558638 131.797536 96.412922 5.559883 0.125000 32.369314 
72.184700 50.619783 72.437643 65.636578 1.460343 0.125000 2.873854 
174.386998 94.674621 148.029100 95.730058 3.596958 0.125000 15.157967 
92.037944 122.976085 93.409551 135.990236 7.458690 0.125000 14.953352 
63.181004 60.623201 63.743986 78.145274 1.570489 0.125000 0.050694 
46.418264 0.611450 46.009612 14.386410 1.657182 0.125000 5.096564 
84.380699 50.005352 74.370050 49.913288 1.341909 0.125000 0.164584 
131.619648 66.865153 132.728565 38.109712 1.586254 0.125000 16.420204 
128.470325 43.101595 128.837558 68.132885 2.518068 0.125000 26.354194 
116.883110 81.545900 103.141455 81.207271 1.495971 0.125000 3.776944 
