76.736183 36.456873 99.235432 40.211377 3.288885 0.125000 15.743835 
41.688493 28.888590 53.457620 31.763200 3.642910 0.125000 4.480242 
120.369487 76.876722 120.158852 45.619718 5.084120 0.125000 64.353011 
121.767495 45.051833 133.127973 46.856285 3.057309 0.125000 1.034919 
133.111647 77.642942 120.586633 77.989876 3.990838 0.125000 6.953153 
75.965538 75.620479 75.467584 38.110496 2.466595 0.125000 29.911371 
41.431880 78.129606 40.924886 29.358888 4.152600 0.125000 105.618356 
41.510076 25.600728 40.824052 0.585261 4.433932 0.125000 39.150202 
120.097659 43.125130 120.099903 30.624906 2.501795 0.125000 1.034919 
96.856890 78.751347 74.339579 79.405227 3.006914 0.125000 21.498652 
118.292996 45.939372 100.687270 42.778196 2.460649 0.125000 5.172956 
134.127750 48.123066 134.092219 75.626250 3.782294 0.125000 48.052778 
77.697914 31.934181 75.611426 16.876881 3.505776 0.125000 16.751076 
148.615320 81.878774 148.530799 36.876586 6.318071 0.125000 61.478964 
54.384698 79.631173 43.056290 80.060038 4.031043 0.125000 11.086358 
72.824679 36.874787 72.796356 76.875652 3.756195 0.125000 32.645908 
101.857233 40.731561 118.073257 43.435329 2.055799 0.125000 4.232717 
122.727031 35.968170 128.483439 42.643795 3.786612 0.125000 1.034919 
72.146117 15.637979 71.996808 33.136705 2.649224 0.125000 11.416468 
142.283642 34.367913 129.508273 30.215017 8.262440 0.125000 12.386097 
71.320841 80.560112 73.538027 104.336485 3.501679 0.125000 21.500653 
98.990815 41.873534 98.857261 76.882562 6.383473 0.125000 50.597419 
93.107515 42.068013 76.877468 40.597761 4.185802 0.125000 10.884515 
53.522724 28.262711 42.674880 24.383821 6.141855 0.125000 7.479874 
116.441466 27.159130 78.267316 16.371393 4.471639 0.125000 21.913741 
55.190626 91.896107 55.483241 80.588983 3.188420 0.125000 0.923527 
21.878253 82.156591 0.616650 82.402207 2.716420 0.125000 7.917544 
43.096365 7.012213 51.981142 8.866396 3.213366 0.062500 0.275019 
148.940703 101.917787 148.648070 81.849146 4.963018 0.125000 23.896917 
6.848927 76.395230 20.626169 75.646503 1.722978 0.125000 2.873854 
76.872148 76.741524 95.640289 76.340434 1.596910 0.125000 3.456020 
36.372165 0.617956 37.161727 84.372297 3.183325 0.125000 155.085746 
120.755798 110.622304 120.240147 85.607166 4.998938 0.125000 37.573451 
174.375000 55.625000 174.375000 38.125000 1.250000 0.125000 1.970764 
81.699664 24.366844 81.406864 30.661370 6.417497 0.062500 0.865101 
74.175372 85.493196 135.712608 82.328545 7.133492 0.125000 96.194846 
164.913210 36.848234 165.725527 53.182165 3.179884 0.125000 11.124244 
50.704189 5.323005 43.073330 3.322048 2.735299 0.125000 1.970764 
0.572962 71.525324 21.881739 70.832147 2.579961 0.125000 2.835356 
134.141565 85.617123 134.277239 103.125758 3.856432 0.125000 17.891364 
174.416907 80.353226 159.337482 80.999223 3.086214 0.125000 18.532534 
155.494763 39.375821 155.762819 81.882014 2.744313 0.125000 55.278663 
158.645981 80.623816 158.552243 39.374029 1.343734 0.125000 19.129474 
39.282132 86.269113 53.634893 88.338492 8.493522 0.125000 18.956911 
159.345431 83.952064 174.415548 84.490843 2.811029 0.125000 17.323294 
54.576150 34.373797 54.830403 76.879753 2.671922 0.125000 51.640714 
23.343524 73.118883 23.659188 84.395038 3.888446 0.125000 3.851484 
170.849533 51.875682 170.845039 36.875309 3.749251 0.125000 8.084162 
69.374701 94.684297 56.874713 94.672227 2.510861 0.125000 6.486214 
41.726774 101.880484 41.309393 90.599678 2.775595 0.125000 4.336995 
98.231445 3.685687 115.580756 0.391953 3.388713 0.125000 11.925485 
146.602752 -0.659704 104.154752 8.335679 3.895397 0.125000 46.243816 
136.929717 65.624888 136.868243 35.625014 1.267927 0.125000 11.001664 
52.954866 7.847337 50.181367 22.032660 5.386801 0.125000 11.797682 
156.916881 14.781108 174.487828 12.969072 3.127953 0.125000 12.806661 
98.866871 88.097086 99.621875 108.162744 3.982349 0.125000 31.928121 
120.444411 17.372607 137.208340 23.456493 2.776458 0.125000 4.304398 
131.940221 26.522135 120.615045 24.428858 2.137956 0.125000 0.797908 
129.745100 17.244720 109.176558 8.596992 2.356700 0.125000 10.225862 
138.113818 18.033650 156.888533 15.735560 3.266607 0.125000 13.650421 
70.952580 107.590313 44.071285 104.688603 8.092035 0.125000 33.710905 
174.427182 104.360810 156.853931 103.635444 2.652529 0.125000 9.366697 
5.112289 0.621167 5.437226 63.125976 2.720904 0.125000 47.899640 
150.677494 24.741642 174.476540 21.334196 3.183415 0.125000 16.561053 
137.511064 78.221533 138.708116 70.334081 3.707545 0.125000 1.720471 
174.361816 18.037784 150.588203 21.631583 1.681531 0.125000 7.697740 
42.201780 121.936908 41.272695 108.081568 2.996192 0.062500 1.160094 
35.777699 103.265383 0.520889 100.983800 5.268281 0.125000 37.866198 
62.984893 68.124845 62.961395 89.374819 1.263821 0.125000 3.776944 
148.544808 113.183309 149.443780 106.710936 3.714344 0.125000 1.697763 
62.433322 44.382357 62.579564 58.130802 2.566336 0.125000 1.855669 
133.125945 114.415583 124.322493 114.620628 3.748983 0.125000 9.195484 
96.894234 111.344510 81.913925 110.801380 3.656957 0.125000 6.281913 
3.125000 63.125000 3.125000 48.125000 1.250000 0.125000 0.164584 
