92.618108 46.874152 92.658036 81.876959 3.779941 0.125000 45.932239 
104.400165 45.701049 91.879123 45.432650 3.856293 0.125000 2.742210 
2.907344 85.624376 3.064979 30.621246 3.864621 0.125000 98.057657 
120.596842 73.125531 120.125534 48.110859 1.555894 0.125000 9.195484 
105.113443 80.633579 105.491131 48.123445 1.554856 0.125000 13.192832 
157.062230 5.404754 154.775333 16.439869 6.164260 0.125000 6.729638 
122.270538 44.308971 123.778873 81.898920 3.450216 0.125000 49.728693 
119.384943 46.296689 108.116783 46.102962 4.999261 0.125000 4.341659 
121.109291 11.858922 120.426070 44.397070 6.852170 0.125000 86.983274 
160.147133 76.872892 160.384214 23.129452 5.038550 0.125000 77.547018 
4.812263 29.559933 3.196751 0.620995 8.603102 0.125000 50.475069 
133.556912 10.386474 123.188676 11.326974 7.582257 0.125000 4.705434 
135.204159 94.377105 134.797670 13.122886 4.000084 0.125000 154.075945 
134.844232 121.848002 135.242777 91.869919 6.498699 0.125000 43.716494 
90.632425 81.376165 28.122938 81.110780 6.462218 0.125000 98.265673 
149.043571 18.126793 148.938638 71.876588 3.850046 0.125000 97.735775 
148.620398 75.621330 148.720298 123.126377 5.060448 0.125000 74.695739 
39.704201 48.131315 39.839194 14.371858 3.819946 0.125000 22.413021 
100.519764 12.956952 113.135812 12.020694 3.924736 0.125000 3.012505 
120.623057 83.178387 109.342505 82.767825 2.771132 0.125000 0.426994 
108.023271 49.372386 107.412689 73.138814 1.731134 0.125000 16.420204 
92.893045 84.365486 92.174364 101.887279 7.596154 0.125000 16.493461 
84.364813 12.311933 95.666957 12.575442 2.499321 0.125000 6.486214 
106.922953 28.576897 97.876883 29.536825 3.729063 0.125000 0.426994 
11.414889 10.608501 10.741796 29.379188 1.831527 0.125000 10.529091 
84.463079 33.113171 84.595867 48.134098 2.599351 0.125000 0.149785 
170.046586 74.347783 170.988375 54.333280 3.922118 0.125000 17.249225 
3.183420 130.625041 3.181915 86.874955 5.001032 0.125000 62.809097 
65.628620 52.271817 58.106438 52.340443 3.806861 0.125000 2.510782 
123.595865 91.855521 122.875971 120.650025 3.905037 0.125000 38.356441 
29.369734 77.842153 89.381567 78.168891 2.479546 0.125000 27.035821 
26.955864 78.130751 27.090906 46.881335 2.624217 0.125000 28.798057 
40.621418 12.468954 60.620690 12.589578 2.522572 0.125000 12.058439 
22.792670 10.617735 23.257890 69.383844 2.945209 0.125000 97.167814 
145.721928 92.759329 138.099381 92.302035 2.570369 0.125000 1.067674 
19.084997 2.985627 32.009373 6.360390 3.682124 0.125000 10.225862 
56.093272 46.330639 48.117941 43.142658 6.034720 0.125000 1.349337 
67.069369 38.118863 67.464889 50.645842 3.945368 0.125000 7.098330 
36.900498 10.245628 23.162282 10.647978 3.894765 0.125000 5.091660 
53.888314 27.336129 52.091122 20.567615 3.624411 0.062500 0.805318 
79.387055 10.272441 48.125905 10.692367 2.718038 0.125000 7.110377 
14.362235 89.615895 90.631655 88.651098 4.271465 0.125000 109.974825 
34.711124 44.361258 33.792792 21.898802 3.161707 0.125000 11.550453 
160.406480 90.639932 159.714696 80.516370 4.988367 0.125000 10.285789 
93.164263 100.577937 92.804415 119.392776 6.440080 0.125000 10.567079 
22.787754 70.552827 24.170680 88.042316 6.329085 0.125000 16.575611 
27.832376 25.594031 28.198521 36.913056 2.822002 0.125000 2.847294 
140.466163 26.867592 137.610266 88.100993 2.238656 0.125000 41.903902 
105.678934 109.372186 104.895040 94.347867 1.639083 0.125000 0.797908 
88.371064 31.829291 85.103578 14.239658 2.598757 0.125000 3.274964 
114.722179 43.128623 114.904782 25.630529 2.512908 0.125000 2.486513 
113.139945 9.803792 86.878280 10.719111 1.771731 0.125000 14.971112 
159.468780 118.137800 159.730812 90.628389 5.071209 0.125000 27.755130 
91.739037 44.405255 91.978336 35.593859 3.850422 0.125000 2.680153 
121.432784 120.723052 120.953706 136.884744 6.728741 0.125000 4.165614 
138.125000 11.875000 138.125000 30.625000 1.250000 0.125000 0.820776 
173.952402 13.672236 162.672269 4.961257 2.429340 0.125000 1.034919 
114.832122 23.142273 115.164057 14.357583 1.532299 0.125000 1.067674 
