90.404617 85.082466 78.300419 81.311877 2.314147 0.125000 1.653093 
160.367809 40.717027 170.367795 68.664302 5.809281 0.125000 36.232969 
169.482446 71.630916 171.341692 81.970895 4.133242 0.125000 5.301648 
83.259413 80.577677 80.104954 71.618003 3.952291 0.125000 5.096624 
84.291398 60.463510 27.033150 56.065862 7.190808 0.125000 76.941767 
51.134989 90.700433 54.110147 70.585825 3.753380 0.125000 12.334838 
149.365452 11.647735 174.426250 10.594833 4.218935 0.125000 43.480279 
139.346342 9.371352 136.781364 29.522192 3.269178 0.125000 14.649975 
174.408130 15.478175 149.393151 16.229406 3.935921 0.125000 35.284902 
130.041939 3.364885 126.172674 14.122387 3.326754 0.125000 0.426994 
140.839313 50.626135 141.071103 6.870741 2.645642 0.125000 46.133411 
69.461642 67.647852 85.632409 70.584199 3.689664 0.125000 0.891631 
23.642030 56.879744 24.158296 0.611543 4.208578 0.125000 80.003640 
136.574993 30.555716 136.174685 39.511318 7.715791 0.125000 6.289854 
137.952906 40.600229 135.585219 57.049201 3.721135 0.125000 4.191864 
174.409941 83.772800 156.759026 84.724854 10.120134 0.125000 18.545953 
150.653253 81.874480 149.962956 44.341197 3.933251 0.125000 66.986455 
5.711846 91.811846 4.766340 71.797461 5.289359 0.125000 6.501495 
11.899815 88.734170 49.392000 90.185968 3.175267 0.125000 38.306788 
125.612473 12.974875 88.164604 16.099620 3.114994 0.125000 19.581622 
130.612906 64.650183 89.387599 62.838338 3.471962 0.125000 25.352377 
90.581258 30.236248 130.604988 32.269022 3.130830 0.125000 43.383728 
142.857133 43.114339 141.762403 70.620519 3.094542 0.125000 19.847676 
138.642862 80.609631 137.863414 54.345666 3.129268 0.125000 34.656173 
129.359436 19.803284 99.353636 18.712886 2.679929 0.125000 29.379557 
149.915654 18.123247 149.988613 40.623010 3.798620 0.125000 32.895604 
124.304170 38.302138 122.581451 61.926515 5.804951 0.125000 22.526659 
149.839464 0.611059 149.661265 10.652264 2.654867 0.031250 6.702577 
90.535764 67.359969 130.622594 69.421777 5.029191 0.125000 43.939680 
74.163435 86.512707 85.936370 89.318519 3.591059 0.125000 6.126021 
26.875000 24.375000 26.875000 53.125000 1.250000 0.125000 10.098574 
73.843598 76.161765 61.274853 63.718589 2.709303 0.125000 2.246834 
20.636077 67.912471 50.684751 69.478566 2.769018 0.125000 24.707834 
46.877394 91.975489 9.309378 92.870485 3.719166 0.125000 30.364301 
63.125000 63.125000 83.125000 63.125000 1.250000 0.125000 3.776944 
141.700968 70.505339 143.257265 84.499306 4.417839 0.125000 12.171350 
10.696816 68.979277 19.385412 68.248855 2.805355 0.062500 0.966439 
77.663962 46.765519 75.001626 57.976970 5.731124 0.125000 1.228753 
121.831241 84.231462 90.585188 84.582632 8.777543 0.125000 85.862455 
39.366595 43.290172 56.884840 44.181639 2.623825 0.125000 6.126021 
128.660967 53.166950 129.250759 63.205738 2.569009 0.125000 1.697763 
171.125263 85.790670 166.527597 99.673910 4.754206 0.125000 4.820313 
99.395327 21.538423 130.682197 23.427906 2.872218 0.125000 20.307774 
6.198410 67.994949 9.078214 80.692312 1.885115 0.125000 2.576231 
129.533193 70.612689 130.314287 80.649181 2.686440 0.125000 2.576231 
36.527451 53.125139 36.506444 0.624647 3.762504 0.125000 35.303004 
134.786808 69.422064 135.486468 81.882778 1.808644 0.125000 2.576231 
130.622240 26.175790 110.616479 26.075543 2.493705 0.125000 14.971112 
126.807401 79.381261 126.108064 71.830261 2.489347 0.125000 1.067674 
28.407163 0.542907 26.494466 23.092723 2.279761 0.125000 1.036501 
132.344882 63.165607 131.173486 40.661516 2.301687 0.125000 7.917544 
101.162732 60.702050 101.651334 49.365360 2.497681 0.125000 2.510782 
29.784679 54.361767 28.573319 16.860518 2.619766 0.125000 28.166460 
60.744643 35.622550 60.411483 19.353774 1.275331 0.125000 1.067674 
90.029047 60.610419 89.332092 29.348089 4.027671 0.125000 16.954991 
90.926872 80.641700 90.728001 69.351168 2.675724 0.125000 4.336995 
142.886734 0.616588 143.229775 41.874129 1.260350 0.125000 19.129474 
41.131743 28.204071 37.454514 51.770379 2.277395 0.125000 0.940023 
101.899348 24.261634 85.595986 20.760092 1.853802 0.125000 2.560371 
56.074798 17.828989 44.260912 -0.122542 4.810187 0.125000 22.292077 
24.363411 63.035189 43.123633 60.614407 2.519491 0.125000 10.225809 
54.254583 110.640743 52.102768 94.181799 2.908137 0.125000 10.225809 
93.151747 37.456570 119.359783 38.505279 2.547979 0.125000 13.717433 
45.604167 67.149215 25.624523 65.631276 1.719883 0.125000 8.292394 
38.058643 82.972192 29.326789 86.763978 1.935469 0.125000 0.164584 
32.010214 77.203013 41.879068 73.134869 1.959825 0.125000 0.164584 
55.397670 41.879704 55.444254 19.374626 3.793978 0.125000 24.707834 
25.622162 127.112710 91.877641 127.903839 1.831973 0.125000 48.473974 
81.966064 20.810139 76.790123 20.367505 2.810433 0.125000 0.164584 
18.410760 82.013765 24.276585 69.934209 3.340923 0.125000 0.731012 
124.378654 93.510495 90.619839 93.830458 1.510574 0.125000 29.966554 
115.625000 98.125000 89.375000 98.125000 1.250000 0.125000 8.292394 
0.622994 127.555535 24.377102 127.471877 1.329233 0.125000 12.777654 
78.110630 118.461916 95.632070 119.209240 1.728263 0.125000 6.102063 
109.348859 127.313525 128.106717 128.431702 1.396549 0.125000 3.776944 
