108.712296 56.677695 112.334415 44.511780 5.505490 0.125000 6.729638 
87.947979 24.378811 88.647907 56.890653 5.052650 0.125000 35.718213 
81.368544 49.376721 81.283595 24.372762 5.042439 0.125000 16.954991 
114.323546 36.618674 123.458225 34.785029 3.652210 0.125000 0.426994 
51.210219 62.843401 50.051186 70.724444 3.710093 0.125000 7.389304 
129.234928 54.356548 129.077492 76.881657 4.921250 0.125000 21.327785 
148.166791 87.184042 165.518521 84.837597 4.954901 0.125000 7.167980 
88.682663 58.112667 88.081246 91.874221 2.900347 0.125000 39.946743 
164.003530 59.974421 149.853620 21.698065 5.101298 0.125000 81.707771 
166.909834 95.501114 154.348531 91.969134 3.948361 0.125000 14.686571 
49.988504 70.276202 47.316008 83.216082 7.132135 0.125000 8.929101 
162.198883 83.132605 162.728993 60.556997 6.600404 0.125000 34.176471 
50.795422 25.222674 54.248755 48.144020 6.180252 0.125000 21.533911 
53.169358 49.186750 51.145046 62.151377 5.325822 0.125000 7.479874 
127.478344 39.118474 129.486721 53.628582 6.058122 0.125000 8.604442 
60.178722 89.166086 12.896943 103.629464 4.190995 0.125000 43.444686 
103.527741 30.748914 109.920690 25.938907 3.748084 0.125000 0.883796 
150.971686 20.625423 150.976985 0.624762 3.754636 0.125000 33.578914 
80.164233 67.068518 81.608459 51.849706 5.867773 0.125000 16.733064 
46.520812 89.123317 59.479236 86.066938 3.936805 0.125000 10.285789 
93.572913 42.168461 91.570834 28.168498 5.834430 0.125000 10.320792 
101.986552 64.450205 100.994543 49.433162 4.318602 0.125000 13.137834 
12.686021 104.479310 0.115679 109.295725 3.054514 0.125000 12.807844 
135.838065 0.640073 134.059643 25.779547 4.546499 0.125000 13.104592 
104.358466 77.061503 103.423482 64.445518 6.602448 0.125000 7.167980 
80.106151 94.386377 80.515127 68.103839 4.060724 0.125000 22.494128 
135.364213 33.127248 135.762880 79.373811 2.877039 0.125000 32.143234 
138.839754 78.125085 138.848918 0.624790 5.005469 0.125000 93.910220 
115.723551 0.253449 113.340121 15.658284 3.985581 0.125000 4.191864 
79.485736 16.891390 81.376608 4.116218 6.182644 0.125000 2.636187 
95.926896 79.360529 95.792795 88.146640 2.633243 0.125000 0.820776 
134.603660 87.818907 124.264876 86.976431 6.838486 0.125000 1.294393 
102.464724 89.829036 100.228862 80.422053 4.575435 0.125000 2.486513 
175.106423 102.535356 169.501477 100.306889 5.569883 0.125000 6.102063 
45.465320 87.066978 14.542370 91.733975 5.247304 0.125000 48.829377 
149.448874 76.008566 140.547563 77.722934 5.664406 0.062500 1.480884 
0.563995 6.564626 14.512207 3.823065 2.673003 0.125000 3.508045 
92.291699 76.865894 91.882138 58.124844 2.745199 0.125000 8.739380 
109.496065 112.743323 102.730744 88.440829 11.706875 0.125000 65.535177 
95.447474 88.342088 97.561864 114.420658 5.286694 0.125000 18.638451 
158.165899 76.573961 149.240985 75.361415 2.645522 0.125000 1.970764 
6.810728 17.090745 21.891355 17.752018 2.442841 0.125000 5.096624 
24.318199 7.073280 0.569959 8.355869 2.226716 0.125000 0.218016 
40.631743 29.339331 25.693040 26.515102 2.688691 0.125000 2.249350 
45.510596 43.107170 44.369410 50.429311 2.647762 0.062500 0.616176 
16.905263 20.197729 0.648282 19.046285 1.250000 0.125000 0.164584 
17.244853 98.152758 40.828051 91.326496 4.455295 0.125000 18.265719 
18.017593 92.812284 1.562159 98.464165 3.618507 0.125000 16.190856 
88.449811 92.442493 84.829420 102.489198 7.055855 0.125000 10.248991 
109.253853 135.538013 108.435539 113.159353 9.292290 0.125000 55.794239 
50.639755 80.292850 75.645937 81.403667 1.887340 0.125000 3.851484 
34.350356 39.489927 44.167005 41.594966 2.270561 0.062500 2.108726 
138.988086 101.895186 138.464381 91.857294 1.639066 0.125000 1.970764 
45.738011 51.877854 45.327127 68.149043 1.281157 0.125000 1.067674 
112.541809 143.142504 112.315775 135.611770 2.611380 0.125000 1.067674 
140.504780 91.331613 150.636836 93.055433 2.464585 0.125000 1.697763 
151.736135 126.979779 135.623870 105.625853 2.276774 0.125000 9.886491 
21.886497 64.180946 36.907828 65.070925 1.543532 0.125000 1.067674 
8.127767 28.118146 34.170248 38.632156 1.250000 0.125000 8.292394 
89.006424 103.170323 87.980728 123.117581 3.359908 0.125000 8.717065 
11.864496 115.596208 0.728591 119.658942 1.285256 0.062500 0.465614 
