60.621534 102.332449 116.881391 102.086433 3.782760 0.125000 63.792794 
64.348217 0.586321 63.907350 29.386976 7.652179 0.125000 55.301078 
153.939307 99.376771 154.154013 0.627237 6.277163 0.125000 164.116040 
69.814098 20.660301 70.633532 39.483462 4.832174 0.125000 17.521146 
169.393633 108.105587 20.633248 109.223027 7.047916 0.125000 268.454334 
92.339342 0.594305 92.017857 21.914851 5.300970 0.125000 44.050593 
115.960592 21.883641 115.906772 0.617960 7.544266 0.125000 66.776173 
104.208627 22.624157 112.414326 24.446475 6.236068 0.125000 7.917544 
103.194297 0.618908 103.091078 20.624825 1.256433 0.125000 2.873854 
86.230460 73.133926 87.299606 0.612832 3.473200 0.125000 86.227111 
129.233621 72.254180 146.818146 73.780151 3.303688 0.125000 12.777654 
161.902913 7.988391 174.111243 1.387204 5.082289 0.125000 5.983381 
124.873943 0.610011 123.028118 93.098120 3.000999 0.125000 102.735097 
162.662423 22.402053 173.729970 15.320488 3.368523 0.125000 3.048414 
81.389255 45.658850 80.705997 10.623420 5.072168 0.125000 54.826240 
54.913180 61.891491 56.790549 0.622412 2.575395 0.125000 77.685287 
146.870086 76.059820 129.363188 76.165348 3.780070 0.125000 6.145961 
134.871322 29.357976 135.520397 0.622637 1.560187 0.125000 7.917544 
103.186076 24.376428 102.075702 71.879691 2.995894 0.125000 45.932239 
100.795774 20.626953 101.024670 0.615274 1.450072 0.125000 3.776944 
99.247549 71.871250 100.608297 25.624509 2.682737 0.125000 38.407971 
0.483840 42.277664 20.636409 49.342454 2.420211 0.125000 14.686571 
174.375000 45.625000 174.375000 30.625000 1.250000 0.125000 0.164584 
71.939845 47.065064 84.393235 47.826937 2.876983 0.125000 3.370729 
173.013327 31.620020 161.736560 36.558905 1.522949 0.125000 0.164584 
72.161752 83.215658 66.941659 99.726849 9.280861 0.125000 31.875048 
21.757349 47.209022 0.502576 39.722573 2.358006 0.125000 14.686571 
132.384897 25.427931 133.675481 36.953330 1.642094 0.125000 0.164584 
115.709716 93.762721 91.951468 94.828932 9.413688 0.125000 37.043646 
23.046467 55.947052 53.376618 63.343160 2.695109 0.125000 19.847676 
20.624588 102.549782 54.375466 102.525601 1.273285 0.125000 12.807844 
120.629617 75.267979 88.118889 74.847508 3.911339 0.125000 44.273365 
103.152445 71.347719 120.670049 72.259509 2.496620 0.125000 7.653196 
48.396900 28.127098 48.609118 0.619091 2.663860 0.125000 25.258669 
120.575484 70.623221 123.090922 0.623775 2.677947 0.125000 39.588911 
120.624820 101.850589 159.372703 101.564208 3.879235 0.125000 54.637341 
89.784611 38.128248 89.536774 69.386194 2.569296 0.125000 31.928121 
157.964844 28.120224 157.442280 45.641918 1.622077 0.125000 5.219043 
115.023566 138.177047 116.235595 123.073688 10.714001 0.125000 35.467522 
157.174625 53.105119 158.248117 69.283891 4.321077 0.125000 4.417799 
84.438108 75.119048 73.057934 76.084288 4.053512 0.125000 1.198571 
49.472104 60.246607 24.211013 53.764017 1.832191 0.125000 10.225809 
174.376701 76.350790 156.872829 76.293987 2.544608 0.125000 15.517114 
71.158309 51.869930 71.052137 66.878022 1.356081 0.125000 0.164584 
159.265943 47.397125 173.263573 45.299875 3.398496 0.125000 3.012505 
53.031867 0.597032 51.782503 60.597046 3.332823 0.125000 90.483608 
91.864036 123.098714 91.446220 143.142119 6.587310 0.125000 9.300248 
81.005474 143.247790 83.200711 114.098291 7.572693 0.125000 49.585684 
63.331616 131.367060 61.631284 139.044171 4.611400 0.125000 3.403198 
117.197382 125.079191 114.726600 113.052765 8.319433 0.125000 32.348060 
134.166682 65.619795 134.822958 39.354959 1.343281 0.125000 6.102063 
59.353807 49.375147 59.570028 80.632298 3.784497 0.125000 10.218873 
16.695274 109.069251 0.795694 118.415384 1.266890 0.125000 0.820776 
125.625000 70.625000 125.625000 56.875000 1.250000 0.062500 0.616176 
130.250667 43.097732 131.069700 69.400076 3.082365 0.125000 30.918972 
60.988896 20.557089 58.879018 48.086988 2.492690 0.125000 11.091767 
