30.810080 73.288673 18.041806 71.113308 4.326554 0.125000 3.586135 
25.980520 29.358816 25.754015 41.877334 1.453315 0.007812 5.655071 
31.867557 45.804547 24.432150 45.496326 2.704942 0.125000 1.067674 
15.658561 49.991180 28.189470 49.308676 3.744450 0.125000 10.225809 
86.915142 58.169422 95.462677 50.445371 3.441665 0.125000 5.172956 
23.050875 24.601060 33.088334 25.105125 1.809160 0.031250 0.525569 
23.224522 43.150870 23.536836 26.858933 2.810994 0.125000 16.420204 
84.354219 46.789639 113.136154 46.341726 2.849806 0.125000 25.598574 
81.850838 64.377880 80.182603 50.379783 5.260713 0.125000 14.294847 
51.852196 70.047454 68.076900 69.406821 2.744642 0.125000 2.847294 
68.043957 61.874403 68.495013 0.618520 4.090450 0.125000 99.491376 
114.076738 48.099219 114.551362 65.620223 2.803721 0.125000 4.824161 
28.975023 54.290751 29.135263 60.662465 5.124124 0.125000 5.962107 
79.363802 49.398753 79.747602 29.382144 2.499541 0.125000 9.378608 
157.213069 13.112628 156.653290 54.371992 2.957625 0.125000 58.454891 
0.602326 77.899540 10.751102 76.878885 2.487452 0.125000 2.576231 
68.283223 72.528674 54.150962 75.949423 4.782419 0.125000 7.673113 
82.847039 34.401397 79.625840 0.482469 5.033159 0.125000 25.137023 
85.496042 25.629438 86.142007 44.400225 2.842451 0.125000 15.342551 
45.658595 61.483595 58.188322 60.993334 3.551643 0.125000 5.096624 
52.977448 81.564832 66.605553 80.275958 5.566254 0.125000 17.249225 
144.373841 85.556360 83.078002 86.591200 6.586716 0.125000 115.899514 
156.175152 54.337596 157.032602 66.949271 2.748612 0.125000 7.870688 
135.444962 78.866047 145.461135 81.299481 3.053791 0.125000 3.456020 
143.916547 1.846764 144.676798 23.158825 4.059551 0.125000 4.000928 
163.809726 109.372340 164.321420 0.618867 2.982238 0.125000 159.284878 
76.875000 29.375000 76.875000 54.375000 1.250000 0.125000 7.389304 
107.539812 55.401648 110.939036 65.519496 2.379180 0.125000 0.820776 
11.232597 16.872522 11.049348 64.376637 1.423578 0.125000 34.612635 
130.679360 73.132551 130.509517 18.125357 3.742263 0.125000 59.070053 
143.681295 -0.066067 132.452766 11.205322 1.794703 0.125000 2.576231 
65.277080 14.456888 62.013866 0.592316 2.075890 0.125000 4.336995 
135.097519 25.622895 135.181306 54.376293 1.330129 0.125000 10.098574 
143.209036 24.618371 136.795031 24.082915 2.803307 0.125000 1.067674 
108.290556 24.378602 108.671767 6.859698 2.689763 0.125000 2.486513 
144.714978 23.116228 144.804664 39.372630 2.493066 0.125000 0.923527 
161.864538 111.121136 174.385329 111.385161 1.513251 0.125000 2.510782 
59.444088 51.895381 64.593559 34.439475 2.673602 0.125000 7.782856 
151.876360 23.124965 151.493216 8.102856 2.754158 0.125000 11.184171 
109.377845 1.596641 85.624389 1.666195 2.565872 0.125000 24.548014 
87.800656 11.874278 87.791483 31.875420 6.257452 0.125000 18.827547 
174.672880 116.130799 166.788647 114.953105 3.893519 0.125000 7.389304 
127.419399 9.988980 138.061272 0.553127 3.741162 0.125000 11.074856 
133.120030 1.399366 111.872350 1.621377 2.669646 0.125000 14.686571 
83.129129 97.110699 155.606888 95.841054 4.296769 0.125000 85.652174 
10.636435 65.507893 0.609977 64.528858 1.851477 0.125000 1.067674 
75.625000 83.125000 75.625000 66.875000 1.250000 0.125000 1.067674 
11.070894 0.623420 11.101914 9.377739 1.280996 0.031250 0.465614 
76.875000 5.625000 76.875000 24.375000 1.250000 0.125000 2.873854 
47.275332 88.018623 48.991448 94.476918 2.416154 0.062500 2.873854 
133.043757 23.003738 142.551058 16.634078 2.783010 0.125000 0.050694 
51.865040 96.445291 65.636614 96.126091 2.528294 0.125000 9.195484 
91.707263 41.059081 87.779506 28.230783 4.317603 0.125000 4.341659 
174.170042 0.618354 173.522228 20.597349 1.735459 0.125000 7.653196 
75.625000 65.625000 75.625000 0.625000 1.250000 0.125000 35.385094 
168.899597 28.148877 169.747677 0.636488 3.076514 0.125000 25.590640 
32.145104 21.873620 32.049306 3.124109 1.307463 0.125000 2.873854 
68.145174 129.363215 67.878444 100.615690 3.877411 0.125000 29.998182 
151.967764 38.118714 151.203222 26.835819 1.585171 0.125000 0.164584 
9.375000 46.875000 9.375000 28.125000 1.250000 0.125000 2.873854 
66.732105 143.067937 72.155431 129.486985 2.555446 0.125000 4.248691 
16.449430 45.661048 14.959835 28.075461 1.456548 0.125000 2.576231 
