100.544169 50.628774 89.340735 49.906485 2.736083 0.125000 3.456020 
168.882600 24.296277 167.522293 54.404245 4.487136 0.125000 24.487537 
82.423916 51.873133 82.408604 78.125311 5.009477 0.125000 42.593508 
10.735218 81.876974 11.765071 24.373031 6.405679 0.125000 93.412664 
167.899317 55.576271 167.690437 61.901927 2.704907 0.015625 7.219478 
157.895282 75.631648 156.518687 28.062964 6.970559 0.125000 96.402250 
127.169299 75.652175 125.981465 143.153269 4.277255 0.125000 120.168543 
154.852488 9.175743 152.278099 19.156556 6.090336 0.125000 9.284128 
92.452161 78.139812 93.094147 53.124208 1.762688 0.125000 10.225809 
11.282228 22.998900 -0.098362 16.996499 4.604498 0.125000 19.081657 
141.786363 71.608323 154.409150 72.746151 2.714347 0.125000 1.034919 
165.434454 64.306683 164.626572 51.778173 2.494819 0.125000 3.370729 
80.627863 79.098393 28.133487 78.555052 3.930923 0.125000 90.771727 
144.899242 20.850753 145.476780 13.113936 5.979863 0.125000 0.731012 
102.012575 0.606121 101.185460 49.342083 4.343371 0.125000 85.389252 
40.296313 53.044940 38.327660 30.390145 8.337558 0.125000 30.902665 
101.194567 71.896990 100.709001 56.872285 4.997391 0.125000 6.188963 
41.876272 29.569357 89.382418 29.258449 3.831725 0.125000 36.275096 
140.049424 10.609192 138.332302 73.130693 2.842235 0.125000 68.352581 
128.443656 0.574712 128.032604 8.187505 2.833341 0.031250 8.893954 
127.248496 20.614855 127.045974 38.112511 3.865483 0.125000 26.354194 
82.195236 81.872314 82.115779 109.375696 5.039703 0.125000 26.487216 
137.224099 76.790425 127.810328 74.327963 6.418908 0.125000 9.079857 
127.264249 38.072105 127.992122 60.629288 3.627108 0.125000 13.357671 
94.934936 53.121023 94.826828 71.877604 1.350843 0.125000 2.873854 
101.809327 111.023124 123.125100 111.872491 3.199566 0.125000 19.754330 
135.245357 38.137425 134.547954 16.828429 6.328432 0.125000 17.533560 
10.376783 115.642675 10.906689 85.607916 3.969921 0.125000 46.687601 
100.258359 108.116129 100.893882 81.851260 2.983060 0.125000 34.656173 
23.006713 23.801978 30.708401 25.147680 2.892991 0.031250 2.457839 
123.111737 115.944832 96.849253 116.319299 5.052956 0.125000 38.490199 
77.899377 39.386421 77.773962 50.635023 2.597396 0.125000 5.583124 
25.014171 29.379145 24.681778 80.635096 3.879618 0.125000 41.725379 
154.370653 78.260467 138.097298 77.738246 3.908441 0.125000 18.013092 
29.366237 83.290500 79.383172 82.886356 2.823114 0.125000 90.473583 
63.772642 43.179533 64.680762 53.210484 3.447838 0.125000 0.426994 
156.970102 89.391943 156.881792 76.857339 6.320297 0.125000 4.691204 
165.506081 76.884597 166.825225 93.229898 3.235077 0.125000 4.057129 
27.668015 76.882127 28.083761 30.624629 2.634708 0.125000 26.888049 
30.565311 29.374737 30.477313 49.379849 2.582453 0.125000 14.686571 
30.643766 19.353008 23.115799 19.410016 5.028218 0.062500 2.851401 
90.466798 11.871593 99.545482 10.725703 6.670393 0.125000 7.931512 
16.743978 64.372260 16.456023 78.142378 2.577855 0.125000 1.229414 
30.626012 75.503465 79.383042 75.909616 1.260369 0.125000 23.644924 
144.142791 143.250609 131.897338 120.612917 1.958353 0.125000 1.783865 
136.086185 69.392682 136.997267 45.629688 1.919546 0.125000 5.468486 
99.378882 6.177049 19.374048 6.739603 2.649354 0.125000 82.944499 
145.603075 9.403563 133.511192 0.121881 2.974689 0.125000 8.567595 
0.570285 83.719246 8.225585 83.080498 2.803154 0.125000 2.873854 
9.555393 15.324175 0.363021 9.811880 3.214257 0.125000 6.102063 
74.286163 112.417111 97.055051 109.559728 3.103135 0.125000 8.712693 
20.615493 11.326667 58.142476 11.835107 5.067278 0.125000 47.446714 
168.016133 15.753725 156.526755 6.036766 2.421583 0.125000 4.248691 
142.354847 53.109143 142.892612 69.382679 1.662160 0.125000 9.195484 
166.591635 94.316193 166.206850 104.349376 2.546067 0.125000 3.776944 
58.166411 11.672873 89.417004 10.437863 5.455350 0.125000 45.468889 
156.085683 114.378432 155.976935 89.368035 3.842361 0.125000 24.220883 
40.499509 115.905684 61.876699 113.138125 2.479309 0.125000 14.541222 
40.625000 0.625000 91.875000 0.625000 1.250000 0.125000 26.354194 
156.950159 121.835790 164.706011 136.702312 1.734518 0.125000 0.883796 
88.088253 119.059795 70.535364 121.106120 3.206909 0.125000 3.885675 
