74.580548 6.873277 74.674928 18.132964 2.531344 0.125000 1.653093 
63.746978 48.154521 62.202265 80.699862 6.183709 0.125000 61.066318 
71.903581 36.874628 71.594285 13.128656 1.347574 0.125000 0.050694 
57.958528 11.639967 65.490217 46.361951 6.269626 0.125000 50.597419 
60.577717 80.815684 56.369627 90.934662 5.668190 0.125000 11.349210 
164.220655 50.632674 164.015619 13.113302 3.954871 0.125000 52.816280 
74.581209 19.356646 74.273198 36.873210 1.271783 0.015625 3.510638 
73.458691 46.613058 65.589739 49.270591 3.568454 0.125000 0.050694 
57.379276 91.367050 62.968527 110.670307 5.498037 0.125000 22.143095 
94.373937 78.008583 161.879723 77.392375 3.555877 0.125000 68.832823 
163.733598 76.870044 163.926846 51.861878 3.933409 0.125000 49.238442 
49.816793 -0.447147 57.919980 12.339264 6.408770 0.125000 32.663791 
166.350455 14.237357 164.148066 2.629558 9.232623 0.125000 23.291064 
161.924404 30.859722 94.516547 45.047506 2.448705 0.125000 73.682516 
60.626829 106.875199 59.014691 121.699884 4.809116 0.125000 3.323118 
174.575348 93.510518 88.185075 88.366144 8.081166 0.125000 171.035032 
94.364151 82.850144 163.133453 83.615239 4.125231 0.125000 119.040172 
60.167490 14.679353 68.205157 10.790680 2.867735 0.125000 0.820776 
69.647057 13.538511 62.116934 18.492727 5.193895 0.125000 3.274964 
174.681757 14.441468 169.386719 15.675292 4.219501 0.062500 2.108726 
93.594100 45.624469 93.629441 76.874430 1.283927 0.125000 11.904754 
93.603884 10.624341 93.578227 40.625388 1.275656 0.125000 11.001664 
95.429740 42.219122 162.085515 27.851653 3.644228 0.125000 96.008448 
116.823944 0.501011 94.505283 9.691389 2.379462 0.125000 18.532534 
49.783215 113.331081 39.212299 116.294656 5.489240 0.125000 10.529290 
39.119787 116.471178 31.605826 117.630708 3.515492 0.125000 4.680034 
161.882147 79.939530 96.876741 80.762521 1.708800 0.125000 53.446894 
30.758619 118.177988 25.556950 118.711410 3.857953 0.125000 1.970764 
23.208028 119.197585 15.560331 119.789585 3.931760 0.125000 6.486214 
57.225952 109.941275 49.911816 114.474250 6.225439 0.125000 4.057129 
90.995757 85.621015 90.082213 0.617400 2.970015 0.125000 111.961143 
95.392495 6.287662 111.579944 -0.120348 2.590601 0.125000 11.416468 
45.655055 126.092873 11.849795 126.684306 6.489567 0.125000 62.565103 
63.090533 102.181396 85.725937 104.727728 2.763801 0.125000 18.883306 
