108.103642 84.489055 1.867696 86.486535 5.445592 0.125000 176.058949 
3.770543 84.389927 1.701336 0.598420 5.893387 0.125000 213.562978 
163.099192 47.357904 174.450378 47.964539 2.696561 0.125000 5.583124 
104.882052 0.551136 106.913361 83.246876 9.865319 0.125000 370.439741 
165.601421 98.094698 164.768801 64.396155 8.932583 0.125000 88.082215 
174.880800 101.680985 161.899637 99.243780 5.450704 0.125000 8.712693 
159.815967 60.702644 157.545979 0.505425 7.588879 0.125000 186.635949 
0.598807 99.895852 119.330298 95.630619 2.977391 0.125000 149.155248 
139.177528 98.729449 147.061209 101.305026 2.679121 0.125000 1.067674 
125.599894 52.945420 144.333257 50.326420 1.956705 0.125000 6.985969 
119.175923 93.129894 116.900240 0.562919 5.725856 0.125000 231.932410 
175.011791 53.642979 164.491329 50.262925 5.525054 0.125000 1.602836 
122.889226 95.563682 138.037082 98.568247 4.407936 0.125000 3.369347 
114.375000 98.125000 99.375000 98.125000 1.250000 0.125000 0.164584 
5.596997 108.740213 24.365614 107.912245 1.469144 0.125000 3.776944 
149.343949 73.125124 149.269177 54.375422 1.279899 0.125000 2.873854 
39.375000 109.375000 55.625000 109.375000 1.250000 0.125000 1.067674 
