93.039145 46.873217 92.992420 81.874823 2.543383 0.125000 37.298484 
120.625967 45.506917 108.116566 45.404432 2.581839 0.125000 1.034919 
124.449160 46.842000 125.260930 79.415225 3.250563 0.125000 35.109332 
122.172868 74.367034 121.437950 46.886688 2.599358 0.125000 23.245778 
106.002633 81.882152 106.642030 48.120588 2.594228 0.125000 26.408166 
105.647403 45.037946 91.869765 44.512178 5.044030 0.125000 2.619268 
122.497410 8.124174 122.448080 45.624110 7.546035 0.125000 136.158626 
161.401887 76.877941 160.966683 6.872876 4.014135 0.125000 81.449638 
158.797439 0.717336 156.630500 16.498139 4.905474 0.125000 7.776105 
136.891611 6.635053 124.374439 6.840910 3.852266 0.125000 9.366697 
108.707006 48.121430 108.533288 80.627182 1.423667 0.125000 13.809694 
138.944046 90.634692 137.115864 9.341472 5.461513 0.125000 204.184532 
154.185166 18.123249 153.689389 71.880205 4.164839 0.125000 111.316368 
90.629680 82.005337 21.880880 81.718009 4.021625 0.125000 128.136336 
137.239599 120.643559 138.705763 91.840933 6.877393 0.125000 53.205733 
153.447316 75.623602 153.648009 121.878154 5.048765 0.125000 48.880999 
38.028736 48.125624 37.785545 10.619096 3.928226 0.125000 40.475700 
83.127175 8.342875 120.635917 7.968365 2.786919 0.125000 47.841344 
123.130176 83.665328 110.607376 83.785294 2.619628 0.125000 1.034919 
79.362254 6.314408 43.124641 5.644417 1.711928 0.125000 12.995593 
22.643806 79.382466 21.596165 11.859932 2.809970 0.125000 60.821756 
93.170816 85.593891 92.587433 108.175698 7.723472 0.125000 26.890033 
104.388905 83.608769 95.574330 83.862123 2.642622 0.125000 2.873854 
95.626263 80.605243 104.420231 81.167270 4.061266 0.125000 1.855669 
84.620014 33.119266 84.672789 46.878652 2.538337 0.125000 4.248691 
172.689422 65.645949 173.011566 53.122082 2.820597 0.125000 9.195484 
125.371617 88.098635 124.822988 119.382856 3.837095 0.125000 31.512086 
66.904736 52.166099 58.085690 51.892614 3.941922 0.125000 3.403198 
17.836688 5.620857 18.197482 89.374688 2.844597 0.125000 144.184387 
25.027322 20.618232 25.273841 44.378643 3.697925 0.125000 11.657898 
53.124428 78.468386 90.626405 78.530805 2.549929 0.125000 16.968635 
87.644804 74.891857 90.353771 64.305594 4.534037 0.125000 5.664267 
76.182095 45.689771 75.707932 40.617248 2.838165 0.062500 0.465614 
106.351218 109.380475 106.102860 85.620005 2.512928 0.125000 18.013092 
55.345426 45.200660 49.358586 43.173476 5.537670 0.062500 0.399485 
8.114954 91.110393 90.633556 90.026204 4.309846 0.125000 108.615886 
66.710759 36.880944 67.164201 49.409773 3.973598 0.125000 7.782856 
41.882222 5.839405 18.159141 6.638532 3.832041 0.125000 7.884217 
0.650269 31.875098 0.770957 0.625564 1.293439 0.125000 11.001664 
52.835291 26.033439 50.730025 18.097140 3.624638 0.125000 1.653093 
24.375219 78.051497 51.874975 78.133389 1.272329 0.125000 7.389304 
115.625000 5.625000 85.625000 5.625000 1.250000 0.125000 11.001664 
144.498809 28.131447 141.311355 89.345651 2.288310 0.125000 39.529075 
161.733361 91.886225 160.930167 81.751747 4.232065 0.125000 12.058439 
5.027486 64.369885 5.164746 81.878608 1.387150 0.125000 5.583124 
112.163181 29.392553 111.404605 41.846348 2.115384 0.031250 0.060979 
1.567946 118.109281 1.151322 93.116226 2.749662 0.125000 24.548014 
93.422887 109.279474 93.896161 123.141349 6.374319 0.125000 2.519176 
0.752086 61.873910 0.559104 39.375565 1.260676 0.125000 5.583124 
5.863334 18.093642 3.880831 3.025556 1.663355 0.062500 0.805318 
141.954635 8.128570 140.553945 39.371814 1.920547 0.125000 20.315323 
122.976144 125.503086 124.647047 140.594880 4.002334 0.125000 1.232649 
95.782255 15.952423 107.890629 10.137011 2.298001 0.125000 1.720471 
172.745547 11.112886 160.716518 1.757329 2.412002 0.125000 4.248691 
115.955673 41.877657 116.206834 10.619631 1.501048 0.125000 9.449320 
162.373619 116.824883 160.607260 99.251144 4.356246 0.125000 6.188963 
128.118351 90.551927 135.632235 90.594375 2.542329 0.125000 0.164584 
161.875000 5.625000 161.875000 28.125000 1.250000 0.125000 5.583124 
119.382657 128.125814 117.791942 143.089594 3.014537 0.125000 1.486207 
