83.124339 28.877606 114.373216 28.905065 3.773065 0.125000 23.160805 
145.169103 47.372134 156.676468 44.752802 4.597864 0.125000 0.218016 
46.797548 2.472831 60.639111 4.266080 2.961086 0.125000 5.946800 
110.966176 32.951255 110.566360 37.919078 5.384994 0.125000 0.050694 
95.623112 61.080294 68.123585 60.966236 3.770706 0.125000 18.240388 
133.748948 72.224962 128.497322 44.072370 7.308975 0.125000 53.623571 
46.620027 14.397270 59.600718 16.998707 5.885023 0.125000 10.516855 
67.237730 36.967342 65.923959 24.343886 4.376822 0.125000 10.390293 
102.346542 10.330639 121.902656 0.681048 4.454401 0.125000 16.437095 
72.023515 45.455469 61.871685 46.850880 3.770937 0.125000 0.149785 
119.837885 15.485447 107.158047 22.667966 4.205961 0.125000 5.388241 
156.925503 80.555056 138.107398 79.835043 4.272972 0.125000 31.136691 
66.444636 21.906971 64.854081 0.496549 4.758359 0.125000 25.337593 
111.878221 70.839390 89.345749 71.177886 3.937338 0.125000 14.632986 
155.633950 48.071189 156.974070 79.424194 6.137539 0.125000 81.386564 
63.398968 56.705606 74.267284 53.950137 5.443930 0.125000 4.341659 
106.550214 40.419439 108.282886 69.290507 11.429189 0.125000 94.008010 
174.480140 84.178911 159.378206 83.080906 4.012058 0.125000 5.388241 
69.367262 23.227761 79.404475 23.983579 2.680665 0.125000 0.797908 
105.248677 20.683037 103.655178 10.350459 6.176975 0.125000 16.190856 
69.327705 33.665472 80.635852 33.964178 2.499128 0.125000 2.510782 
48.207718 40.618215 46.663211 21.789835 7.577088 0.125000 18.573553 
84.972479 43.070738 83.826078 30.447805 3.222688 0.125000 0.923527 
81.860896 19.366729 81.919510 28.124702 7.524929 0.125000 4.417799 
159.375922 79.357568 174.465933 80.155641 3.942818 0.125000 19.962553 
39.875377 63.172902 38.348642 39.280832 4.778650 0.125000 26.686389 
42.306086 41.825711 44.172351 58.148170 2.767810 0.125000 15.517114 
49.046421 63.153601 47.290440 42.980034 4.981165 0.125000 27.514630 
67.213490 1.455973 79.732666 15.188492 6.221395 0.125000 21.327785 
61.331264 5.615367 61.519238 19.396902 3.766699 0.125000 1.668182 
121.392865 3.064396 120.995143 14.431686 6.421012 0.125000 10.033387 
83.220401 62.805987 84.542475 68.381682 3.648829 0.125000 1.970764 
68.128378 39.974084 80.628041 40.038954 1.314854 0.125000 4.680034 
0.613635 86.598763 36.853722 85.107806 2.497887 0.125000 38.194039 
108.786750 -0.276874 82.935600 16.584622 3.959633 0.125000 30.377188 
136.868199 83.415369 154.387865 83.825690 1.600870 0.125000 6.985969 
110.625920 81.707183 131.875282 81.823629 1.332180 0.125000 2.873854 
56.844483 67.406196 44.366973 67.935936 1.766707 0.125000 1.697763 
49.367746 85.540169 33.129595 86.928736 1.152965 0.125000 0.164584 
73.119022 85.229489 105.630488 84.738123 1.684324 0.125000 25.871204 
131.562108 40.634056 130.403222 0.595239 3.005262 0.125000 56.127446 
129.375000 84.375000 113.125000 84.375000 1.250000 0.125000 1.067674 
131.618900 100.830604 135.689029 81.155411 6.373636 0.125000 17.679892 
157.443456 84.379381 157.523811 96.878865 3.765994 0.125000 2.246834 
49.543582 100.627505 49.748120 86.861971 3.768157 0.125000 8.739380 
106.751194 75.387286 107.921516 80.931798 4.443630 0.125000 3.776944 
134.735448 0.613412 136.061453 41.860969 1.815928 0.125000 32.675824 
94.514612 11.871344 94.876164 25.677346 3.814162 0.125000 11.925485 
156.408345 33.092753 155.070609 0.596365 3.012020 0.125000 27.329010 
