40.282540 22.589158 55.444113 19.681720 3.918310 0.125000 20.315323 
0.612138 38.731413 20.629645 39.155989 1.647321 0.125000 10.098574 
121.246823 81.782497 110.629707 76.864838 4.536955 0.125000 0.614840 
174.375530 81.014754 120.624728 81.032126 3.763331 0.125000 96.278073 
167.161671 27.142488 175.016894 18.723942 5.483592 0.125000 11.349210 
29.223959 27.835926 40.157728 22.123050 7.954606 0.125000 7.113025 
60.782885 14.456778 61.591484 0.535925 6.456937 0.125000 9.649660 
104.369763 71.615344 164.381305 71.932681 2.770968 0.125000 92.720159 
54.120619 19.528841 61.389557 14.867926 5.638845 0.125000 1.486207 
90.180971 0.459335 91.105813 11.936979 6.430602 0.125000 26.142933 
19.431597 42.426196 28.432312 27.054948 5.947115 0.125000 14.787699 
113.123513 76.206622 165.623170 76.340825 2.611828 0.125000 56.767395 
19.335679 82.107234 16.243559 48.297068 6.785766 0.125000 57.880400 
86.412283 60.655633 86.899809 48.125965 2.741112 0.125000 0.664633 
0.601332 4.904623 59.401488 7.532259 2.943938 0.125000 70.256915 
72.054206 66.493343 73.574693 77.167069 7.601327 0.125000 9.124190 
39.419212 12.208985 23.146788 11.423581 2.979192 0.125000 11.074856 
167.054240 74.450565 165.177375 16.808174 7.385703 0.125000 105.673751 
90.767541 11.703400 92.566819 39.411247 7.889243 0.125000 44.080032 
79.989293 53.462983 73.431027 67.023009 12.848915 0.125000 36.192516 
74.024865 78.117951 73.986225 86.889806 5.641434 0.125000 1.036501 
18.100826 41.589626 0.611810 41.151346 2.906317 0.125000 13.710934 
90.908689 42.988223 92.938900 65.753074 6.201637 0.125000 43.566117 
95.621517 41.373999 161.881710 41.682116 2.505786 0.125000 83.079037 
94.384188 10.309018 165.610311 12.380163 2.535276 0.125000 68.125045 
0.096967 82.954253 18.126609 85.614094 8.696725 0.125000 44.167193 
164.362548 14.782912 95.600308 12.683915 2.489666 0.125000 72.216586 
164.375383 44.346030 95.620880 43.436390 2.317881 0.125000 63.912964 
18.299185 9.845943 0.501120 8.318066 4.981678 0.125000 39.089723 
85.075978 46.316604 78.127271 53.148654 7.100742 0.125000 6.729638 
58.013275 11.264089 39.328630 10.159039 4.555245 0.125000 17.533313 
39.375685 15.578581 55.622149 15.818257 1.305180 0.062500 2.873854 
20.745162 97.307855 0.313803 98.766732 9.707088 0.125000 51.828408 
85.514155 88.264118 118.064256 85.016228 4.727073 0.125000 24.037109 
66.902953 96.067483 40.599992 97.729146 3.584919 0.125000 32.663791 
36.903161 97.470699 19.435517 96.718904 2.873933 0.125000 20.032564 
167.900510 116.882224 166.853126 84.335478 5.158234 0.125000 54.553563 
35.453032 18.248403 27.937344 19.395625 3.141202 0.125000 0.820776 
75.082474 99.388801 74.862622 110.658897 5.047808 0.125000 4.824161 
26.965586 17.994293 0.583117 16.263384 2.576471 0.125000 7.190052 
0.600324 13.807298 20.619347 14.531311 1.520253 0.125000 5.583124 
89.371110 70.638404 104.544330 75.041481 4.453542 0.125000 9.741820 
76.874857 73.075423 88.131964 73.043000 5.007180 0.125000 8.896623 
0.592960 73.952638 14.358569 72.908400 2.871043 0.125000 11.904754 
14.380989 50.293909 0.612884 50.044877 2.522197 0.125000 6.102063 
164.375000 74.375000 115.625000 74.375000 1.250000 0.125000 24.548014 
163.802432 10.649858 163.364395 0.560338 2.551865 0.125000 4.680034 
170.505011 86.345885 174.489797 86.077140 3.993838 0.125000 1.970764 
154.485021 39.612832 162.568224 35.873536 3.403471 0.125000 1.653093 
87.709187 116.889631 87.180484 101.864251 1.644840 0.125000 8.292394 
93.251921 103.118791 94.413927 126.873096 3.379077 0.125000 11.284283 
0.625000 31.875000 18.125000 31.875000 1.250000 0.125000 1.970764 
