71.235959 71.906858 72.734411 43.169813 8.217400 0.125000 29.463099 
74.379537 42.882815 114.365506 43.631821 4.030268 0.125000 56.366817 
70.643527 103.739299 39.384261 104.682067 2.913370 0.125000 44.415994 
0.611425 102.532662 104.364225 100.154851 3.559025 0.125000 101.408311 
75.721447 73.708015 60.566092 74.505440 3.183773 0.125000 1.349337 
26.217821 43.097823 26.476388 60.630878 5.054753 0.125000 15.409125 
80.642306 103.262721 63.105081 105.466484 2.331209 0.125000 11.416468 
24.788376 4.365738 25.629390 41.902908 5.026745 0.125000 39.588911 
68.054557 11.194711 36.803000 9.984921 3.602134 0.125000 29.414821 
174.526440 87.183223 141.670003 81.899842 3.218677 0.125000 45.248766 
98.267620 17.112103 74.376176 15.606338 3.585323 0.015625 6.696225 
90.533805 48.274780 114.345610 49.826109 3.226093 0.125000 7.337580 
74.381198 13.002839 90.652734 13.828346 1.755075 0.125000 4.680034 
46.869226 105.100274 0.619716 105.250733 2.630114 0.125000 43.816112 
114.371050 52.017761 96.849876 51.532923 1.284098 0.062500 2.108726 
109.373940 103.091335 81.861860 103.957786 2.774192 0.125000 11.550453 
34.374995 83.123395 69.374629 83.010214 1.306584 0.125000 14.614024 
94.954761 40.799156 93.699886 17.956082 6.391670 0.125000 23.729790 
59.391570 74.451857 43.127159 74.222129 2.658636 0.125000 17.641629 
116.109174 53.115966 116.669596 83.152155 5.139042 0.125000 41.728965 
97.318025 81.269747 75.043579 78.662701 13.881129 0.125000 72.895741 
28.926017 41.892661 29.395533 20.597892 2.912700 0.125000 12.495233 
69.376329 84.836568 35.626609 84.933765 1.343592 0.125000 7.697740 
90.678881 9.897705 74.333383 8.686755 6.879387 0.125000 32.491939 
71.768445 81.935731 71.481701 75.530686 7.604305 0.125000 1.783865 
114.370010 45.588448 97.022655 47.956610 2.422036 0.125000 6.009503 
75.598428 18.451321 90.600740 19.672936 2.390303 0.125000 10.098574 
91.898210 22.531535 74.327312 21.844360 2.791181 0.125000 9.378608 
79.652126 40.611840 79.057051 28.080739 2.793651 0.125000 0.149785 
114.374866 75.648880 98.125375 75.557988 2.583862 0.125000 17.641629 
72.123877 99.437807 71.328049 86.752473 5.303255 0.125000 22.232338 
37.344403 19.326542 35.474810 49.443274 11.065068 0.125000 79.318227 
82.367799 28.646806 88.650094 37.763145 6.884923 0.125000 10.248991 
43.154040 16.433861 61.905070 17.668214 2.987249 0.125000 18.532534 
27.428435 85.618589 27.588039 99.395702 3.894548 0.125000 22.371880 
73.066150 40.633881 70.953961 26.636733 5.503571 0.125000 5.792958 
97.171540 133.138410 97.042079 111.866376 10.068281 0.125000 33.002434 
60.677734 5.833248 44.343039 5.006382 2.054443 0.125000 2.510782 
143.092822 85.799005 174.650573 91.634807 5.413243 0.125000 50.023021 
65.348314 140.286953 73.086515 105.339697 7.575363 0.125000 64.955615 
94.888417 98.179127 94.678732 85.640825 7.561656 0.125000 27.329010 
114.383392 100.269152 154.379869 99.893783 1.625330 0.125000 39.900544 
77.948592 55.215574 85.627578 54.399249 2.611127 0.125000 0.164584 
63.177590 21.024007 43.099772 19.783223 2.572341 0.125000 20.032564 
76.095318 26.869086 76.252676 39.382826 1.407073 0.125000 3.776944 
19.877309 68.070178 21.160253 50.572594 3.922773 0.125000 10.297348 
41.934494 115.445189 43.374744 125.933990 7.770370 0.125000 24.701078 
124.453229 84.473561 96.825977 82.596560 3.826105 0.125000 18.759088 
174.370796 101.708199 110.629777 103.314564 1.847947 0.125000 47.456512 
67.337886 33.034515 64.610931 19.084529 4.427498 0.125000 0.542782 
42.237564 86.869582 42.261235 99.376635 6.261817 0.125000 37.191274 
43.189629 126.269973 47.414195 144.177357 9.938504 0.125000 20.885935 
156.837166 99.552999 174.391080 100.018085 2.499123 0.125000 13.192832 
34.318277 51.930298 44.220815 62.088146 11.500803 0.125000 1.351097 
36.795875 67.817760 58.209768 69.615005 5.505200 0.125000 12.999652 
26.547448 108.046217 29.224227 139.387877 5.194605 0.125000 58.660432 
132.050950 43.232232 132.992698 30.709051 4.114385 0.125000 10.285789 
0.625000 84.062500 15.625000 84.062500 0.625000 0.125000 0.164584 
139.269791 78.002510 174.430207 81.283348 2.373053 0.125000 19.847676 
54.289888 139.428807 62.001823 139.932240 5.396513 0.125000 12.304394 
78.015842 138.938908 94.198018 137.891271 9.377770 0.125000 16.750203 
116.257317 86.835149 116.968469 98.119109 2.652296 0.125000 0.218275 
118.746016 41.876165 118.713606 24.373910 1.282403 0.125000 7.389304 
