65.717886 0.625652 65.252917 66.881161 2.885908 0.125000 104.882185 
31.102860 72.076553 24.598918 87.496673 3.400499 0.125000 2.835356 
80.746618 60.092147 88.160721 44.391868 3.516492 0.125000 9.711716 
89.312475 44.241463 101.485000 38.542056 3.468119 0.125000 5.468486 
93.984056 37.642852 82.161844 47.228762 3.280119 0.125000 0.218016 
82.645952 47.689727 79.759159 59.157032 3.331384 0.125000 0.664633 
65.184313 73.119198 65.003096 86.883269 2.598520 0.125000 4.248691 
71.370856 41.908351 72.826167 9.361638 3.558415 0.125000 39.140748 
25.660092 80.335926 14.387451 80.078904 5.255140 0.125000 12.806661 
19.324100 69.863138 48.112624 67.939765 4.324949 0.125000 11.939636 
78.125423 34.433883 121.882141 34.119794 2.796024 0.125000 58.454891 
108.243587 39.020983 94.476422 38.003159 3.186818 0.125000 0.923527 
73.509772 54.572798 75.370638 39.192981 8.646877 0.125000 26.726663 
46.210343 35.539074 47.820311 23.085610 6.358682 0.125000 5.412007 
97.845432 79.773424 85.605198 71.184650 3.680182 0.125000 2.089640 
47.683215 23.126739 47.660080 0.624193 2.521847 0.125000 22.741834 
85.373426 70.689581 82.509447 59.533018 2.421486 0.125000 1.653093 
24.381263 56.985581 45.563307 55.785811 4.026750 0.125000 28.306011 
87.607131 77.175849 101.855392 81.933721 3.554819 0.125000 3.294530 
46.656522 54.446169 45.735297 35.437913 7.733246 0.125000 31.096516 
30.613856 87.772347 46.847643 87.259331 1.762649 0.125000 7.697740 
105.620258 92.354096 81.860213 92.118918 10.197461 0.125000 44.653845 
79.308278 63.162170 86.398953 75.890202 4.133657 0.125000 4.341659 
123.771609 36.873350 123.832223 60.626385 3.749988 0.125000 27.249975 
31.839863 83.331370 45.616332 82.867540 2.793014 0.125000 14.614024 
109.562061 76.524718 98.279973 78.870385 3.465446 0.125000 0.923527 
47.349064 85.628082 47.405995 76.870326 3.741795 0.062500 1.005729 
115.050161 46.714569 118.905524 62.939533 3.238982 0.125000 0.940023 
116.734426 67.765387 110.504309 75.528138 2.924594 0.125000 0.883796 
155.630178 83.061330 174.458963 84.592527 4.041616 0.125000 19.653970 
99.445698 40.307550 110.694543 42.812737 2.850463 0.125000 1.034919 
44.578886 35.606102 45.968045 50.593203 1.706138 0.125000 3.776944 
104.388140 81.894825 117.102371 73.468056 2.095995 0.125000 3.370729 
129.509923 89.873796 105.421110 91.732299 5.273648 0.125000 46.017645 
82.554265 0.565408 83.522180 31.901342 3.555252 0.125000 38.291523 
123.118051 49.781248 131.145931 61.932497 5.512275 0.125000 7.648728 
117.072095 73.443941 120.924154 55.966435 3.373055 0.125000 3.453467 
140.769289 89.522263 129.254831 90.711312 8.230724 0.125000 9.649660 
121.086668 55.354691 112.312411 40.368894 2.867171 0.125000 5.664267 
65.064168 94.361585 64.884158 101.887179 1.428989 0.125000 0.164584 
29.375000 61.875000 45.625000 61.875000 1.250000 0.125000 1.067674 
46.838979 109.373462 47.640342 90.604307 3.533302 0.125000 2.651501 
45.634256 60.023842 25.620497 60.309359 1.517334 0.125000 9.195484 
45.736454 75.952387 33.034901 76.849846 4.357389 0.125000 12.806661 
62.100546 104.190071 49.326707 102.182243 3.440155 0.125000 6.799042 
156.156662 64.372338 156.238061 80.628189 1.331352 0.125000 5.583124 
62.360960 100.627321 62.838643 0.623632 2.601474 0.125000 120.666722 
156.534602 0.624522 156.462640 51.874421 2.508773 0.125000 49.728693 
134.307533 66.981265 146.284914 74.585585 3.349936 0.125000 6.126021 
174.403128 63.267784 156.850945 62.821890 2.911874 0.125000 19.962553 
174.475133 88.955595 160.550301 88.120368 4.042640 0.125000 13.650421 
155.565767 55.022490 170.543893 53.549991 2.610304 0.125000 11.001664 
111.293621 27.990712 115.321011 10.554784 2.154544 0.125000 2.036308 
128.242364 79.931216 146.881872 83.084375 2.256484 0.125000 8.567595 
154.061675 73.221100 150.935845 63.029660 3.123178 0.125000 2.560371 
147.461985 55.656778 150.445489 0.547609 4.455979 0.125000 75.926427 
149.100136 76.853921 148.147152 89.280840 3.305178 0.125000 1.454630 
8.112709 91.032424 15.643565 91.259617 1.475591 0.062500 0.465614 
124.156676 66.812563 124.839605 78.096882 2.646458 0.125000 3.370729 
140.893532 73.814663 125.284973 66.334523 2.254482 0.125000 8.756152 
174.421346 95.447371 162.972321 92.460174 2.734594 0.125000 6.102063 
78.991728 31.875961 78.913348 0.623023 1.328368 0.125000 11.904754 
116.333010 15.500935 113.427426 28.194227 2.260855 0.125000 1.720471 
75.150787 8.146266 74.431746 34.376556 1.660566 0.125000 6.953153 
42.192571 142.223348 52.010097 133.273190 4.455511 0.125000 3.885675 
65.346927 106.861696 64.687713 120.639962 1.726470 0.125000 4.336995 
89.674012 27.094073 85.046958 7.008160 5.152994 0.125000 13.190779 
9.375000 44.375000 9.375000 18.125000 1.250000 0.125000 8.292394 
174.375000 0.625000 159.375000 0.625000 1.250000 0.125000 0.164584 
44.331336 94.966506 30.476482 95.885207 3.576374 0.062500 1.796728 
38.173346 124.426619 26.567374 135.296543 1.250000 0.125000 0.164584 
88.604989 0.593086 89.355210 11.876316 1.661892 0.125000 1.067674 
