150.639091 42.036587 171.945077 40.178588 3.301443 0.125000 13.304151 
171.936122 37.522160 160.551558 38.597400 2.018780 0.125000 1.067674 
174.440597 78.200341 151.871371 76.939989 3.813863 0.125000 24.707834 
50.635464 2.050557 31.877599 3.168606 4.263970 0.125000 5.792958 
135.572710 36.486309 112.977158 39.526030 6.694175 0.125000 28.554031 
111.918892 39.685843 94.432719 40.177563 5.208845 0.125000 18.513886 
173.529920 41.874739 173.551693 75.625531 2.520965 0.125000 38.997454 
9.396095 63.972753 0.539345 63.508271 2.627499 0.125000 2.873854 
120.229581 58.100730 120.460690 78.141310 5.158223 0.125000 22.494128 
21.794700 0.392273 10.585310 4.259970 2.404779 0.125000 3.456020 
172.001354 92.892373 139.339990 91.382147 6.127855 0.125000 32.482315 
0.546502 55.094445 18.122557 54.319579 3.581197 0.125000 15.342597 
20.322731 77.894412 11.678655 78.851288 6.624650 0.125000 4.341659 
10.270681 8.484585 22.779587 3.506967 3.934390 0.125000 7.917544 
105.190456 50.837864 115.224542 70.820749 5.618768 0.125000 23.389951 
81.925228 41.874468 82.295957 76.883779 3.776262 0.125000 54.318989 
0.410825 21.252982 18.364674 15.071075 4.437535 0.125000 24.738389 
51.892849 77.086131 41.874330 76.913999 2.628472 0.125000 4.680034 
137.355635 14.374518 137.342327 35.624510 3.760175 0.125000 16.720712 
29.598079 25.623510 29.957035 79.379460 3.716530 0.125000 72.211365 
37.034163 34.074297 93.376938 24.627637 4.547291 0.125000 89.313612 
20.653907 56.809012 21.625421 75.637878 4.389124 0.125000 32.895604 
151.895891 82.717303 174.400851 83.870508 8.065893 0.125000 44.071059 
56.709490 44.471488 70.557555 46.173693 3.396338 0.125000 12.058439 
76.599478 75.634558 75.385265 40.633317 4.007768 0.125000 47.626086 
150.254701 87.051115 152.661625 40.861401 9.974069 0.125000 116.173274 
20.406885 23.111891 20.138926 53.120660 3.906108 0.125000 28.748723 
33.023558 13.988598 23.054333 16.605824 2.694496 0.125000 3.456020 
75.783385 82.514421 50.594101 81.231829 12.061794 0.125000 72.128605 
94.023462 25.268757 110.836024 21.589209 6.639980 0.125000 18.543686 
20.650520 20.788922 30.793880 19.209758 5.132775 0.125000 1.783865 
71.664729 48.092405 72.254417 66.902293 3.086294 0.125000 26.563777 
0.604150 73.507739 6.971445 73.854608 3.812443 0.125000 2.576231 
119.491314 87.015992 81.897810 85.162389 8.106483 0.125000 74.949403 
68.068944 7.806542 78.195248 6.024083 2.895541 0.125000 5.583124 
9.405910 77.382654 0.536572 77.922690 2.875225 0.125000 0.820776 
49.592688 82.907824 31.806272 81.482857 5.682802 0.125000 27.514630 
116.880098 78.714697 96.871640 78.560219 1.394721 0.125000 5.583124 
78.118988 1.432212 99.377119 1.590530 2.583712 0.125000 16.442587 
96.663167 64.357648 97.696937 51.737542 3.431327 0.125000 10.310893 
25.879336 49.380035 25.752850 24.368032 2.607428 0.125000 17.918538 
74.263411 39.993356 54.457268 36.419125 2.358450 0.125000 8.509122 
111.605842 21.677047 135.910181 17.159148 5.285973 0.125000 33.131421 
150.210808 39.425520 150.552061 16.892826 7.745214 0.125000 33.252256 
34.901271 39.435728 34.267607 31.884011 3.945908 0.125000 1.653093 
37.777621 78.124523 37.772186 39.374348 8.754032 0.125000 61.069039 
89.626704 78.181874 87.693983 44.257128 6.769361 0.125000 66.683219 
79.143968 6.026546 87.923729 3.635840 2.083758 0.125000 0.164584 
55.644830 39.251635 70.658757 41.664988 1.432538 0.125000 1.067674 
134.535617 90.811340 118.947290 88.457445 4.943951 0.125000 0.054958 
18.262953 27.274563 0.618924 24.412456 3.268348 0.125000 15.407743 
40.377442 15.997684 67.305131 8.399333 3.638864 0.125000 22.292077 
93.775520 53.106257 93.305766 68.130652 1.600961 0.125000 4.680034 
138.205764 58.177433 137.359096 39.297236 4.362224 0.125000 32.015933 
31.743547 19.056970 39.473005 15.862107 2.693111 0.125000 2.873854 
91.615164 82.829126 85.479771 81.158285 4.275128 0.125000 0.797908 
20.720162 8.421261 0.406927 14.946090 3.144775 0.125000 11.688648 
56.953803 66.869876 55.567418 45.547469 4.827257 0.125000 25.999241 
124.349048 30.461923 134.490074 28.848112 2.272484 0.125000 3.776944 
154.141302 18.857535 174.827395 25.456954 3.850294 0.125000 18.513886 
80.763638 29.808340 89.474792 31.287164 2.883155 0.125000 3.776944 
147.495661 17.095192 148.853031 5.563560 3.724288 0.125000 5.301648 
103.061963 123.389289 75.631727 116.846796 2.030052 0.125000 12.777654 
21.914537 139.076911 8.076393 137.241472 1.688940 0.125000 2.873854 
51.532372 49.330512 52.207913 63.108677 2.619428 0.062500 4.602363 
13.141940 46.332362 6.292019 30.339312 3.776642 0.125000 0.220401 
163.072965 138.322920 146.951398 134.084413 1.250000 0.125000 1.067674 
84.362397 129.514487 69.371833 128.160048 1.694860 0.125000 1.697763 
