153.264838 39.438068 159.520354 25.568083 5.876336 0.125000 3.700114 
164.683783 11.747049 163.447830 20.838814 3.379065 0.125000 4.232717 
162.689820 27.340507 147.153969 54.534375 3.875182 0.125000 21.591305 
158.616242 25.474575 157.427925 11.719246 5.196618 0.125000 12.495233 
143.086882 71.871923 144.707111 51.800904 2.894209 0.125000 11.349210 
118.188314 83.124337 117.454661 13.105829 6.616366 0.125000 141.802382 
146.838394 55.554229 145.939704 71.892311 2.496227 0.125000 9.438675 
156.896490 27.803996 126.863723 25.793457 4.326084 0.125000 17.997354 
124.821200 11.859040 123.653671 70.660316 4.974200 0.125000 77.960993 
142.090978 10.733224 154.615724 13.102401 2.987669 0.125000 2.680153 
24.531239 94.481438 20.434406 100.495159 2.474175 0.062500 1.785718 
143.327797 77.418128 131.815837 81.716549 3.513093 0.125000 5.172956 
131.785982 83.479451 143.048950 82.359909 2.357304 0.062500 0.275019 
170.122513 43.339627 172.849366 17.961075 7.549635 0.125000 35.743992 
168.675043 61.899089 169.444774 44.323312 2.935136 0.125000 8.739380 
160.564836 13.185291 149.929327 2.572138 3.539252 0.125000 0.218016 
132.849937 10.571649 143.712626 13.068555 5.432971 0.125000 1.992002 
123.125768 73.025530 141.884296 73.170284 3.875281 0.125000 27.457351 
145.624986 73.203091 163.124985 73.206316 2.501152 0.125000 0.434640 
174.417090 88.093136 148.113362 87.229451 4.609437 0.125000 32.321123 
18.124711 59.239192 0.624790 59.276479 2.515975 0.031250 0.867939 
143.045484 8.846793 64.423425 0.185429 2.095503 0.125000 44.488859 
146.898084 87.543514 134.369859 87.976118 6.332552 0.125000 13.911462 
19.448443 100.941946 21.214278 114.461300 5.281675 0.125000 6.729638 
81.929969 0.091875 143.045774 6.393379 2.153126 0.125000 27.319300 
16.886827 79.641640 0.613399 80.363452 1.913448 0.125000 11.904754 
16.880812 49.877125 0.618523 50.065344 1.409048 0.125000 6.829207 
14.456309 95.962029 0.607646 99.303066 2.430275 0.125000 7.870688 
18.114291 32.436026 0.618518 32.707959 1.424684 0.125000 8.292394 
16.873789 73.011638 1.875500 73.171835 1.263279 0.125000 0.164584 
15.673926 87.352254 0.576304 88.899986 2.104539 0.125000 9.195484 
0.612332 62.156459 18.133100 62.945043 2.666083 0.125000 13.192832 
35.649053 10.337659 71.854628 13.368369 1.454185 0.125000 7.782856 
19.463472 16.036556 8.206907 14.848771 2.223855 0.062500 0.805318 
173.789091 63.121533 173.900025 44.372190 1.360914 0.125000 3.776944 
0.580815 52.571633 18.168627 53.687160 3.207099 0.125000 19.081657 
0.517469 102.614525 14.439637 99.681847 2.638849 0.125000 11.001664 
0.579154 83.717814 16.924012 82.577571 3.189863 0.125000 18.532534 
124.900224 88.489352 111.747188 86.448888 8.163068 0.125000 0.662593 
26.866101 83.149680 115.620497 82.505065 2.263896 0.125000 68.829723 
0.622859 76.048401 16.872444 76.130562 1.319505 0.062500 0.616176 
1.875091 69.363694 16.874126 69.483984 1.280033 0.125000 0.164584 
3.137679 0.532973 18.196277 2.607656 3.329635 0.125000 10.225809 
0.633348 35.312619 10.659593 35.580565 2.666076 0.125000 3.776944 
3.165270 26.648472 18.351973 29.348232 3.336545 0.125000 5.882676 
1.945967 43.450004 18.196217 44.696741 2.397054 0.125000 4.248691 
0.613290 91.568327 15.639112 90.994561 1.678362 0.125000 6.486214 
78.102332 53.712645 113.146623 55.064442 2.064508 0.125000 14.928551 
94.380895 64.195815 114.400351 64.854421 1.372626 0.125000 3.776944 
23.320715 114.364118 23.948127 125.648734 2.496145 0.125000 4.336995 
162.246017 98.323163 148.841108 93.594824 5.962679 0.125000 11.075185 
129.441826 51.355830 140.108710 44.222097 10.059488 0.125000 1.474241 
