24.414573 72.370093 9.371089 72.073167 5.171699 0.125000 0.704127 
79.741407 78.115725 79.859618 66.853845 5.091565 0.125000 4.341659 
86.689252 56.334921 96.284600 48.638894 4.093439 0.125000 1.036501 
11.904918 49.995418 26.930256 49.270869 3.805855 0.125000 13.631274 
92.892145 46.614893 84.307752 54.299881 1.973819 0.125000 0.820776 
24.636210 28.125870 24.590424 41.875717 1.291618 0.007812 5.056076 
78.969787 65.668012 78.006568 0.608247 5.832151 0.125000 52.772672 
21.746781 43.147729 22.101209 25.654910 2.853987 0.125000 22.991712 
83.112799 44.774093 114.392215 44.325574 2.929872 0.125000 38.786274 
64.312949 43.123034 64.550310 35.630554 2.617487 0.125000 1.970764 
64.603752 69.390172 64.213316 43.108832 2.759675 0.125000 31.791110 
63.706148 35.673085 64.253449 0.603595 5.506530 0.125000 50.219975 
27.155233 50.589750 26.696516 63.209386 5.405362 0.125000 1.355087 
75.540164 0.624637 75.449251 21.874248 1.319511 0.125000 4.680034 
46.867826 70.375161 64.353407 69.873051 2.678369 0.125000 7.653196 
75.367212 23.122777 75.108426 53.131325 1.497877 0.125000 10.529091 
40.649890 61.123095 56.921722 60.309990 3.183118 0.125000 12.806661 
0.499389 78.146568 8.174770 77.361736 2.487032 0.062500 0.966439 
93.903625 77.232504 86.086351 68.861479 3.775205 0.125000 0.149785 
115.967468 45.610770 116.697696 63.184308 4.632416 0.125000 10.912266 
84.194408 0.589210 85.617980 43.125235 2.911683 0.125000 52.565058 
82.660851 62.455037 87.220855 75.930946 3.988674 0.125000 1.269599 
153.129077 87.111032 84.313242 88.299726 7.585236 0.125000 152.471434 
63.487568 73.259422 49.701051 76.869987 6.161128 0.125000 6.790762 
48.143367 82.677903 63.078362 82.336251 6.105428 0.125000 26.567138 
95.659196 79.807268 103.210823 79.209867 2.295057 0.062500 0.465614 
161.864052 82.313388 174.412355 82.144114 4.999545 0.125000 4.503683 
139.209583 80.386434 152.999601 82.641749 3.297326 0.125000 4.067599 
114.665241 63.014078 110.435835 51.947294 2.610434 0.125000 0.883796 
161.869817 2.691517 174.382974 2.541902 2.529711 0.125000 6.102063 
151.856447 0.600145 152.244797 39.371296 3.749812 0.125000 24.163590 
108.784964 54.128924 112.107008 63.038493 2.481358 0.125000 0.820776 
139.796432 20.627431 139.580127 58.126183 2.557641 0.125000 34.410704 
57.588228 59.427303 56.128609 44.447729 2.003309 0.125000 0.218275 
109.631105 51.374186 101.174823 47.049823 2.301827 0.125000 1.067674 
136.876441 60.672367 150.613729 60.254491 2.536850 0.125000 0.426994 
134.628915 73.132638 134.424856 13.124830 3.920004 0.125000 75.831207 
7.446991 14.373424 7.584729 64.376488 2.630833 0.125000 54.992941 
46.875000 65.625000 61.875000 65.625000 1.250000 0.125000 0.164584 
150.724756 66.909183 140.587876 66.077465 3.002715 0.125000 0.883796 
159.977274 35.631536 160.357050 0.635657 3.776908 0.125000 23.170368 
60.618706 63.914738 45.621510 64.119820 1.420801 0.031250 0.255185 
125.322513 68.651845 133.122140 73.129981 2.328820 0.062500 0.966439 
58.214856 46.862296 59.996512 59.463858 1.950414 0.125000 3.776944 
174.376452 19.556910 161.867270 19.656777 2.569774 0.125000 7.389304 
110.473894 28.135333 109.100925 8.058261 2.408893 0.125000 15.860896 
24.452810 79.448902 29.944950 73.666323 1.903750 0.125000 0.164584 
73.125000 85.625000 73.125000 39.375000 1.250000 0.125000 22.741834 
107.636821 39.311457 109.097591 28.088891 1.208713 0.062500 0.465614 
120.669626 79.057232 132.046342 80.654920 2.496695 0.125000 0.883796 
0.625000 84.375000 16.875000 84.375000 1.250000 0.125000 0.164584 
112.767032 11.971513 109.797190 39.420679 2.249203 0.125000 2.319990 
174.366169 68.279611 160.660878 67.496828 2.709766 0.125000 5.096624 
131.021842 74.854051 118.088187 68.196517 1.781817 0.125000 1.970764 
81.871202 103.088629 124.378609 103.221642 3.832122 0.125000 68.090346 
42.583750 90.389555 45.200310 98.266081 2.372516 0.125000 0.164584 
66.841466 103.094409 73.152604 102.929144 2.662752 0.125000 1.067674 
137.324415 18.674658 150.328984 8.041771 3.432581 0.125000 2.835356 
161.856614 61.311165 174.384054 60.902667 1.575246 0.125000 1.697763 
73.125000 36.875000 73.125000 0.625000 1.250000 0.125000 14.614024 
26.875000 21.875000 26.875000 0.625000 1.250000 0.125000 3.776944 
9.329070 102.662787 21.887096 102.325922 2.499101 0.125000 1.034919 
140.656883 101.061322 166.866641 102.088327 4.800396 0.125000 20.153740 
93.859941 42.137817 89.036721 32.685444 5.044701 0.125000 7.917544 
5.756069 46.872286 5.212843 20.633533 1.379099 0.125000 8.292394 
4.930606 8.133094 5.040113 0.616479 1.359121 0.125000 0.164584 
48.112995 102.855880 61.835686 102.243711 1.750122 0.125000 2.510782 
89.715254 9.360568 90.405503 25.634310 1.725616 0.125000 6.102063 
14.375000 44.375000 14.375000 28.125000 1.250000 0.125000 1.067674 
65.082870 133.064472 63.915689 119.414274 2.703900 0.125000 3.403198 
