145.904898 6.556838 167.920444 -0.056009 2.758363 0.125000 12.049956 
170.743737 108.911008 163.041837 110.074485 3.032087 0.125000 1.970764 
123.157702 76.230989 174.402516 78.833124 2.984477 0.125000 72.293038 
174.328918 102.209700 101.826464 92.227526 7.636278 0.125000 133.934168 
59.392032 125.728157 0.392902 135.469243 3.338866 0.125000 84.224725 
119.132138 13.472640 139.036062 8.115670 3.621140 0.125000 7.030996 
128.145256 114.481885 107.923952 118.314151 6.140697 0.125000 18.094855 
95.755569 120.197695 75.472914 123.416725 4.487379 0.125000 9.741766 
174.480963 2.265274 124.436830 15.852728 3.259131 0.125000 68.515920 
158.045664 110.148864 140.613094 113.053547 5.959557 0.125000 13.611144 
74.378390 124.333502 54.409531 122.702282 3.941093 0.125000 8.991506 
106.966838 118.684127 96.629773 120.382010 2.687415 0.125000 4.680034 
0.571433 89.484266 85.560117 85.493300 4.390845 0.125000 104.153857 
143.541493 111.474679 128.632226 114.432090 5.380817 0.125000 19.023505 
111.316653 83.291206 97.710310 77.926831 5.322551 0.125000 15.743835 
138.104108 7.044146 120.562928 4.877542 2.159951 0.125000 4.248691 
101.883706 91.086080 26.863248 92.502645 5.825066 0.125000 133.186015 
24.418020 14.014708 0.413243 11.148469 5.409337 0.125000 30.484120 
125.448376 109.471860 163.024131 103.716450 2.760505 0.125000 20.340508 
122.034902 90.616313 174.482450 97.279196 3.720101 0.125000 73.988131 
101.788697 88.254060 114.310710 87.289974 2.972399 0.125000 2.680153 
113.035795 111.129552 124.421912 109.767022 1.538191 0.062500 1.669734 
174.390876 73.612834 153.124066 73.169847 1.614174 0.125000 6.486214 
139.358335 52.860379 168.151582 51.047088 2.416492 0.125000 22.232338 
168.116228 54.143101 138.111877 55.278089 2.592714 0.125000 18.076861 
116.815935 6.402454 110.682775 39.616488 7.148331 0.125000 58.050682 
85.540186 86.234675 101.652265 88.476095 2.992857 0.125000 1.036501 
125.666040 16.784600 120.319275 88.289077 6.826658 0.125000 125.656125 
133.044519 16.550690 174.531419 6.255317 2.161060 0.125000 25.590640 
65.697564 117.468169 104.328196 112.742401 2.811549 0.125000 25.508236 
174.531877 8.770197 134.468929 18.511307 1.938482 0.125000 31.928121 
53.090377 101.074257 28.046454 99.144197 6.901533 0.125000 46.916889 
61.744518 98.464254 54.219883 99.542301 2.639372 0.125000 1.067674 
56.823756 116.457397 0.652620 123.350085 2.763134 0.125000 39.055691 
131.844026 105.457238 111.833779 109.151740 2.552912 0.125000 1.036501 
91.867648 111.731291 80.583233 112.308605 0.751101 0.031250 0.465614 
150.137349 29.786276 146.982063 36.323331 5.046264 0.125000 1.229414 
28.121163 98.279478 0.617954 98.204349 11.260202 0.125000 64.967499 
89.330222 117.790854 68.125985 120.632352 1.813756 0.125000 9.195484 
23.534245 0.495461 24.437517 12.065297 5.568590 0.125000 25.670416 
108.124602 110.613685 91.938542 111.182653 2.136932 0.062500 2.426959 
103.535978 62.977691 105.739763 50.425684 3.909664 0.125000 11.948253 
134.956419 31.492727 133.663212 37.983178 4.903611 0.125000 2.560371 
99.684901 49.483285 98.821339 61.923338 3.099947 0.125000 8.567595 
167.692726 26.230764 164.708285 34.023939 5.290132 0.125000 4.480242 
109.404907 64.237065 118.279740 66.161332 3.237851 0.125000 1.720471 
53.054708 122.713592 19.431941 128.458270 2.464290 0.125000 10.320792 
30.536699 122.390574 66.862745 118.023070 2.726043 0.125000 18.240388 
79.435489 112.226926 56.955070 116.090850 2.810296 0.125000 9.886491 
124.407038 102.096984 108.083151 102.452278 5.325218 0.125000 9.430952 
117.947982 39.530603 119.470725 16.797682 4.988820 0.125000 26.686389 
31.836871 116.149301 49.354190 115.228921 2.103041 0.062500 1.909151 
0.684408 127.280860 18.175587 124.720597 3.740914 0.125000 4.503683 
104.943326 6.757657 103.826469 13.245750 3.099929 0.125000 1.970764 
50.625278 111.878470 74.422771 109.970976 2.192386 0.125000 10.225862 
170.617321 81.862599 135.626424 81.645502 3.742172 0.125000 21.193621 
159.412349 122.884133 174.438710 125.214127 1.895867 0.125000 2.576231 
106.917713 104.048632 82.017027 100.789781 2.965489 0.125000 13.304151 
174.493161 17.533784 161.948333 19.783854 1.173688 0.062500 0.465614 
109.954867 56.560931 109.060632 62.028038 3.700821 0.125000 1.970764 
78.754844 59.035264 84.937933 47.748609 4.594813 0.125000 11.219093 
145.661900 131.763375 158.048013 135.857888 1.588997 0.062500 2.873854 
174.503238 128.753100 146.888636 123.058871 1.691157 0.125000 9.378608 
158.121107 20.606706 138.224069 24.840576 1.250000 0.125000 2.873854 
174.566352 116.061867 161.886091 113.077868 1.574516 0.062500 0.966439 
90.142065 31.865003 89.734860 0.620310 5.178760 0.125000 56.179956 
104.508367 134.017759 126.713533 142.307510 1.623928 0.125000 5.962107 
82.131563 71.826678 80.226987 61.714532 2.919531 0.062500 0.399485 
72.853570 71.807994 75.033143 62.978893 2.726722 0.031250 1.403925 
