131.876800 18.368738 159.384532 18.165557 3.897620 0.125000 39.662690 
160.229224 17.461108 173.850004 9.341155 4.480513 0.125000 3.699353 
111.633065 44.288105 116.038157 32.023393 2.610618 0.125000 1.720471 
113.497416 65.619117 113.181226 45.604364 3.986471 0.125000 8.524990 
129.631572 43.150246 130.897679 30.282844 9.217513 0.125000 12.999652 
130.746372 29.598809 129.959362 16.838957 6.469002 0.125000 12.320232 
164.202855 13.139095 164.366720 0.608545 2.663238 0.125000 11.904754 
118.812157 18.113334 118.578549 29.384400 1.456951 0.125000 1.697763 
133.378968 0.587116 132.805655 15.660397 3.020798 0.125000 16.442587 
89.246528 0.614968 89.037185 29.381638 2.700054 0.125000 31.772734 
112.845524 22.587827 118.455552 14.949688 2.894781 0.125000 1.697763 
119.761065 14.426336 120.007543 0.569548 6.226781 0.125000 5.049777 
63.161027 59.783406 38.099932 58.710594 5.549290 0.125000 18.573553 
72.589759 0.571130 72.248323 11.886265 3.484382 0.125000 5.096564 
70.697649 13.552487 41.851643 12.541338 3.703908 0.125000 38.356441 
35.820788 60.685194 23.049531 58.583627 4.309127 0.125000 8.084162 
68.872407 8.166830 69.298649 0.550769 2.705639 0.125000 1.970764 
44.383370 9.101661 68.149362 9.829447 3.149262 0.125000 31.456359 
23.495786 28.119288 23.071943 0.606561 3.884336 0.125000 25.337593 
130.747787 68.587833 120.531464 69.320204 6.412760 0.125000 3.699353 
25.571842 16.469603 50.586187 15.666339 4.309741 0.125000 19.027907 
54.384248 40.266600 65.626762 40.556702 2.628145 0.125000 3.776944 
110.626718 69.316233 79.366891 68.402387 6.320384 0.125000 25.678364 
67.397881 43.105169 67.290252 60.619870 4.992224 0.125000 17.301091 
63.176994 4.417713 49.398715 3.824332 2.927950 0.125000 9.642303 
164.641417 48.259917 162.407413 31.973431 2.597371 0.125000 2.249350 
88.108274 31.522250 108.119139 31.313416 3.801973 0.125000 3.307159 
43.281798 0.569767 42.897468 8.176659 2.812187 0.125000 1.653093 
132.314368 56.076444 138.863490 39.176775 3.613450 0.125000 7.405795 
116.723559 101.789244 114.276188 70.437559 10.182682 0.125000 55.810772 
145.890573 29.605937 133.080978 44.336720 2.378574 0.125000 3.274964 
39.592735 10.642326 39.711111 0.614212 2.617862 0.125000 3.776944 
54.320147 21.866125 51.465377 39.510965 7.167982 0.125000 25.447035 
23.526063 56.881125 23.774480 40.615828 1.478920 0.125000 6.102063 
23.662854 60.631216 23.417300 81.878378 1.452151 0.125000 4.680034 
60.521260 87.063173 48.292380 80.321391 2.792828 0.125000 7.697740 
131.894995 118.105340 131.594736 136.890500 7.578951 0.125000 11.442591 
158.616194 19.727842 146.398408 30.061513 2.568854 0.125000 0.923527 
169.617882 9.383285 169.917472 0.600864 1.504968 0.062500 0.465614 
31.828966 91.340837 56.965453 89.174592 3.778684 0.125000 5.080157 
86.688796 91.883106 87.345264 106.963358 10.316717 0.125000 32.143234 
48.272744 79.253505 42.071978 71.713020 2.896443 0.125000 1.653093 
0.398234 95.002585 19.363334 88.092980 3.095536 0.125000 13.717433 
85.103262 0.614887 84.521057 30.652060 2.693322 0.125000 33.578914 
87.617435 106.914099 87.844689 124.394894 12.563940 0.125000 52.722299 
164.017045 139.832176 161.490291 124.036625 10.664248 0.125000 41.849598 
53.145118 71.691491 66.731821 73.181013 6.893888 0.125000 8.929101 
129.044237 98.137882 129.359977 75.607272 7.481748 0.125000 33.725701 
119.067580 122.031327 118.023962 111.634203 7.712185 0.125000 10.320792 
88.901921 124.135505 87.336789 143.564972 10.611467 0.125000 21.068149 
123.805570 75.562094 122.153389 90.517664 2.622139 0.125000 5.946800 
119.268184 137.928747 116.415232 121.310158 6.720376 0.125000 7.167090 
118.587578 111.072257 116.836364 101.882362 9.531283 0.125000 9.430952 
153.134217 67.693277 139.390482 67.399847 1.489849 0.125000 5.583124 
155.202618 122.845607 149.766531 106.742824 11.473751 0.125000 15.001539 
128.679148 108.135860 128.874565 98.164186 3.173264 0.125000 0.820776 
155.732534 127.278041 153.494985 120.935453 5.546904 0.125000 3.508045 
165.854216 97.684808 160.879841 91.414479 4.693950 0.125000 0.664633 
49.376840 93.137994 33.099201 95.442795 2.825797 0.125000 1.198571 
171.429073 119.583983 164.794984 105.428175 1.733289 0.125000 0.050694 
80.608835 108.123018 78.457607 125.665787 2.633557 0.125000 2.742210 
163.214542 91.875267 163.270353 73.125433 1.882430 0.125000 0.820776 
147.054893 111.190894 135.559101 110.541414 6.099031 0.125000 3.662453 
