89.366078 81.816484 0.611681 82.421640 4.914657 0.125000 117.541666 
0.608653 77.976989 49.381217 77.406683 3.055216 0.125000 65.106048 
91.872828 71.728611 74.376680 71.988214 2.703722 0.125000 18.201342 
91.772012 46.709813 74.310718 45.052105 3.670199 0.125000 4.934975 
75.431521 90.594748 98.191784 89.429843 9.347995 0.125000 39.459702 
55.752102 26.134878 68.400902 22.981802 5.456227 0.125000 15.599063 
74.400356 47.910435 90.572227 49.821559 3.509617 0.125000 8.084162 
170.673129 17.277727 130.499967 22.078776 4.558964 0.125000 35.611696 
146.797726 25.040959 172.017776 21.704107 3.809096 0.125000 19.897954 
68.514776 23.613463 79.357660 25.714488 5.898081 0.125000 3.042730 
114.059453 48.402934 95.995618 54.266718 2.794895 0.125000 10.225862 
174.564385 26.097495 129.287113 31.075655 3.740540 0.125000 49.353361 
50.184334 44.379159 50.248592 31.873066 6.256340 0.125000 15.291999 
95.081745 58.931233 116.894286 51.935132 3.997568 0.125000 11.215103 
51.297822 75.768375 49.894938 45.659016 6.677379 0.125000 60.534284 
153.135733 43.197114 130.759330 46.527533 3.525124 0.125000 26.747503 
137.922589 33.348775 170.608744 30.442194 3.873168 0.125000 26.223757 
130.522237 9.609698 161.956287 6.428119 3.746041 0.125000 19.113786 
130.562991 17.432228 163.137668 14.516532 4.422893 0.125000 22.688341 
145.721503 2.363416 134.181095 4.643624 2.709690 0.125000 2.560371 
99.375892 97.373524 61.873775 97.440656 5.017893 0.125000 32.789696 
150.669367 11.014800 130.503788 13.310057 3.897591 0.125000 6.512397 
106.891748 44.437090 94.296623 47.834429 2.413734 0.125000 0.218275 
77.977245 44.554610 73.155451 40.587984 5.449577 0.125000 2.560371 
129.459508 27.212848 145.929681 23.093059 3.637256 0.125000 12.171350 
158.162121 48.273173 168.160887 45.768248 3.336358 0.125000 4.232717 
144.262265 36.440816 123.138149 41.925643 3.268813 0.125000 7.949579 
93.594878 26.805700 94.926716 11.812970 4.980388 0.125000 10.248991 
167.052965 7.478787 151.896008 11.946274 4.089200 0.125000 12.171350 
95.823925 51.186702 115.561814 44.196582 2.847446 0.125000 5.865812 
95.837993 44.940656 113.226035 38.393323 2.780120 0.125000 5.664267 
121.798883 45.282181 160.579831 36.671566 4.341336 0.125000 27.369031 
85.176904 32.561517 92.816141 26.486608 3.713099 0.125000 3.403198 
117.068580 26.074823 129.430841 20.754759 2.790505 0.125000 1.855669 
78.473295 26.802619 80.371655 35.937419 6.580102 0.125000 4.634728 
0.619079 73.949452 48.127275 73.288486 2.621482 0.125000 55.229950 
147.065974 53.785240 156.961210 50.923049 3.443527 0.125000 6.102063 
160.415708 2.229519 146.823863 5.406202 3.730857 0.125000 9.449320 
122.834823 53.483724 99.521204 61.074065 2.902474 0.125000 15.599063 
113.118062 59.324736 128.345557 57.222920 3.714781 0.125000 3.586135 
133.006649 58.777505 146.714033 56.062360 4.407170 0.125000 4.191864 
130.582156 35.350017 137.064313 34.340057 2.310551 0.062500 0.465614 
124.393190 13.909470 115.607761 13.566188 1.493073 0.125000 0.164584 
174.721661 13.979117 169.993240 15.898243 3.944803 0.125000 0.164584 
100.673519 64.533479 113.151986 60.713145 3.488261 0.125000 1.702576 
174.525048 33.341344 152.005036 35.645774 3.094291 0.125000 8.181183 
149.462599 59.746995 160.679314 57.105649 2.719957 0.125000 1.720471 
107.136307 71.149520 98.130508 75.636056 5.032774 0.125000 3.521151 
169.436016 49.647497 159.380395 51.899094 2.439590 0.125000 1.697763 
162.274890 14.072084 174.675302 8.836223 4.427124 0.125000 13.650421 
161.991418 4.651816 172.890747 0.067996 3.090603 0.125000 1.855669 
114.317386 89.291554 114.806263 74.307504 7.577534 0.125000 21.844880 
45.625000 75.625000 0.625000 75.625000 1.250000 0.125000 21.838744 
0.573164 42.674490 46.871674 45.676295 2.217881 0.125000 29.004996 
174.519054 114.910873 119.488943 103.810144 2.708354 0.125000 47.735922 
119.983256 104.768400 110.812656 94.211979 5.426444 0.125000 1.962270 
159.337624 127.080393 121.718547 120.234762 6.935414 0.125000 71.724890 
46.899531 47.783594 0.619023 44.458181 2.053058 0.125000 22.102168 
54.288043 85.522951 63.176416 86.196241 4.116953 0.125000 6.829207 
75.965046 31.819250 61.003171 27.922852 3.893555 0.125000 4.341659 
51.167139 121.897547 50.048377 86.773921 6.764167 0.125000 70.244291 
63.068620 85.355970 70.687138 85.793832 2.854498 0.125000 0.050694 
174.805146 130.679455 162.613159 128.535011 7.386610 0.125000 18.893826 
58.447053 55.569505 57.966357 74.434659 5.412303 0.125000 36.619322 
100.561147 110.862958 84.463951 106.543507 4.829162 0.125000 14.491747 
83.147027 107.159756 54.375802 109.385373 2.396147 0.125000 23.491411 
0.528501 11.263750 23.080318 14.670761 1.351602 0.125000 6.486214 
20.585930 15.952251 0.572720 13.562899 1.593270 0.125000 5.583124 
