94.708593 38.125247 94.675282 83.125222 3.779609 0.125000 69.592867 
133.847999 40.592474 135.426982 75.690144 3.690032 0.125000 66.090153 
130.604116 37.680497 95.595241 36.772834 5.419487 0.125000 26.782775 
111.112449 83.133456 111.871507 39.374939 2.608023 0.125000 34.936281 
135.358361 76.867235 135.427606 85.636429 2.559142 0.125000 0.820776 
131.349627 74.380531 130.981057 39.371252 2.723564 0.125000 38.194039 
167.198387 103.126671 167.728125 0.610031 6.049685 0.125000 207.131262 
131.525842 0.569500 131.891154 39.410118 11.566921 0.125000 151.959622 
151.862687 2.999992 159.534497 2.244367 2.230534 0.125000 0.164584 
164.097835 0.255042 161.454286 11.167452 6.368605 0.125000 5.983381 
152.275482 11.434661 150.241363 3.810366 7.649888 0.125000 9.886491 
96.847469 82.710496 109.375056 83.123301 1.537493 0.062500 1.669734 
99.071124 16.965418 97.402537 34.425415 4.089740 0.125000 4.746480 
133.159706 85.691882 115.601479 85.176825 4.004951 0.125000 14.649975 
114.612576 40.604922 113.967326 73.141705 2.970412 0.125000 34.096097 
114.300788 26.869446 114.958977 18.075153 2.679612 0.125000 3.776944 
93.133955 82.967122 0.613846 82.378654 6.782548 0.125000 189.279341 
153.698017 83.126341 153.655914 61.876425 2.519808 0.125000 11.925485 
109.378686 85.529167 93.056673 84.901340 3.603092 0.125000 8.896623 
149.476598 60.623252 149.067831 36.858783 1.378802 0.125000 4.336995 
25.644893 39.375123 25.884572 0.618875 2.708667 0.125000 41.909364 
9.502247 0.611765 9.119004 33.121982 3.823412 0.125000 23.127803 
115.643568 7.707933 104.360282 7.205599 1.525502 0.125000 0.164584 
168.255580 119.415661 167.797198 106.796099 5.223575 0.125000 8.233892 
0.622703 78.399499 91.887232 79.163138 2.531289 0.125000 108.223433 
84.779015 24.423797 84.300022 40.659666 2.941253 0.125000 8.739380 
94.911253 86.834305 95.111790 95.636692 3.891379 0.125000 7.653196 
95.083473 95.527716 94.470694 106.812319 3.251361 0.125000 1.855669 
6.026887 18.112268 5.552160 3.127308 2.736229 0.125000 12.304394 
61.937824 46.665374 51.748531 47.280665 4.119908 0.125000 5.946800 
89.469747 71.891696 91.681389 59.340883 3.259246 0.125000 6.799042 
94.423168 23.931578 84.458704 24.526643 2.868132 0.125000 5.219043 
111.335798 95.655766 110.834098 86.863069 2.780770 0.125000 2.873854 
50.297689 39.068881 39.094485 35.183933 3.952560 0.125000 3.274964 
0.595153 97.859129 91.878959 99.078636 9.083177 0.125000 216.205643 
30.087798 46.244795 24.864554 40.337010 3.854397 0.125000 0.050694 
63.957522 29.382613 63.820361 44.381359 3.795566 0.125000 12.777654 
172.710227 95.642871 173.860369 41.890735 3.034234 0.125000 45.297232 
44.079148 13.599142 40.953247 3.407719 4.780201 0.125000 2.246834 
135.428845 105.621455 134.977196 130.613293 3.681629 0.125000 20.136217 
116.896141 82.403290 128.136496 82.732560 1.505673 0.125000 1.970764 
138.118599 85.002262 150.630052 85.129936 1.377485 0.125000 1.067674 
117.871908 20.608355 117.047976 33.136376 1.821527 0.125000 4.680034 
122.291288 34.371267 122.100766 13.122976 1.373234 0.125000 4.680034 
96.864567 97.303116 108.138334 97.577864 2.529712 0.125000 1.653093 
35.434844 4.338304 33.717166 13.239274 3.165264 0.125000 3.456020 
93.765075 109.402077 94.376753 123.180415 7.769811 0.125000 26.964370 
174.375000 0.625000 174.375000 35.625000 1.250000 0.125000 13.710934 
88.967387 17.959848 85.570935 0.635599 1.948109 0.125000 0.426994 
93.907423 35.641542 94.119866 25.593178 3.907692 0.125000 2.249350 
116.861633 97.859483 124.405443 97.479708 2.622535 0.125000 1.067674 
152.911565 59.357611 153.830326 48.080624 1.448880 0.031250 1.681407 
168.933085 140.716982 167.837923 120.572650 5.060484 0.125000 10.250524 
73.125752 18.120871 86.874923 20.625424 2.125819 0.125000 1.653093 
138.107343 97.387660 149.387015 97.776146 1.550441 0.125000 1.970764 
85.894503 126.928076 82.720399 143.045319 1.728284 0.125000 2.576231 
