59.899819 0.602274 60.012891 21.871609 7.519830 0.125000 43.681483 
88.076690 127.644332 103.134742 127.224003 3.853176 0.125000 13.650421 
157.670468 114.378287 157.853265 0.626572 6.282132 0.125000 165.985162 
126.301421 0.613743 124.363566 99.350242 2.402596 0.125000 101.237897 
45.816252 86.878667 47.470254 0.612446 2.739162 0.125000 84.918182 
67.539670 18.165677 69.027349 39.572895 4.727994 0.125000 16.958752 
92.281106 0.604997 92.101435 19.412986 6.237774 0.125000 55.480163 
130.538434 72.908576 149.365750 74.485441 3.012914 0.125000 12.049956 
69.318805 126.949761 79.355627 126.469841 7.730248 0.125000 6.512397 
117.018227 21.874704 117.023910 0.624037 7.500334 0.125000 59.549206 
85.790054 74.378147 86.243129 50.612954 2.785464 0.125000 22.099308 
103.739559 0.605881 103.174789 19.376498 1.700550 0.125000 7.389304 
163.125876 70.529289 174.386373 70.632347 2.557094 0.125000 0.426994 
137.378745 33.120250 137.585595 0.621567 1.377269 0.125000 3.770729 
86.486986 40.628511 86.649942 0.624083 2.647641 0.125000 48.028354 
105.158982 20.663722 113.790387 23.784943 6.402323 0.125000 4.824161 
167.036789 4.075515 174.576946 1.144517 5.372479 0.125000 3.508045 
149.384824 77.249893 130.623156 77.039276 3.819921 0.125000 11.314525 
110.610918 127.173893 135.631579 127.401375 2.590811 0.125000 20.844003 
161.514457 22.453554 174.863850 15.285395 4.567939 0.125000 3.699353 
103.728354 23.140611 102.434669 73.139481 2.919480 0.125000 47.641923 
114.378337 104.648083 95.611475 104.583970 10.008482 0.125000 27.115076 
81.424116 40.694197 79.304929 26.885754 5.608818 0.125000 9.277472 
79.335512 127.674723 86.889499 127.499288 3.865079 0.125000 4.232717 
99.747895 70.633836 100.873496 23.130888 3.008674 0.125000 49.322494 
80.630244 5.667720 72.939246 6.611888 4.331298 0.125000 1.034919 
100.886989 19.383033 101.462505 0.612353 1.785717 0.125000 14.614024 
80.824979 22.034133 79.780198 6.933450 4.642962 0.125000 21.367748 
60.182697 21.866175 59.758400 43.132649 1.648701 0.125000 9.449320 
0.467374 52.572121 44.509430 62.530464 2.597612 0.125000 40.871437 
120.497220 107.235605 111.018070 99.126739 5.149967 0.125000 8.717065 
70.646695 46.577664 84.414602 47.582243 4.012951 0.125000 7.274493 
104.360968 72.234614 123.131165 72.967013 1.833893 0.125000 13.710934 
69.351911 89.168294 64.087241 121.593063 12.907582 0.125000 85.007619 
35.627583 127.707353 70.633976 127.923898 2.693256 0.125000 30.047395 
161.998594 26.878270 161.534994 44.399078 1.414879 0.125000 1.970764 
82.513133 120.524383 84.470047 84.312585 10.457598 0.125000 47.904131 
134.758016 25.673888 135.390377 36.888230 2.636783 0.125000 0.050694 
121.885533 76.028149 88.109663 75.608043 5.155077 0.125000 57.210064 
133.133383 123.417500 145.658919 123.058525 3.927509 0.125000 1.486207 
163.018133 46.335428 174.451299 45.652680 2.342083 0.125000 0.050694 
117.460275 120.764939 117.018589 106.830826 10.074186 0.125000 57.384155 
122.175933 71.851363 123.264876 28.128484 3.157514 0.125000 35.569547 
123.832778 25.611467 124.456336 0.627030 1.561487 0.125000 6.985969 
93.384389 116.888651 92.990771 124.367936 4.433784 0.125000 0.050694 
40.620248 59.395399 0.469448 50.042786 2.185547 0.125000 26.401579 
94.685697 107.575220 91.878547 118.753693 8.497377 0.125000 27.410457 
123.225183 140.125485 95.544209 141.511730 5.806513 0.125000 32.906240 
161.404391 51.898558 162.278209 69.354816 4.182767 0.125000 8.959915 
83.161237 76.312674 70.630164 76.972992 5.190403 0.125000 8.959915 
89.546557 39.377233 89.139641 70.638207 2.776370 0.125000 38.586184 
24.546313 124.496870 36.854382 122.959890 3.566207 0.125000 0.434640 
69.509494 50.626883 69.194259 73.139972 2.727270 0.125000 14.294847 
174.380640 77.638052 160.618008 77.478648 3.720794 0.125000 9.378608 
103.131607 134.940208 39.375708 135.685537 2.762844 0.125000 41.939534 
94.372739 139.163152 16.868226 139.990172 1.449991 0.125000 45.675279 
36.633868 25.625762 36.554807 0.618109 3.769740 0.125000 23.400890 
94.386670 142.081924 69.375816 141.802097 1.319844 0.125000 6.486214 
43.191703 0.559195 41.635085 58.118512 5.369888 0.125000 104.407612 
68.125409 137.021733 143.124827 136.812929 1.281316 0.125000 42.609814 
174.375000 139.375000 136.875000 139.375000 1.250000 0.125000 16.420204 
84.388233 49.978627 70.618413 49.696713 1.505602 0.125000 2.873854 
171.874573 135.643722 123.092929 134.531032 2.755891 0.125000 19.562707 
53.825013 68.077223 54.855622 83.177511 5.243742 0.125000 2.012408 
143.102738 127.549654 158.128608 126.968248 1.587382 0.125000 3.776944 
121.875281 134.921132 104.374643 134.930125 2.507708 0.125000 11.184171 
41.875000 138.125000 56.875000 138.125000 1.250000 0.125000 0.164584 
136.703359 70.622449 137.223776 35.611604 1.250000 0.125000 10.310893 
38.141536 136.134708 8.132567 137.108241 1.573586 0.125000 15.517114 
132.340974 43.120461 132.609087 70.642203 2.560765 0.125000 23.245778 
0.615843 123.955694 23.132403 123.463993 1.659054 0.125000 17.323294 
54.943785 21.853393 54.586060 33.131694 1.526765 0.125000 0.164584 
54.783507 38.142320 53.831236 60.601945 2.338901 0.125000 5.664267 
