44.023853 69.345715 45.887366 47.001130 5.916713 0.125000 21.040153 
53.203625 44.363222 57.708815 74.437346 3.953910 0.125000 16.741949 
61.617302 59.397579 61.902870 46.847192 5.254620 0.125000 5.868963 
63.059177 24.518743 89.427467 25.764045 5.289275 0.125000 33.076012 
90.532660 24.270504 98.465566 17.260398 3.855692 0.125000 0.149785 
62.658071 45.628482 62.518130 26.860884 10.083606 0.125000 22.258512 
61.715603 25.694412 61.034016 11.854856 2.496974 0.125000 7.870688 
45.641035 42.396444 47.324131 38.309984 4.419498 0.125000 0.164584 
95.635956 18.131063 95.720160 0.619447 2.578108 0.125000 17.641629 
45.587931 75.733328 45.869538 69.330776 5.214876 0.125000 4.248691 
15.453015 0.624584 15.443142 34.375312 2.508775 0.125000 38.997454 
93.463699 35.876868 83.917380 48.714241 3.266317 0.125000 0.218016 
115.605943 9.737530 123.134437 9.826504 3.823597 0.125000 4.336995 
102.627898 14.386921 114.477117 9.629332 4.182976 0.125000 6.467797 
53.177472 78.656261 28.107541 78.361888 6.425688 0.125000 18.467593 
123.996708 10.371242 134.810718 14.477524 3.830999 0.125000 13.710934 
64.602137 0.604084 64.166743 21.896302 2.933917 0.125000 31.928121 
136.769732 17.065487 174.433980 19.817926 6.113479 0.125000 47.187833 
69.459039 77.377219 60.567026 77.003166 3.797014 0.031250 3.699960 
98.214163 57.058902 96.190564 44.285402 4.486162 0.125000 0.532358 
85.603903 28.102422 70.736850 41.994698 2.620187 0.125000 3.782874 
94.517728 45.749530 84.003216 57.800620 4.829543 0.125000 2.965374 
65.003785 60.391141 70.570323 45.604416 3.660891 0.125000 4.341659 
128.530909 22.760361 116.767381 19.803090 3.621357 0.125000 0.434640 
51.145521 120.542008 44.545744 79.148477 8.998249 0.125000 69.365479 
71.109156 41.440889 63.386605 55.064738 2.465636 0.125000 1.454630 
165.630801 24.237209 134.331028 22.919403 3.431190 0.125000 16.282393 
56.346919 79.317364 53.755856 103.057425 3.863486 0.125000 18.893826 
91.877442 76.780911 70.609326 76.228972 1.671149 0.125000 10.098574 
51.622484 19.341468 50.991480 0.570660 5.585130 0.125000 11.522001 
174.382892 81.334169 95.614826 82.210743 3.056238 0.125000 106.604041 
94.081822 64.377174 94.174500 76.876487 1.324110 0.031250 0.983154 
96.821032 79.376615 96.035053 53.112729 1.922480 0.125000 12.777654 
10.198385 0.624546 10.161125 35.625837 1.287258 0.125000 13.710934 
61.006491 119.409344 61.639400 89.343727 5.077816 0.125000 55.278663 
14.893419 119.083690 13.735388 131.930023 9.735163 0.125000 38.407971 
65.458852 123.110430 63.680185 143.392924 6.379333 0.125000 29.907754 
100.849265 13.127835 101.007440 0.614034 1.392089 0.031250 2.447038 
50.529659 143.162825 49.964831 123.073272 5.560113 0.125000 33.256839 
13.691371 109.584717 16.574796 118.984019 7.168466 0.125000 0.935925 
15.518421 65.712659 42.097663 67.830374 9.318037 0.125000 31.548400 
97.172209 144.667186 86.776695 129.818692 13.927117 0.125000 14.119495 
85.876691 127.980067 79.226044 116.430573 7.911287 0.125000 25.337593 
96.830564 103.126402 96.476046 91.887585 2.656399 0.125000 5.583124 
90.536306 93.328391 76.565967 86.264135 7.294932 0.125000 21.844880 
4.737311 23.110855 5.228401 35.689287 2.498097 0.125000 6.102063 
