46.866212 115.839304 126.871058 115.160443 4.195325 0.125000 103.992838 
69.140235 8.144679 68.498501 0.488912 2.804503 0.125000 0.164584 
61.663763 0.571047 61.264438 20.637725 7.548255 0.125000 47.809920 
49.637540 61.851462 51.097439 0.606465 3.063815 0.125000 52.759500 
68.390839 24.346346 70.550521 44.383028 7.054937 0.125000 21.123006 
92.341061 0.595939 92.054338 20.663283 5.267363 0.125000 36.718847 
104.242984 21.185794 112.464418 23.121193 6.012687 0.125000 8.614963 
156.404632 105.627263 156.709436 0.628148 6.304403 0.125000 147.094692 
125.922745 0.604296 123.857049 95.613739 3.151515 0.125000 86.446851 
116.628506 19.406168 116.888982 0.573327 7.499283 0.125000 45.231668 
86.777540 40.624816 86.853049 0.622599 2.575500 0.125000 44.364386 
103.692077 0.604670 103.133292 19.375247 1.658592 0.125000 5.583124 
138.162148 125.437559 71.862081 127.755487 6.726606 0.125000 128.022230 
165.948151 4.682965 174.552511 1.044821 5.578861 0.125000 4.658263 
86.019695 73.129805 86.293776 50.617924 2.636773 0.125000 22.741834 
160.449055 22.804738 174.703790 14.973475 4.213137 0.125000 6.907656 
158.720913 7.567184 162.828644 4.030768 3.789208 0.125000 1.067674 
61.583590 20.616233 61.131604 35.640241 1.625318 0.125000 6.102063 
103.649218 23.139467 102.303966 71.886838 3.085249 0.125000 51.871699 
99.645955 70.631367 100.762190 23.128224 2.868028 0.125000 42.593508 
148.137810 76.189298 129.340744 76.616018 2.839789 0.125000 12.058439 
80.661805 5.927104 72.971377 6.864011 4.327145 0.125000 4.248691 
100.871150 19.382189 101.419353 0.611693 1.760347 0.125000 12.807844 
166.903748 36.945591 174.646749 33.792284 1.536822 0.007812 1.104641 
73.431952 128.554964 52.913928 126.657980 7.604386 0.125000 6.701580 
81.230802 39.458733 79.911060 29.305323 4.636051 0.125000 2.246834 
81.039876 21.981027 80.275879 6.956314 3.935600 0.125000 19.423771 
104.715520 101.083923 94.377633 99.359217 10.480769 0.125000 3.700706 
71.815314 46.141525 84.435682 47.599856 4.442649 0.125000 6.905508 
133.529634 24.322526 135.005770 35.705303 2.318484 0.125000 3.456020 
0.408821 51.559594 48.240988 62.623556 2.609272 0.125000 40.079665 
93.792229 101.669131 92.481998 113.333591 7.732190 0.125000 7.833110 
114.220256 98.639460 103.636776 100.866036 9.591936 0.125000 7.799532 
70.477527 87.135067 64.709401 111.588439 11.660863 0.125000 71.883654 
80.054275 28.271911 81.254903 22.720543 3.929494 0.125000 2.873854 
121.876213 75.362554 88.121157 75.206566 3.807724 0.125000 45.158486 
121.723541 70.661783 124.068979 0.614753 2.665925 0.125000 55.205298 
82.531629 110.479701 84.693579 83.051583 10.460196 0.125000 23.840324 
135.622684 68.124937 137.017678 16.844877 2.431092 0.125000 21.375938 
104.403382 71.458634 121.907255 72.651821 2.409200 0.125000 6.799042 
159.492054 51.863565 161.185476 69.198134 5.097845 0.125000 7.884217 
161.724585 45.743959 174.410853 44.942541 1.707437 0.125000 1.067674 
44.354819 59.460112 0.408070 49.039891 2.144163 0.125000 28.961490 
89.716301 39.379780 89.295991 69.391400 2.744817 0.125000 42.609814 
47.838777 0.558200 45.229974 60.553469 4.723765 0.125000 86.283214 
83.237434 75.324564 71.705095 76.690056 5.406255 0.125000 3.042730 
160.813213 26.882447 160.119936 44.404474 1.446698 0.062500 2.108726 
41.061049 25.628516 41.262810 0.609982 3.840600 0.125000 30.685185 
134.320602 114.630483 149.372351 114.265686 6.429883 0.125000 14.393573 
174.403646 76.898405 159.353469 76.546923 2.791163 0.125000 7.689797 
48.108435 124.842076 0.603254 125.847191 1.997050 0.125000 28.975529 
70.068674 50.611776 69.533454 73.128766 2.528998 0.125000 16.275264 
151.872372 120.402945 23.125613 121.926812 2.403857 0.125000 65.332566 
10.624109 116.037929 39.376673 116.099981 2.548552 0.125000 29.245104 
84.395212 49.872801 71.870667 49.536251 1.585318 0.062500 1.669734 
150.602024 115.208420 161.886639 114.586037 1.661124 0.125000 1.067674 
117.472874 143.592917 115.971808 129.471003 11.319103 0.125000 40.054367 
56.384270 60.617661 56.589884 81.889838 3.858561 0.125000 12.054691 
80.164434 143.182443 80.484024 131.835822 5.244374 0.125000 4.634728 
126.875000 70.625000 126.875000 55.625000 1.250000 0.125000 0.164584 
150.625000 124.375000 139.375000 124.375000 1.250000 0.062500 0.465614 
131.489454 43.097017 132.340911 69.400381 3.145765 0.125000 32.663791 
56.487419 21.873066 56.312743 56.872194 1.424663 0.125000 12.933632 
