91.998892 65.630085 92.720114 48.057081 6.398519 0.125000 17.617317 
72.578640 48.121851 72.679387 70.632589 3.749962 0.125000 20.801514 
94.372613 46.302819 114.377479 46.219369 3.749967 0.125000 12.105041 
72.546691 23.117992 72.243420 48.144612 3.840603 0.125000 23.896917 
114.514763 73.024040 78.136838 69.260571 6.388407 0.125000 37.922569 
116.874462 48.116760 116.594392 90.623151 2.664664 0.125000 27.099318 
89.397287 21.378517 74.373458 21.822872 2.794545 0.125000 7.653196 
72.823731 70.471721 70.683629 109.583399 9.935592 0.125000 70.186567 
14.321900 0.603257 13.445104 53.151198 4.375103 0.125000 123.661442 
93.506422 101.922823 91.844525 71.739030 5.828228 0.125000 35.325163 
80.706299 46.867510 80.239006 41.795399 2.948164 0.062500 0.616176 
110.955494 43.284246 109.749010 26.847547 3.648432 0.125000 16.200067 
106.941191 19.725785 96.859557 19.959864 5.056683 0.125000 8.739380 
140.644585 74.223471 130.491079 72.911169 2.158927 0.125000 1.067674 
104.335020 50.860339 114.467309 52.581625 2.069753 0.125000 1.970764 
98.438560 44.376519 98.511203 29.376870 1.322629 0.125000 0.164584 
89.435903 77.533453 75.618337 77.076480 2.498634 0.125000 5.962107 
114.469385 50.040406 105.548300 48.600055 2.069562 0.125000 1.067674 
70.813047 110.184112 72.341592 119.503493 9.039265 0.125000 9.867370 
10.614082 72.475232 34.363255 72.615370 5.103175 0.125000 33.415100 
96.224211 30.626661 96.186088 44.376556 2.534648 0.125000 1.855669 
108.271387 125.638051 110.853835 96.672512 4.980246 0.125000 29.047787 
33.230044 79.933451 13.220985 78.850894 6.578525 0.125000 24.927418 
153.477298 75.715025 155.729423 66.901684 4.252204 0.125000 2.680153 
7.646145 57.030790 4.442977 72.886203 7.091554 0.125000 26.686389 
74.381027 65.513159 81.926478 65.919806 5.058212 0.125000 0.149785 
85.990968 121.819122 87.338743 100.496292 10.058936 0.125000 26.044478 
6.419237 74.348701 6.792713 85.627725 2.705470 0.125000 5.583124 
105.757707 95.743549 104.481036 110.634091 3.736293 0.125000 2.835356 
118.595752 45.617328 118.817245 23.119509 1.459137 0.125000 14.971112 
128.049645 70.361281 139.329304 71.223088 1.921373 0.125000 0.164584 
84.948972 89.528040 87.293088 80.736476 2.415608 0.062500 0.293299 
6.404391 90.570242 7.727537 109.402925 3.107098 0.125000 13.650421 
148.125000 0.625000 148.125000 21.875000 1.250000 0.125000 4.680034 
145.625000 50.625000 145.625000 30.625000 1.250000 0.125000 3.776944 
48.125000 15.625000 48.125000 0.625000 1.250000 0.031250 6.486214 
