33.006793 71.884928 33.292041 39.365501 2.763042 0.125000 52.804244 
65.885032 39.370345 65.802747 56.869958 2.576381 0.125000 12.304394 
63.146586 73.270219 34.383144 72.708213 3.895798 0.125000 45.248766 
49.371306 38.492399 64.382356 38.643322 1.400741 0.125000 0.164584 
35.569566 37.986754 46.916011 38.552507 2.683647 0.125000 8.292394 
64.391513 36.552866 48.120193 35.718766 3.136656 0.125000 7.689797 
62.637744 58.119939 62.729092 71.885922 3.824569 0.125000 16.442587 
35.569769 1.141962 63.683700 4.145612 9.762825 0.125000 84.287293 
29.414374 39.330830 0.614971 38.454623 2.384805 0.125000 26.142933 
34.309946 34.375402 34.109140 1.868921 5.162059 0.125000 30.712647 
0.607766 36.345460 30.620494 37.063385 2.110685 0.125000 19.423771 
66.128616 4.374556 66.110046 35.624545 3.759656 0.125000 22.098620 
31.421510 0.613160 30.899698 20.599536 3.813971 0.125000 15.743835 
29.745808 21.818928 31.464842 33.187022 3.032583 0.125000 0.426994 
14.519713 33.757288 6.224959 31.814055 6.008676 0.125000 0.614840 
43.035859 21.873425 42.903036 29.393158 4.440447 0.062500 2.426959 
15.610675 1.298490 29.407607 1.591942 3.802313 0.125000 6.677210 
68.109398 58.214837 174.388654 59.452437 2.570790 0.125000 105.272579 
34.356254 77.977774 60.624505 78.187074 6.389234 0.125000 78.111125 
33.476919 116.869564 32.897464 79.359205 2.963082 0.125000 44.232567 
0.625000 44.375000 21.875000 44.375000 1.250000 0.125000 4.680034 
62.386960 86.869088 62.646933 109.380521 1.480871 0.125000 16.751076 
68.125000 51.875000 68.125000 4.375000 1.250000 0.125000 23.644924 
0.620893 75.795145 28.135035 76.459270 1.762410 0.125000 23.644924 
174.375453 56.766429 110.626564 56.500332 1.474347 0.125000 34.482004 
98.122481 55.765159 68.132166 55.226221 1.384554 0.125000 10.098574 
80.627511 85.404620 104.374428 85.675235 1.321138 0.125000 4.680034 
144.375000 86.875000 119.375000 86.875000 1.250000 0.125000 7.389304 
28.124978 71.878602 8.125724 71.756479 1.288141 0.125000 1.697763 
111.873193 85.508916 143.115625 85.022658 1.541638 0.125000 10.225809 
