113.686436 7.956319 116.752618 18.161769 3.951082 0.125000 4.480242 
103.102294 78.231092 64.003051 69.862879 3.842847 0.125000 53.574076 
90.797931 14.399915 88.780950 28.399597 3.711676 0.125000 2.089640 
82.372945 36.758874 85.884087 51.814578 5.721023 0.125000 9.741766 
106.453960 6.024689 115.567407 8.350656 6.055874 0.125000 2.402083 
95.082800 -0.551317 102.701768 12.129293 4.934140 0.125000 8.442135 
121.831131 24.514609 98.135730 17.068860 9.438782 0.125000 44.052579 
91.738256 10.978705 84.372634 8.131121 2.884781 0.062500 2.108726 
121.004703 10.620794 120.921476 3.107868 3.791310 0.125000 3.456020 
116.676552 34.169470 114.168351 51.845677 1.409135 0.125000 1.697763 
43.715281 75.826617 41.941258 92.019206 4.544490 0.125000 21.306669 
127.060695 35.601315 124.490495 15.450831 5.592443 0.125000 14.147607 
49.112301 17.767393 81.729547 27.369107 3.950362 0.125000 34.917623 
45.544236 95.539130 15.578194 97.350807 4.161110 0.125000 29.723827 
79.518805 6.512788 71.753914 3.429988 2.205360 0.125000 0.164584 
16.627300 6.716081 17.862149 24.217150 4.635683 0.125000 10.792579 
78.360083 21.144188 49.390909 11.825544 3.228695 0.125000 37.034701 
63.385059 69.916494 47.983784 72.152188 3.531532 0.125000 19.423771 
118.380860 53.131791 118.680133 41.856556 1.940013 0.125000 0.797908 
83.949245 7.735255 80.440131 5.998536 3.856211 0.062500 0.465614 
137.187487 93.267400 127.775968 90.612132 6.694012 0.125000 2.651501 
45.406345 36.612747 48.511955 19.220889 3.252141 0.125000 6.905508 
116.906288 94.495967 89.365447 94.824739 4.999644 0.125000 27.251141 
139.241349 81.932853 131.222297 63.407536 3.629947 0.125000 9.479218 
111.654267 56.812309 112.228681 31.883149 4.296103 0.125000 0.372581 
14.367453 98.181130 0.366360 96.298537 5.121981 0.125000 3.662453 
75.718804 81.984345 67.692030 88.870298 3.255554 0.125000 1.034919 
77.544065 49.469586 80.043057 31.792730 4.075904 0.125000 14.928551 
156.902277 93.891273 143.080798 94.383281 2.809697 0.125000 0.923527 
16.728445 95.463517 21.399768 91.224034 4.457022 0.125000 0.050694 
83.151306 93.280777 96.930542 90.953908 2.689515 0.125000 4.248691 
170.387028 42.108320 161.814132 44.114955 2.434207 0.125000 0.164584 
170.648753 21.044540 149.380400 20.436212 1.285228 0.125000 2.576231 
168.110134 30.179683 139.350456 31.139787 2.915672 0.125000 7.167980 
11.671863 2.494260 0.384860 6.129367 3.146020 0.125000 0.426994 
138.977495 69.891184 155.078119 88.595748 3.789453 0.125000 11.215103 
154.451817 24.743038 130.443233 29.754142 2.595942 0.125000 3.770729 
166.913042 1.244954 155.628706 0.563616 1.775084 0.125000 0.164584 
143.931572 45.642635 144.876579 69.404764 4.243763 0.125000 15.157967 
174.536926 94.226714 160.683201 92.622411 5.058167 0.125000 13.137834 
141.842074 28.662403 166.846449 27.507075 2.266557 0.125000 6.677210 
84.436525 81.727053 95.357365 86.268574 3.748276 0.125000 2.486513 
117.577815 62.637220 111.085062 68.623949 3.461009 0.125000 0.050694 
64.505185 2.650001 48.159610 1.416407 6.420416 0.125000 17.893882 
149.350878 18.359932 163.122806 18.032655 1.309040 0.062500 1.669734 
132.920406 17.099566 154.316277 12.830677 2.457570 0.125000 5.091660 
153.140211 5.700532 132.952038 9.766142 2.467777 0.125000 4.304398 
154.255123 15.099878 130.325414 20.562663 2.927204 0.125000 7.190052 
16.685388 24.372539 16.084919 70.630970 4.009278 0.125000 31.046251 
127.855493 14.789115 149.294911 7.876602 2.457279 0.125000 3.586135 
153.104953 10.521769 134.100660 14.212292 2.763687 0.125000 4.557628 
129.221680 23.859354 148.156066 18.229483 2.298844 0.125000 3.274964 
133.510491 61.890375 134.410404 39.326558 2.996156 0.125000 11.688648 
143.020576 1.636080 126.624657 8.802223 2.503044 0.125000 1.198571 
90.737000 30.277936 102.788701 34.167115 5.180177 0.125000 14.553849 
163.077091 88.555860 174.464284 89.822043 3.313531 0.125000 4.248691 
141.776673 4.891470 151.929361 3.530534 3.218536 0.062500 0.399485 
148.129773 20.640823 129.215509 26.346268 2.373758 0.125000 1.967896 
136.799492 35.282645 145.669406 33.326340 2.441326 0.125000 1.067674 
146.796690 37.185711 158.279519 36.228365 4.152453 0.125000 2.246834 
126.714015 11.542484 140.304406 4.962810 1.812513 0.125000 0.883796 
68.242447 77.787114 76.436876 80.635447 2.437418 0.125000 0.164584 
147.337632 86.807897 140.120972 82.004294 3.121686 0.125000 0.797908 
135.362185 0.100358 126.865768 4.356570 1.679577 0.062500 1.669734 
63.254722 72.927043 69.346263 76.918853 3.821669 0.125000 1.653093 
68.041058 80.943447 54.260121 77.310812 3.626136 0.125000 5.091660 
45.445574 81.068552 58.068749 82.405935 4.708780 0.125000 2.720074 
113.517014 84.063199 105.280896 81.995923 3.642032 0.125000 5.219043 
131.030637 46.711942 128.568678 59.460680 3.681973 0.125000 2.246834 
34.950618 33.216542 33.239316 20.609483 3.317956 0.125000 0.434640 
109.615418 31.132491 91.944368 25.410764 1.959328 0.125000 5.962107 
23.154943 23.122130 22.182397 12.975722 1.863594 0.125000 1.067674 
174.435853 50.932435 158.113091 51.570206 3.747141 0.125000 1.939155 
98.090061 60.535419 112.378974 54.962274 10.737123 0.125000 37.560988 
33.109975 80.606449 43.428374 72.249582 2.104473 0.125000 0.050694 
92.105436 45.748057 109.330073 42.857299 5.336238 0.125000 27.273964 
