88.402939 55.669633 87.713013 40.643917 2.726709 0.125000 2.486513 
92.213491 46.867420 92.452465 18.129802 1.489026 0.125000 6.848509 
43.545016 20.639208 42.318787 56.890012 3.536563 0.125000 28.898661 
81.908911 21.911461 69.384663 22.241596 2.762637 0.125000 6.985969 
62.407774 24.410301 63.764047 51.966593 12.096677 0.125000 66.453962 
49.207113 55.622226 49.454925 40.626321 1.291137 0.125000 0.164584 
91.249760 54.365866 90.957370 74.379856 2.664070 0.125000 14.686571 
56.392415 39.396871 56.713788 28.120406 1.534371 0.015625 3.686185 
81.888288 29.893626 68.120122 29.643473 1.476868 0.062500 2.873854 
130.348075 84.376386 130.285501 71.876700 2.518741 0.125000 1.720471 
47.196250 39.578301 45.891929 25.600093 3.966049 0.125000 4.824161 
159.537942 0.594047 157.793295 61.865555 3.392699 0.125000 83.347913 
76.885203 72.504152 61.868716 72.257381 1.393435 0.125000 0.820776 
69.373368 26.927600 80.651294 27.277492 2.731370 0.125000 2.510782 
87.692545 120.630142 87.201249 79.311668 13.882786 0.125000 103.904838 
145.050959 61.872713 145.294995 0.623685 6.294774 0.125000 111.316136 
156.875869 70.635723 136.805067 72.261828 3.636810 0.125000 18.759376 
160.929934 89.384897 163.812682 0.566178 4.242305 0.125000 108.529046 
38.906582 78.120420 39.199899 48.123288 2.634324 0.125000 23.963988 
81.879294 80.307214 69.381576 80.138341 2.499772 0.125000 0.050694 
124.371043 60.431735 134.392434 60.226577 2.627400 0.125000 3.776944 
131.848124 77.846707 156.975921 75.420013 5.577638 0.125000 27.251141 
135.632747 67.669029 155.626976 68.008716 2.648274 0.125000 5.468486 
0.601247 76.663870 13.222755 75.243903 2.624075 0.125000 8.292394 
64.864820 81.872949 64.888832 116.877220 12.521434 0.125000 125.068217 
50.964504 18.105573 50.484075 40.621993 1.303046 0.125000 4.680034 
151.047051 31.872879 151.134977 49.372438 1.319070 0.125000 1.970764 
155.626391 81.879342 131.875025 81.852818 5.011164 0.125000 15.783929 
13.156061 78.596853 0.546134 79.426947 3.151465 0.125000 11.904754 
102.576454 31.912520 101.439498 53.168566 2.362901 0.125000 13.809694 
112.383040 79.472435 114.784018 66.953444 3.211994 0.062500 0.865101 
104.132786 0.611341 102.372103 31.832541 1.932990 0.125000 21.725979 
104.202903 51.870140 105.015111 23.107778 1.602343 0.125000 8.509122 
148.193269 6.938729 154.221161 0.481392 2.680468 0.125000 0.820776 
102.408846 51.876239 102.443447 71.876179 1.282437 0.125000 0.820776 
43.910103 81.886411 43.673706 98.151143 5.181132 0.125000 14.141600 
14.226255 56.881598 14.948144 73.155025 1.470354 0.125000 2.873854 
39.375000 43.125000 39.375000 29.375000 1.250000 0.062500 0.616176 
174.670101 96.891013 165.749008 95.831175 4.965085 0.125000 10.310893 
155.858321 46.824483 152.644118 31.979117 2.178874 0.125000 1.720471 
18.083380 0.625080 18.208748 65.627249 1.250000 0.125000 32.822801 
