134.210940 24.616843 136.716104 13.367993 7.459162 0.125000 8.282591 
147.447246 8.686808 153.168562 15.588890 4.153258 0.125000 0.664633 
131.121172 66.471721 143.781076 42.807265 4.998399 0.125000 16.116058 
147.955826 35.573101 142.861881 52.177754 3.313685 0.125000 6.119189 
143.779011 41.925782 142.924085 31.892119 5.088071 0.125000 0.218016 
151.823637 23.098882 147.261180 32.071370 3.342668 0.125000 1.034919 
157.888457 29.393229 155.656404 0.429918 6.807800 0.125000 50.248771 
117.967893 29.374386 117.787054 75.628566 3.803729 0.125000 37.000915 
141.303474 52.830371 134.900274 65.251394 2.256581 0.125000 1.720471 
40.619382 6.928233 0.538145 2.697934 3.666993 0.125000 64.331971 
153.565174 74.188719 156.156011 28.154886 7.223489 0.125000 60.114232 
113.385879 86.844519 112.225803 29.342704 4.671212 0.125000 115.634603 
55.715342 16.036967 53.624562 22.048738 5.474394 0.125000 0.426994 
55.269136 25.629767 55.553959 46.892696 6.282925 0.125000 10.013559 
67.721571 0.547231 67.246738 10.642485 1.930968 0.125000 0.797908 
173.467793 38.256535 170.220334 46.719723 3.501100 0.125000 1.720471 
48.813077 1.799719 54.828409 4.677133 5.049919 0.125000 1.720471 
127.898747 0.592359 128.498493 19.402946 2.936904 0.125000 17.918538 
21.975854 0.604093 48.357305 2.697609 5.379865 0.125000 28.914605 
141.906072 40.162923 120.617712 39.776568 5.294044 0.125000 9.526297 
132.596004 76.851599 133.150313 64.320825 2.331835 0.125000 1.653093 
133.249946 80.974511 124.302794 84.173018 2.774878 0.062500 0.805318 
35.465327 14.662141 47.019455 12.746093 6.376465 0.125000 6.601199 
20.398642 20.048390 32.930249 15.128902 4.197445 0.125000 10.390293 
59.359468 13.605719 81.900755 13.150611 6.122565 0.125000 12.352970 
55.132993 68.176770 54.192446 81.947905 4.167157 0.125000 1.992002 
0.318361 16.860266 8.259880 18.831648 5.153875 0.125000 0.923527 
52.009474 93.016828 51.025522 103.163839 5.338595 0.125000 3.586135 
143.267353 0.594043 143.090862 6.908981 2.638711 0.007812 4.103165 
119.318798 27.716458 134.418416 28.724978 4.408089 0.125000 4.934975 
9.072901 18.156289 15.836846 16.479617 4.842849 0.125000 4.232717 
123.029758 77.120015 131.816878 76.748882 8.900450 0.062500 2.575030 
134.370895 77.768174 149.376323 77.837139 3.749960 0.125000 1.269599 
148.278775 91.496282 115.538337 89.747354 8.889548 0.125000 80.480881 
124.880369 15.631455 125.072147 0.617938 1.441488 0.125000 10.098574 
169.333382 46.679171 158.061190 49.074748 2.705235 0.125000 3.456020 
83.024246 13.420383 101.857187 14.648225 2.494704 0.125000 3.274964 
0.626685 66.770029 19.391914 67.071237 1.269901 0.125000 2.873854 
49.552696 101.640052 39.425408 103.412943 4.340470 0.125000 2.486513 
41.875000 53.125000 26.875000 53.125000 1.250000 0.125000 0.164584 
0.625000 56.875000 20.625000 56.875000 1.250000 0.125000 3.776944 
117.098414 16.878442 117.349028 0.613044 1.480941 0.125000 1.067674 
36.865326 32.885592 49.395377 32.379267 2.649371 0.062500 0.399485 
48.290022 90.244692 30.711372 93.580193 1.365122 0.062500 2.108726 
39.375000 84.375000 21.875000 84.375000 1.250000 0.125000 1.970764 
24.370227 32.896101 8.127289 33.234791 1.301846 0.125000 0.164584 
39.375000 79.375000 23.125000 79.375000 1.250000 0.125000 1.067674 
43.125552 48.100558 26.883849 47.733480 1.447389 0.125000 1.067674 
158.037816 55.082185 174.270596 52.474972 2.864819 0.125000 4.658263 
21.875000 50.625000 0.625000 50.625000 1.250000 0.125000 3.776944 
40.639989 62.015603 24.376069 61.795857 1.250000 0.125000 1.067674 
26.879729 40.470780 44.401584 41.008070 1.364349 0.062500 0.966439 
174.404104 89.292961 149.365016 89.010732 4.999682 0.125000 26.223757 
19.405563 64.891203 1.883896 64.161419 1.456989 0.125000 1.970764 
23.125000 64.375000 39.375000 64.375000 1.250000 0.125000 1.067674 
21.875000 45.625000 1.875000 45.625000 1.250000 0.125000 3.776944 
28.122659 96.864321 48.251289 92.450987 2.291841 0.125000 6.281913 
104.364920 23.234638 59.400211 19.100778 1.588062 0.125000 7.190052 
21.875000 81.875000 38.125000 81.875000 1.250000 0.125000 1.067674 
43.151945 39.021758 26.901153 37.782144 1.436527 0.125000 0.820776 
0.625000 71.875000 20.625000 71.875000 1.250000 0.125000 2.873854 
21.878465 59.241853 40.615775 59.729483 1.347136 0.125000 1.970764 
6.873426 51.888264 39.361010 55.742913 2.566807 0.125000 10.320792 
24.358824 49.719766 43.126158 50.600318 1.775889 0.125000 9.195484 
174.493362 99.915743 145.913490 95.146287 4.726041 0.125000 23.734118 
20.645699 55.266732 0.640259 54.110894 1.680519 0.125000 6.102063 
20.648905 86.855217 38.142300 86.515299 1.589746 0.125000 1.067674 
43.145994 25.697738 29.454226 29.649495 1.547608 0.062500 1.785718 
40.655087 57.665905 24.393012 56.600157 1.410813 0.125000 0.820776 
23.125000 69.375000 39.375000 69.375000 1.250000 0.125000 1.067674 
0.616754 47.135589 21.885012 47.808621 1.763347 0.125000 13.192832 
19.379206 69.856370 0.619717 70.020268 1.402841 0.125000 7.870688 
52.455832 103.453201 55.606720 121.878126 5.139159 0.125000 13.913139 
18.125000 59.375000 0.625000 59.375000 1.250000 0.125000 1.970764 
19.375000 78.125000 0.625000 78.125000 1.250000 0.125000 2.873854 
55.617505 85.915364 109.373989 85.495532 1.308534 0.125000 25.670416 
110.641481 89.565156 64.383228 88.845843 3.924462 0.125000 33.252256 
32.980779 25.273309 48.015470 19.107905 1.838797 0.125000 2.510782 
113.326898 115.618845 112.831983 99.383933 2.689280 0.125000 4.067599 
19.375000 40.625000 4.375000 40.625000 1.250000 0.125000 0.164584 
0.625000 75.625000 19.375000 75.625000 1.250000 0.125000 1.970764 
4.346521 42.398653 20.616380 43.283506 1.587566 0.125000 3.776944 
80.600142 62.669368 108.151395 63.531535 1.873219 0.125000 11.184171 
132.336462 47.269507 139.459895 44.601679 7.168209 0.125000 8.739380 
71.878304 70.426210 110.638372 71.070349 1.353680 0.125000 17.323294 
19.375000 74.375000 0.625000 74.375000 1.250000 0.125000 2.873854 
20.625000 90.625000 38.125000 90.625000 1.250000 0.125000 1.970764 
