74.015147 9.350459 74.809069 38.147495 4.196411 0.125000 30.828346 
89.027595 16.839242 87.219041 34.410411 3.126777 0.125000 8.739380 
74.759978 44.358144 75.966550 71.914777 3.645868 0.125000 18.240388 
120.685957 39.364763 120.416845 70.623208 2.672086 0.125000 15.430769 
73.376148 0.618390 73.575145 8.178953 6.346504 0.125000 5.468486 
149.581735 31.875022 149.585092 0.624888 2.503222 0.125000 28.798057 
84.570599 38.176606 85.019448 25.603383 2.721384 0.125000 6.102063 
110.313835 41.959105 109.500842 26.868220 4.349764 0.125000 26.142933 
109.374648 86.997022 86.874835 86.932126 1.307680 0.125000 2.576231 
87.023185 40.621158 87.768943 69.384232 2.725951 0.125000 19.604676 
66.470000 33.658731 74.966959 43.682793 4.622367 0.125000 3.141359 
38.574439 25.621554 38.382690 0.613440 2.634103 0.125000 25.451104 
99.366763 84.605144 118.125635 84.453629 2.580686 0.125000 3.521151 
68.411277 71.891230 68.179419 58.124084 2.668036 0.125000 11.001664 
82.970335 24.492793 81.908740 0.568038 9.073863 0.125000 48.060585 
17.046360 87.693148 0.476036 91.163778 3.471906 0.125000 18.013092 
118.576401 66.848096 116.934343 39.296963 2.569940 0.125000 5.552885 
144.720739 0.610622 145.192084 11.944985 2.601715 0.125000 6.486214 
94.069681 58.223511 91.940557 24.608366 6.886348 0.125000 36.440965 
38.880387 53.117638 38.636770 28.120012 3.883817 0.125000 13.921461 
44.134503 83.184122 43.041479 55.628313 3.846140 0.125000 26.964370 
85.624009 86.958762 45.629611 86.485395 1.383056 0.125000 12.933632 
71.649787 56.899219 71.295482 71.890846 2.646971 0.125000 8.756152 
97.606079 28.114231 97.809125 41.898066 3.804827 0.125000 20.032564 
137.826097 70.621284 138.074731 50.624375 2.701838 0.125000 6.677210 
158.522025 54.348578 158.947533 40.611759 3.238706 0.125000 1.855669 
94.611079 69.377835 94.630164 59.373102 2.519071 0.125000 4.680034 
126.115176 69.395397 124.872748 23.111639 6.918601 0.125000 62.607410 
95.688229 6.307717 106.132088 -0.512609 5.596095 0.125000 14.486264 
124.513296 13.128066 124.540919 0.619846 3.766554 0.125000 4.304398 
96.857210 19.275229 113.137332 19.060657 2.516256 0.125000 12.807844 
61.876754 28.104599 40.462635 26.263575 2.665512 0.125000 0.186775 
48.155568 25.298894 68.097521 27.168157 1.905801 0.125000 0.218275 
110.505009 126.890927 110.068603 89.352405 6.569259 0.125000 101.418560 
40.620335 30.215353 60.626657 30.326402 3.840140 0.125000 24.830979 
173.591169 34.359093 173.971525 15.616812 1.604815 0.125000 8.509122 
62.751000 58.154521 62.035685 79.380415 4.295189 0.125000 25.042301 
74.783722 71.909477 73.832614 83.184690 6.858297 0.125000 4.367750 
56.377326 44.363230 56.022078 59.384391 3.837614 0.125000 4.634728 
126.883584 10.975952 143.123869 10.578750 2.866010 0.125000 9.449320 
85.700549 88.114899 86.120066 143.168853 10.009235 0.125000 122.976235 
114.375000 24.375000 114.375000 35.625000 1.250000 0.062500 0.465614 
0.257185 95.203119 17.068516 91.504615 5.688956 0.125000 11.832543 
110.686582 82.672776 107.006053 71.423162 6.328851 0.125000 0.935925 
86.818324 74.098131 85.082611 82.289794 5.409616 0.125000 7.689797 
174.879259 3.567393 168.442870 10.903871 2.987087 0.125000 1.653093 
62.643049 54.403059 62.203652 46.855866 2.568426 0.062500 0.966439 
114.809232 48.133798 114.378329 69.400395 2.524809 0.125000 11.124244 
174.507735 75.639154 159.280624 74.003693 3.862044 0.125000 3.453467 
103.646189 46.876886 103.569298 68.126608 1.322361 0.125000 2.576231 
127.184272 21.970667 126.529596 15.533007 3.358691 0.125000 0.797908 
140.624629 86.827025 121.866090 86.971982 1.250000 0.125000 2.873854 
101.091432 68.133184 101.464541 46.867798 2.543472 0.125000 12.777654 
81.479252 71.835053 80.310006 46.831277 4.388193 0.125000 23.499498 
106.972143 124.511861 107.990471 114.488325 4.109821 0.125000 1.702576 
41.870291 41.896073 54.379687 41.848140 2.547878 0.125000 14.081748 
56.307124 60.610906 56.565820 73.131388 1.456307 0.125000 0.164584 
134.736828 53.108388 135.312130 65.639364 1.649978 0.125000 2.576231 
168.130700 32.700625 151.866845 32.482179 1.451339 0.125000 8.292394 
78.840129 29.353155 79.222780 41.879650 1.554748 0.125000 0.164584 
106.994971 79.750200 100.553772 79.386514 7.769936 0.125000 2.536664 
92.310936 111.882073 92.676224 89.367719 1.554008 0.125000 16.751076 
166.891818 64.005279 159.350562 63.662239 1.532718 0.062500 0.616176 
174.378214 84.244213 141.867128 83.445350 3.503222 0.125000 18.759088 
96.756814 90.589384 97.584516 116.892008 3.009872 0.125000 32.343103 
110.255566 3.464739 119.870124 13.919674 5.446573 0.125000 1.962270 
31.129564 0.611571 31.695633 21.879774 1.648652 0.125000 12.807844 
117.222736 83.161529 118.145507 74.377154 1.765520 0.031250 1.681407 
102.725935 144.783555 109.236366 126.723217 13.550665 0.125000 58.290423 
108.134633 11.789052 94.376335 11.689843 1.847895 0.062500 1.669734 
150.602178 35.312348 165.613439 34.216611 1.701687 0.125000 2.873854 
32.364723 23.129594 31.778404 85.635819 2.488165 0.125000 23.617113 
124.270336 83.429437 126.772605 74.015526 4.587478 0.125000 13.192832 
54.439285 36.875998 41.844077 37.523227 2.881600 0.125000 10.098574 
74.821989 88.146715 73.489193 115.581968 5.115417 0.125000 33.076012 
124.664305 106.872385 124.494846 88.123917 3.828931 0.125000 14.776697 
41.871388 50.057513 53.128888 49.985857 1.321582 0.125000 2.873854 
158.125000 86.875000 141.875000 86.875000 1.250000 0.125000 1.067674 
159.375000 88.125000 174.375000 88.125000 1.250000 0.125000 0.164584 
