55.621899 75.528180 39.348558 76.049361 2.818822 0.125000 3.012505 
0.446806 26.259716 40.777348 37.582345 3.568559 0.125000 30.324150 
14.372595 76.831166 0.527104 77.590876 3.744368 0.125000 7.917544 
144.469334 50.465487 134.435253 50.869913 3.948320 0.125000 7.870688 
160.622400 50.772865 145.539151 50.507667 6.249034 0.125000 8.875252 
36.923335 39.211181 19.128404 33.960775 2.751545 0.125000 12.811411 
11.260592 33.920046 0.435102 29.884396 3.811768 0.125000 6.848509 
53.610730 43.091741 52.298223 73.252211 7.601599 0.125000 102.359314 
69.559834 25.277382 47.811971 13.713716 9.626320 0.125000 49.914414 
40.031866 74.476059 41.153718 39.431941 7.656141 0.125000 108.953725 
68.702187 80.736757 70.616248 28.033887 6.971763 0.125000 157.528292 
131.893444 79.485625 84.365429 78.716264 3.167321 0.125000 66.986455 
43.555291 30.149386 49.622687 36.571894 3.293234 0.125000 1.720471 
37.062556 33.604202 18.212025 29.017354 2.036333 0.125000 5.096564 
134.995295 58.186967 134.293376 79.372296 6.660499 0.125000 41.820163 
19.048930 27.056483 21.156134 1.814988 5.918582 0.125000 29.107472 
40.469013 34.451884 41.973497 13.044075 5.513482 0.125000 25.746386 
96.915808 32.822862 143.133957 30.833052 2.927814 0.125000 34.469886 
47.013972 14.114931 22.823868 1.188531 4.712981 0.125000 39.243383 
15.104459 31.884225 14.535865 76.845419 8.464781 0.125000 121.432900 
36.879606 82.081912 51.927803 81.746914 7.692883 0.125000 18.956911 
159.311912 107.833224 174.411058 108.827334 3.069444 0.125000 11.948253 
28.051297 9.376559 28.317305 21.950266 7.630517 0.125000 12.463164 
174.415558 112.918231 158.178144 112.466164 3.957274 0.125000 21.498652 
163.924027 0.330769 158.950872 50.208813 8.462446 0.125000 128.513948 
84.381749 82.766138 130.638897 83.636114 2.969659 0.125000 67.982764 
158.147679 64.505943 159.345413 52.864737 5.577510 0.125000 25.670416 
67.124658 121.838421 68.497410 84.297201 5.544792 0.125000 70.623305 
134.338247 85.568958 133.518446 104.392136 6.189691 0.125000 40.015888 
94.713193 49.507374 93.707868 33.089309 8.733642 0.125000 44.398485 
0.242753 85.072966 35.781180 80.622015 7.133594 0.125000 31.258233 
139.360685 107.517600 158.129720 107.075266 2.705462 0.125000 9.366697 
52.229583 84.321660 51.482636 114.365245 5.495543 0.125000 66.406473 
154.453231 7.874184 83.150977 13.456784 2.589942 0.125000 75.295707 
37.801585 116.914585 39.036705 88.003743 6.617778 0.125000 62.370617 
88.129195 75.515106 130.615006 77.136814 1.392126 0.125000 20.935654 
90.653781 6.070406 148.156000 2.354740 4.348692 0.125000 74.454857 
80.673386 17.570623 158.232867 12.175750 5.681850 0.125000 102.184775 
85.060741 34.307149 82.636611 54.466582 6.008883 0.125000 29.282350 
51.519666 2.419165 64.288683 10.757188 2.819626 0.125000 2.847294 
47.811725 18.364624 45.257190 28.350673 5.463593 0.125000 4.057129 
15.116475 0.605286 14.388816 19.375536 1.733280 0.125000 10.098574 
158.466553 104.490058 156.517805 89.103606 5.588622 0.125000 22.445353 
69.378535 7.091293 90.622859 6.744039 2.765249 0.125000 19.596780 
81.213052 55.616121 81.591276 80.667029 3.749573 0.125000 11.956726 
75.522441 66.749837 74.927763 73.176152 3.964407 0.125000 5.583124 
54.306787 21.873214 54.012428 33.115507 2.662732 0.125000 5.583124 
135.624269 114.363961 110.650963 116.017193 2.907386 0.125000 9.990166 
13.477469 91.849800 13.183810 116.875690 6.293570 0.125000 36.544923 
86.707183 68.114773 87.470764 55.585130 1.475794 0.125000 0.164584 
93.084061 109.624612 121.888131 108.445863 2.446798 0.125000 26.142933 
