98.376602 6.876665 97.805730 93.131160 5.223259 0.125000 124.434266 
129.532033 75.662398 131.360695 6.861330 2.918376 0.125000 82.257772 
130.623577 6.451574 98.121522 6.395632 6.260748 0.125000 44.443270 
165.594682 7.931488 135.583525 7.070250 5.213083 0.125000 50.175555 
166.651808 76.874663 166.753689 9.372930 3.849987 0.125000 127.241257 
128.912675 93.130302 128.754672 79.353443 5.114351 0.125000 24.120316 
99.378405 92.613081 126.877188 92.795967 3.774857 0.125000 14.953352 
174.464187 97.409770 135.623997 95.647096 4.596195 0.125000 35.041414 
109.538116 96.631723 94.175257 94.953582 4.291761 0.125000 7.190052 
135.624980 78.164581 155.625596 78.174506 2.508684 0.125000 13.809694 
134.373744 95.587943 110.566347 96.395183 3.493689 0.125000 8.821999 
160.628654 22.687545 141.867792 22.771904 2.528078 0.125000 6.953153 
173.683626 0.614947 172.683922 69.368587 4.512893 0.125000 91.614111 
75.626177 95.981573 0.622868 96.229215 2.693963 0.125000 97.698303 
94.271724 92.912856 75.582401 91.053095 8.830773 0.125000 45.947094 
134.580407 10.607138 133.468544 75.630874 4.305099 0.125000 150.581994 
134.027282 80.523303 133.533684 94.344955 4.996815 0.125000 11.888850 
167.171662 94.381217 167.081941 80.623650 3.806983 0.125000 7.274493 
106.861313 86.163204 120.634194 86.513462 1.567380 0.125000 4.336995 
136.865736 93.547354 165.629315 94.178261 1.797923 0.125000 17.918538 
81.871005 86.842410 0.621218 86.710858 7.560707 0.125000 117.511205 
0.619818 81.924427 81.878496 82.248491 2.824006 0.125000 127.500273 
105.615016 72.543939 121.861396 72.786426 1.492375 0.125000 3.776944 
78.292882 23.596006 64.380859 20.597814 3.834412 0.125000 6.467797 
85.623569 83.256798 94.386109 83.351944 3.763351 0.125000 1.720471 
82.385481 0.685398 79.888718 21.787886 3.790401 0.125000 18.906105 
89.492196 66.912227 95.360423 48.438014 3.251677 0.125000 10.695739 
31.930440 31.874578 31.844747 20.625230 2.566580 0.125000 1.229414 
49.375120 33.035437 33.125149 33.013636 2.520122 0.125000 8.567595 
63.404642 18.188571 62.502346 4.415792 2.821516 0.125000 2.249350 
8.120545 30.542142 0.575149 30.947842 2.764846 0.125000 2.873854 
98.546774 98.044809 99.506798 118.058718 3.865475 0.125000 18.906105 
155.630978 87.574373 145.618588 87.465677 1.358481 0.125000 1.067674 
127.317886 115.656301 128.560993 98.067469 3.110655 0.125000 6.677210 
30.190328 20.719017 15.512742 15.972104 3.112593 0.125000 3.521151 
50.253067 11.880758 50.524206 29.395911 2.538397 0.125000 3.851484 
55.836561 100.922429 28.959123 120.040327 2.331279 0.125000 13.693766 
