13.137267 86.262437 56.895117 85.420320 3.028675 0.125000 52.909598 
174.401429 93.865121 168.168176 93.542030 2.626058 0.031250 1.970764 
53.125536 86.661512 68.125441 86.699168 2.515682 0.125000 2.036308 
86.749444 128.805312 69.534642 132.599349 4.882818 0.125000 7.167980 
97.310275 127.676451 87.233484 129.814534 2.937231 0.125000 0.883796 
129.393229 97.182154 91.876996 99.408637 4.113682 0.125000 57.980043 
161.928071 50.403479 95.629062 48.012378 3.747564 0.125000 64.392761 
113.070438 60.143949 123.196845 60.862487 2.936098 0.125000 9.195484 
163.584743 96.608257 129.036655 94.170958 12.308448 0.125000 110.573091 
45.624721 55.819626 13.124788 55.773030 2.534048 0.125000 28.501701 
174.448184 47.265096 151.825896 48.274537 3.467665 0.125000 15.910044 
159.368486 59.926163 174.390483 59.786148 3.773138 0.125000 19.081657 
69.435775 92.883167 15.622125 92.063863 8.787044 0.125000 105.837789 
123.791350 60.765898 131.044115 62.104978 6.051658 0.125000 4.658263 
69.402402 102.466685 50.634764 103.335843 2.786461 0.125000 2.835356 
174.784293 103.962165 164.195136 101.355733 4.238836 0.125000 15.517114 
5.580826 44.015409 49.285500 38.646448 3.438571 0.125000 46.900404 
95.584340 58.539730 111.922401 60.141521 2.366105 0.125000 8.567595 
21.540733 99.748650 0.611446 103.038778 4.939341 0.125000 22.494128 
68.168260 60.188255 51.953533 58.582156 2.734249 0.125000 6.009503 
145.584136 60.798909 159.430352 61.196277 6.498438 0.125000 16.187706 
53.230023 83.694994 65.765100 81.385366 2.232111 0.125000 3.456020 
72.492468 115.274055 21.603918 100.296012 4.588254 0.125000 75.645245 
51.799253 55.461587 65.656191 56.427564 3.189367 0.125000 4.480242 
137.917429 57.450547 144.953118 59.987973 4.048037 0.125000 4.336995 
54.370715 100.555286 65.654914 99.861659 1.707793 0.125000 0.164584 
26.820347 98.525672 52.925646 102.086508 3.265800 0.125000 14.928004 
93.640113 82.229104 91.943589 66.730662 6.212888 0.125000 14.199902 
13.841818 56.900633 13.564923 78.147024 6.412363 0.125000 31.623677 
91.508908 110.474732 92.415642 123.351000 6.058948 0.125000 11.075185 
130.799625 60.017859 137.252575 58.264995 3.395595 0.125000 0.164584 
51.963087 105.185304 65.664047 107.930089 2.451294 0.125000 2.560371 
5.165472 56.958787 4.807864 44.327356 6.530493 0.125000 23.400890 
131.874802 63.752615 145.625195 63.756947 1.254332 0.031250 1.681407 
94.101423 46.951013 95.685906 0.541726 6.971445 0.125000 148.307389 
67.383640 125.919346 68.706904 118.013180 5.963124 0.125000 7.782856 
113.348121 45.912755 118.147433 0.495282 6.013542 0.125000 78.097085 
92.448245 101.778818 92.918963 110.701811 5.322308 0.125000 3.521151 
64.286985 140.795253 35.481032 125.903485 4.592316 0.125000 26.099643 
111.872036 131.884489 97.921283 127.527249 1.938476 0.125000 2.576231 
4.740191 11.908049 5.770330 0.525030 2.940473 0.125000 6.985969 
165.566109 142.060580 148.225640 136.557857 1.250000 0.062500 4.132106 
14.807939 0.613139 15.082642 10.639859 1.489166 0.125000 1.067674 
69.335746 0.563320 68.494719 18.142688 2.258209 0.125000 5.172956 
