74.817731 0.612732 75.477235 24.413731 5.309689 0.125000 29.092893 
90.208088 30.595816 89.412221 41.965107 2.406609 0.125000 0.050694 
75.509319 35.394108 77.907086 47.173795 6.872389 0.125000 7.963887 
74.418518 45.593629 68.130568 36.870986 2.640835 0.062500 0.805318 
76.154958 51.906123 77.397666 80.656438 2.929506 0.125000 19.163995 
86.514363 49.378412 86.360532 33.118042 2.629964 0.125000 13.710934 
123.240214 46.880821 123.400464 78.123587 2.660252 0.125000 26.747503 
55.624633 98.030029 135.623435 97.720494 1.467634 0.125000 47.125264 
75.910589 24.384181 75.586858 34.454144 3.788228 0.125000 0.664633 
109.383498 34.015749 99.359538 33.778623 3.867197 0.125000 2.036308 
66.966321 40.550297 74.873834 50.216944 4.748722 0.125000 2.720074 
69.582728 81.869713 69.200361 66.847628 2.785452 0.125000 19.129474 
152.980753 40.626834 152.472133 0.617409 2.769917 0.125000 45.362773 
88.579557 48.099915 89.477403 64.369349 3.184980 0.125000 12.811411 
112.706635 50.748488 111.581994 35.554166 5.078629 0.125000 30.569928 
110.666631 78.957728 99.320006 79.524987 2.871367 0.125000 4.339063 
158.125890 100.521006 89.370228 99.932369 2.885152 0.125000 46.442362 
130.621222 1.463916 146.881336 1.314490 1.387788 0.031250 5.384983 
33.369859 60.624060 33.139425 0.620144 2.730400 0.125000 79.516833 
126.256321 20.696224 128.376486 1.903372 4.427026 0.125000 13.357671 
101.857109 52.197280 109.541600 52.623865 5.408017 0.125000 2.249350 
121.543464 75.548656 119.152962 46.789554 2.805208 0.125000 19.023505 
86.776642 0.619289 86.193794 10.658024 2.160608 0.125000 0.820776 
99.381804 35.624926 99.544157 50.623169 2.635156 0.125000 12.304394 
163.866442 59.564931 165.081666 46.823180 3.339770 0.125000 3.048414 
90.641112 100.065985 30.634739 99.531538 2.477635 0.125000 39.299975 
147.465487 3.098994 148.184613 19.427426 2.607576 0.125000 7.689797 
129.042131 78.175063 127.537566 30.604045 6.918631 0.125000 68.798943 
83.651356 13.143680 83.423143 4.302771 2.498751 0.125000 0.820776 
84.850909 33.389079 83.207792 13.017501 9.525638 0.125000 47.331857 
95.781188 59.362390 93.659490 33.081849 5.548433 0.125000 31.623677 
96.695497 78.126756 96.718064 64.372692 2.518455 0.125000 7.870688 
89.396174 14.373298 90.202803 24.408935 2.692259 0.125000 0.797908 
72.964257 66.869131 72.461250 80.646404 2.680763 0.125000 7.870688 
38.187868 81.931245 39.312683 55.675882 4.174584 0.125000 24.293742 
64.190316 66.854694 63.995246 80.637317 2.658959 0.125000 9.195484 
58.113942 34.614224 35.546600 33.571057 2.785929 0.125000 3.042730 
99.134721 13.419538 107.762975 7.589239 5.906560 0.125000 7.931512 
48.114349 31.980966 68.163079 33.996162 1.868801 0.125000 8.567595 
82.652355 7.935476 80.786133 0.280957 5.449880 0.125000 2.249350 
116.751680 30.624470 116.660315 51.874077 3.787586 0.125000 7.648728 
112.843254 134.404158 113.044332 101.866777 7.499857 0.125000 83.557006 
138.566620 49.407802 138.098077 55.715847 2.770906 0.125000 0.164584 
76.233147 80.766570 73.748895 91.438264 5.912690 0.125000 0.542782 
98.126844 27.420881 115.626645 27.361752 1.304899 0.062500 2.108726 
144.380357 3.697485 133.107951 3.802964 2.499891 0.125000 4.336995 
141.745583 79.379404 141.149364 61.857158 2.583571 0.125000 11.184171 
35.594634 36.501131 64.353410 37.497901 5.300090 0.125000 24.037109 
56.206198 46.877775 56.351399 81.877172 2.577766 0.125000 30.918972 
129.354037 19.117464 145.598159 17.795248 2.998811 0.125000 14.081748 
61.977794 74.379054 62.765265 54.410107 2.793590 0.125000 2.246834 
71.879302 0.928158 50.633580 1.229651 1.533661 0.125000 4.232717 
117.135935 56.878433 116.856378 78.124755 2.466892 0.125000 6.281913 
105.875207 54.373869 105.976917 76.873409 1.340397 0.125000 3.456020 
88.720861 81.694356 87.405743 95.556765 5.395667 0.125000 11.550453 
87.843538 101.805387 89.143973 143.249916 8.863304 0.125000 101.058164 
0.032471 107.795884 5.648817 105.688473 3.218924 0.062500 0.616176 
59.377089 3.454960 71.876588 3.375828 1.321195 0.015625 4.680034 
113.084494 94.819562 110.813556 81.842005 6.802840 0.125000 3.091429 
171.875927 40.532340 154.377678 40.357279 1.387492 0.125000 1.067674 
159.363795 37.848320 171.893867 37.340894 2.548532 0.125000 1.720471 
29.356978 101.812532 10.716026 107.190512 3.256551 0.125000 4.934975 
103.417892 76.879133 103.735311 54.383612 2.552660 0.125000 13.631274 
81.996519 57.729467 86.899812 50.642166 4.678648 0.125000 1.454630 
137.906159 60.639550 138.821810 74.411779 2.743264 0.125000 0.149785 
35.598365 49.874083 54.413369 49.206710 2.852908 0.125000 21.207173 
174.497604 84.796669 164.349886 83.294671 3.709585 0.125000 0.149785 
162.086404 5.370577 172.303107 13.859775 3.520553 0.125000 4.658263 
83.230761 80.618641 81.798878 56.804418 4.765916 0.125000 35.748456 
59.375764 85.048640 43.124136 85.027106 1.269874 0.125000 0.164584 
155.515664 0.815761 162.916619 5.057658 5.739828 0.125000 1.198571 
119.687504 95.778569 120.928218 83.154801 2.488012 0.031250 1.132473 
98.769504 101.827256 100.348725 123.145466 2.862549 0.125000 16.200067 
123.205902 83.124067 123.349985 95.622406 1.321963 0.062500 1.669734 
112.280605 11.509083 122.475484 21.246292 6.043525 0.125000 5.748204 
23.765949 0.624800 23.733464 99.375611 2.500411 0.125000 132.015722 
148.850434 92.272382 152.637923 85.358187 3.393653 0.062500 0.275019 
127.237472 96.727878 129.724326 81.725699 4.312771 0.125000 17.040467 
119.842855 11.089033 114.701413 2.422949 7.288600 0.125000 1.251017 
60.491381 65.628134 60.902282 83.147814 1.250000 0.062500 2.957812 
94.890236 115.625478 94.881290 101.874671 2.504879 0.125000 7.870688 
54.410995 44.375849 35.640568 44.916001 2.786614 0.125000 15.860896 
110.642476 20.174199 91.872227 19.446543 1.733279 0.125000 5.962107 
114.375000 75.625000 114.375000 56.875000 1.250000 0.125000 2.873854 
41.875400 58.154955 54.373167 57.987904 0.658302 0.062500 0.465614 
4.484151 91.087137 19.530501 87.533381 1.858400 0.125000 1.653093 
76.133010 101.863823 75.812428 123.146652 3.881360 0.125000 25.598574 
20.873662 85.622252 19.934343 0.618819 1.457105 0.125000 49.936597 
54.356071 81.177718 41.870715 80.750127 1.505972 0.062500 0.465614 
128.512631 114.419440 127.863554 101.824057 3.011333 0.125000 11.184171 
