129.823319 32.225861 134.759226 43.503911 2.686567 0.125000 1.720471 
154.048136 33.751849 157.428040 22.034526 4.111244 0.125000 2.246834 
60.653224 51.656358 89.566855 55.388775 3.198494 0.125000 17.751826 
130.844573 42.447921 123.324679 40.009265 4.723912 0.125000 1.229414 
157.143876 22.693022 161.440755 12.933806 2.928365 0.125000 4.336995 
138.424523 53.357960 152.693637 35.011709 5.371935 0.125000 16.954991 
114.277249 47.144473 130.641145 53.080493 3.202671 0.125000 17.641629 
159.570565 23.103095 161.260870 38.193789 4.839831 0.125000 6.188963 
159.694153 110.351134 111.963096 104.859329 10.638285 0.125000 149.086509 
131.796018 52.820991 138.563491 51.062801 3.315195 0.125000 1.970764 
111.881171 105.435432 0.620673 105.628262 11.351805 0.125000 325.440985 
106.759660 53.794236 110.744607 44.425877 4.601054 0.125000 4.658263 
161.551331 41.362875 172.412883 34.498252 4.116763 0.125000 11.074856 
138.576597 6.811427 140.350646 19.413622 6.729779 0.125000 6.086341 
135.267835 19.394693 136.237370 36.979077 2.775235 0.125000 0.614840 
147.900979 30.614050 148.507547 18.204799 3.046267 0.125000 3.048414 
90.505265 56.322556 99.421679 57.853057 2.463965 0.125000 2.873854 
175.066456 115.120283 160.001295 111.653437 6.738085 0.125000 27.514630 
170.753959 17.863221 169.578294 0.442563 7.903814 0.125000 15.747058 
171.448532 143.177471 170.369375 134.406451 2.939224 0.125000 4.680034 
79.783468 127.102232 89.050268 110.444351 2.192032 0.125000 0.434640 
164.098974 143.224801 160.467799 133.181838 2.025575 0.125000 1.970764 
174.390273 104.101377 155.586215 104.395516 5.214443 0.125000 8.492753 
154.362333 131.349036 146.864628 131.217865 3.080696 0.125000 0.164584 
37.311911 131.343068 30.530301 135.469361 2.209961 0.125000 0.164584 
156.857248 133.129429 159.352629 143.130582 2.425636 0.125000 1.697763 
52.659425 117.533158 37.319170 129.600623 3.156951 0.125000 5.865812 
169.069041 33.196543 165.826108 19.327974 2.071009 0.125000 4.336995 
163.417988 14.434856 161.406805 24.279350 2.449408 0.062500 1.407712 
14.476173 112.089415 0.818045 118.534116 1.854771 0.125000 2.576231 
