91.866896 29.601901 104.395559 30.049355 2.632251 0.125000 7.389304 
174.487206 26.354639 126.957864 33.663836 3.042972 0.125000 42.119172 
29.414857 46.223076 63.098565 43.978332 3.076293 0.125000 28.341287 
30.632918 24.651091 13.147298 25.152540 3.963454 0.125000 4.032282 
114.346836 11.431383 134.345587 10.161709 4.118753 0.125000 9.569680 
144.205314 45.695647 172.028580 41.692408 3.880927 0.125000 21.597948 
41.803803 25.643261 66.864579 24.194707 3.960146 0.125000 18.537196 
31.861710 9.721210 48.135713 10.345923 3.986983 0.125000 2.278091 
129.281704 36.238631 174.411263 29.622347 3.328675 0.125000 35.085015 
100.806191 25.816258 88.246206 23.666763 2.268462 0.125000 2.576231 
0.596637 36.327572 30.628609 35.853683 3.710089 0.125000 18.759088 
128.115533 14.846664 115.620567 14.595870 2.025004 0.125000 0.050694 
68.042153 28.502629 16.897294 33.359757 3.913999 0.125000 46.252484 
31.843755 34.857801 68.135377 33.379796 2.599659 0.125000 30.691227 
125.622839 23.130917 118.122861 23.118012 2.510751 0.125000 1.697763 
174.498988 14.919765 128.362910 25.420300 4.152317 0.125000 37.685991 
143.009623 0.303118 128.129277 5.636932 3.707377 0.125000 8.896623 
174.624421 34.757941 149.261506 38.631962 4.084487 0.125000 16.748452 
127.934366 21.063248 146.817173 16.628762 4.084020 0.125000 9.752547 
170.659409 3.284678 149.322750 7.882532 3.591822 0.125000 16.561053 
95.632863 23.147635 112.798339 17.184650 4.151602 0.125000 14.294847 
32.905049 17.889252 49.349798 15.454765 3.709571 0.125000 11.349210 
149.169256 14.755039 174.524823 8.758505 4.134116 0.125000 20.575909 
0.596831 13.943397 10.635651 13.288199 2.983151 0.125000 3.776944 
55.689794 36.589858 0.602450 40.289207 2.661890 0.125000 43.766376 
0.646856 28.375589 31.881918 29.058669 3.885752 0.125000 23.127803 
13.131877 21.957095 30.613921 20.492736 3.528235 0.125000 1.232649 
0.575456 21.080072 10.691972 20.449553 2.806184 0.125000 1.720471 
129.330548 29.123305 146.943472 26.012703 3.839715 0.125000 8.181183 
31.889273 52.055257 91.810521 47.310675 4.059835 0.125000 53.705774 
114.340305 19.481839 126.866704 19.101657 2.726373 0.125000 0.149785 
109.602730 22.332275 101.597988 26.318769 2.803958 0.062500 0.293299 
32.189131 28.112338 41.005574 25.874053 3.961068 0.125000 5.962107 
148.003041 2.493917 160.518753 0.075216 3.919055 0.125000 1.454630 
53.329783 12.303805 43.326155 13.524063 1.715633 0.062500 1.669734 
41.904025 11.985576 18.150116 18.220683 3.884094 0.125000 14.891772 
114.312765 27.486443 126.840554 27.905292 3.914981 0.125000 5.664267 
48.255969 18.575472 30.779536 23.656530 4.452225 0.125000 13.911462 
66.879725 2.335699 49.368747 2.515301 2.602429 0.125000 6.126021 
101.805815 8.786483 113.047406 7.464949 3.286528 0.125000 2.680153 
116.646599 38.235533 127.943809 35.971057 3.922532 0.125000 2.486513 
16.980448 45.396700 0.518766 47.095686 4.115173 0.125000 13.137834 
149.301090 25.183253 174.434093 20.978189 4.941006 0.125000 20.904645 
14.313787 14.886007 24.348477 14.054804 3.007406 0.125000 2.560371 
39.388654 5.784358 29.355209 6.644012 2.597582 0.125000 1.697763 
67.768067 42.137240 81.078659 34.276548 4.890118 0.125000 5.141086 
86.890447 11.996892 73.125912 11.808417 3.886563 0.125000 4.557628 
133.670963 9.516732 147.945346 3.917037 4.860472 0.125000 5.465453 
76.872264 16.972797 89.397431 17.323185 4.893181 0.125000 4.634728 
3.336090 5.679023 18.310843 8.322067 3.113747 0.125000 2.246834 
143.181479 10.783689 128.288445 16.084233 3.952042 0.125000 4.634728 
39.341227 39.857755 54.367136 39.196343 1.413699 0.125000 0.164584 
105.181353 29.124741 113.097996 26.783682 4.305000 0.125000 3.403198 
63.126438 46.891606 30.653437 49.703416 2.431503 0.125000 16.561053 
88.119545 20.562853 76.737796 21.561917 2.411934 0.125000 0.797908 
15.630570 32.602293 0.621877 32.717241 2.519073 0.125000 9.642303 
107.371538 3.560358 92.926759 8.831780 4.173937 0.125000 0.879778 
96.457360 40.276896 112.903613 37.865250 6.183869 0.125000 11.017588 
25.624306 10.615545 13.100046 11.535146 2.676359 0.125000 3.403198 
22.978467 3.515410 13.053787 5.207252 2.464449 0.125000 1.697763 
6.894554 0.444229 18.148092 1.661516 1.780460 0.062500 0.616176 
56.900800 18.356344 47.982908 19.350885 2.895634 0.125000 0.797908 
92.886134 48.888133 116.891439 51.736455 3.786897 0.125000 10.476738 
96.705301 38.290140 76.992127 41.373773 3.704946 0.125000 8.712693 
121.871791 49.358035 143.529076 45.260964 5.211674 0.125000 10.562660 
0.521333 43.308616 18.098256 41.599892 2.764826 0.125000 11.948253 
15.439528 60.145731 32.343002 53.604276 3.872551 0.125000 5.983381 
119.367716 49.441998 100.702429 47.412784 2.485356 0.125000 9.438675 
153.199897 129.415068 138.061696 128.954159 7.876934 0.125000 33.649021 
138.423306 127.113908 125.620985 128.071314 8.912073 0.125000 30.377188 
114.491616 120.574885 71.852136 118.624988 16.175933 0.125000 168.977786 
174.619883 132.510400 152.600518 129.618540 7.536125 0.125000 49.766404 
73.791459 117.635789 25.459236 114.221605 16.209607 0.125000 179.812641 
125.479648 127.476869 113.098027 124.486687 7.625159 0.125000 30.652907 
26.042794 115.350645 0.207736 117.156933 13.019057 0.125000 104.881119 
140.710995 117.427661 120.555071 114.942061 4.792732 0.125000 20.494369 
15.634844 103.890744 0.589123 104.084162 3.204926 0.125000 6.126021 
158.152850 119.050450 143.049536 117.754427 4.270621 0.125000 10.695739 
174.588474 121.538325 158.297020 119.346440 3.716514 0.125000 18.013092 
26.909084 105.281751 16.760901 104.274054 2.240735 0.125000 2.873854 
46.639337 122.314588 33.291095 126.196177 2.400562 0.062500 2.975592 
