76.665659 34.299902 100.548336 38.555265 3.642575 0.125000 17.893882 
121.835870 39.391791 122.009413 26.876864 3.836299 0.125000 4.864122 
121.706414 76.876185 121.742025 44.374854 5.026020 0.125000 55.287222 
40.505196 26.108163 51.979558 28.953326 3.649685 0.125000 7.653196 
123.036180 43.621255 135.581747 45.866662 3.341797 0.125000 2.486513 
150.808361 118.125116 150.861450 34.373565 5.043579 0.125000 120.656681 
51.867105 79.199445 39.336234 79.762975 2.834420 0.125000 8.567595 
99.368612 78.621296 75.620318 78.822572 2.616442 0.125000 16.275264 
101.563654 35.677111 102.397690 20.654018 4.090681 0.125000 6.370457 
134.387799 77.340712 123.077636 77.651533 3.920280 0.125000 18.226384 
136.019118 46.869837 135.845656 75.626331 3.893192 0.125000 47.456512 
75.084384 76.879344 75.337039 35.623237 2.584157 0.125000 44.784936 
119.571225 44.649449 102.026762 41.120502 2.697403 0.125000 9.378608 
39.121136 78.125746 38.970612 26.868846 3.760996 0.125000 94.834072 
77.872089 29.411247 75.364182 11.912380 3.889406 0.125000 22.371880 
72.690516 34.373504 72.544206 76.877304 3.788703 0.125000 26.119476 
103.174843 39.108280 120.761466 42.394735 1.998228 0.125000 4.232717 
71.675977 10.648701 71.224548 30.666709 4.171773 0.125000 33.775689 
124.485022 34.285915 130.016611 41.117610 3.516146 0.125000 3.456020 
145.096799 32.142985 131.667881 27.470236 8.778412 0.125000 12.975385 
70.002344 80.546483 73.448935 108.084457 4.341914 0.125000 17.914970 
39.721705 21.871994 39.537360 0.612753 5.119038 0.125000 25.508236 
91.927354 40.108187 76.829040 38.578693 4.738770 0.125000 7.030996 
100.086241 40.614870 99.403589 76.922542 4.905124 0.125000 52.759500 
18.161913 81.147388 0.573081 82.390242 2.758104 0.125000 12.058439 
52.346191 93.132903 52.219224 80.621507 2.525240 0.125000 4.232717 
131.001928 28.232819 108.862900 20.926785 5.139863 0.125000 14.869443 
3.119770 75.401072 18.140771 75.050246 1.570713 0.125000 3.776944 
43.018325 3.607012 51.887215 5.569805 3.251251 0.125000 0.050694 
107.754466 20.574025 79.042435 11.701159 4.038964 0.125000 18.364339 
122.012636 118.122759 121.483347 85.611026 5.223157 0.125000 36.275096 
34.267630 0.620084 34.627947 84.373912 2.860274 0.125000 143.269184 
106.872532 82.952118 136.869510 83.020856 6.310135 0.125000 42.414119 
76.864722 76.445406 95.633885 75.996366 1.668199 0.125000 14.614024 
159.406817 36.875294 158.991060 81.871452 2.846372 0.125000 35.897115 
135.732871 85.612790 135.505571 106.873723 3.950230 0.125000 29.379557 
174.440622 80.259274 161.824575 81.195506 3.233205 0.125000 10.310893 
168.057274 35.628468 168.947735 53.018867 4.448230 0.125000 8.524990 
73.140065 85.824183 106.886102 83.271786 6.892124 0.125000 47.187833 
20.086676 71.857306 20.398034 84.380643 3.873114 0.125000 11.086358 
161.928422 80.626848 163.444719 36.799569 3.790978 0.125000 26.740470 
161.870328 84.599293 174.390934 84.860115 1.484031 0.015625 1.232791 
173.537456 51.860375 173.799296 36.864947 2.674206 0.125000 3.508045 
0.619773 69.585315 18.140018 70.020748 1.684409 0.125000 4.232717 
52.120474 30.622046 51.984442 76.878998 2.632324 0.125000 57.059254 
36.978687 85.272117 50.175746 89.149769 9.804657 0.125000 15.411529 
39.214666 106.877061 39.005653 90.613682 2.660427 0.125000 11.416468 
68.139049 95.950391 54.354246 95.740943 2.689616 0.125000 7.870688 
163.203809 29.400569 158.068951 29.717816 2.803570 0.062500 1.669734 
119.399959 0.738545 103.636864 4.203571 4.051902 0.125000 7.149246 
160.650101 11.020101 174.423921 10.145039 3.049746 0.125000 9.438675 
122.905516 13.697591 139.580328 20.089341 2.781782 0.125000 5.468486 
50.767538 6.710461 48.923484 19.122200 4.210911 0.125000 9.449320 
99.331737 86.876210 100.066281 113.140626 4.753428 0.125000 24.672101 
136.680919 24.007620 123.040726 21.008252 2.441667 0.125000 5.096564 
139.366188 64.375012 139.322518 33.125073 1.265720 0.125000 11.904754 
128.361136 11.309857 111.858495 4.414502 2.117199 0.125000 9.195484 
70.039784 60.639861 69.372821 34.375055 1.852505 0.125000 13.809694 
141.914073 14.663067 159.264415 12.309701 3.715973 0.125000 18.013092 
2.333800 0.616906 1.694338 63.123152 1.403382 0.125000 34.482004 
174.385921 15.700398 155.666553 18.411872 1.953852 0.125000 4.232717 
174.375411 108.438428 154.373806 108.464655 2.521306 0.125000 10.225862 
155.610633 21.771926 174.516028 19.136781 3.023838 0.125000 20.315323 
55.703408 110.586005 43.325246 109.833053 7.941539 0.125000 16.187706 
34.375000 86.875000 34.375000 103.125000 1.250000 0.125000 1.067674 
65.653467 111.262310 56.809444 111.657347 2.776401 0.125000 1.970764 
10.680926 103.892996 0.552583 104.630555 2.947329 0.125000 3.403198 
61.131984 50.618462 60.779938 90.626363 1.568918 0.125000 20.935654 
24.384157 105.886326 10.563525 106.370611 5.128255 0.125000 6.289854 
