128.989716 0.312823 130.333831 9.417983 4.763846 0.125000 15.517114 
138.507556 13.001503 132.142608 15.163017 4.354735 0.031250 0.203712 
136.473921 52.946985 137.018070 59.362866 3.842222 0.125000 3.776944 
133.423990 29.337366 133.491656 34.370070 4.982743 0.125000 0.797908 
163.310525 0.468729 164.430291 10.755056 4.133802 0.125000 3.851484 
132.892969 21.959412 138.181081 20.906719 4.409974 0.125000 0.820776 
137.971524 8.291679 137.041048 0.456828 3.871247 0.125000 3.370729 
141.191381 0.548342 141.406470 5.644774 3.799373 0.125000 1.067674 
142.227391 11.873227 142.258841 18.123068 1.900129 0.062500 0.465614 
145.114338 44.324462 143.252466 63.137615 3.854876 0.125000 10.768851 
126.665034 133.526044 94.290420 141.533018 6.106180 0.125000 63.407139 
152.940121 61.889721 152.696222 38.116575 3.852392 0.125000 37.669546 
146.259061 27.140721 151.835392 13.834553 2.975432 0.125000 0.149785 
153.155923 80.647247 152.950277 69.378188 2.682041 0.125000 5.096624 
156.764040 69.318212 157.329727 80.664649 3.994318 0.125000 5.301648 
124.864109 41.423684 126.237529 46.716043 4.257741 0.062500 2.527919 
165.473871 19.366142 164.597744 34.314794 2.715125 0.125000 2.036308 
157.050331 38.115542 157.232863 65.622625 3.774801 0.125000 21.698959 
117.402496 71.864359 118.587620 130.615668 4.646047 0.125000 60.379766 
122.732652 29.139510 124.184548 34.427293 4.609072 0.125000 1.697763 
119.387100 0.492061 120.326070 9.406487 3.991249 0.125000 8.756152 
150.606450 30.514680 163.375963 28.367509 3.709043 0.125000 6.953153 
94.373350 140.699909 76.881835 140.314656 4.916213 0.125000 18.200964 
169.860464 18.097704 168.871732 0.512732 5.132458 0.125000 20.949977 
125.002333 9.474244 123.580320 0.552428 3.059085 0.125000 3.776944 
169.863240 30.698886 169.605971 19.341453 6.503168 0.125000 7.776105 
117.849778 33.219337 115.832986 0.612136 3.665681 0.125000 38.305764 
119.871445 114.857726 159.327562 124.567763 5.827061 0.125000 59.449438 
164.715803 63.190779 162.896982 38.051061 4.626166 0.125000 15.698694 
163.912715 79.360759 164.183186 70.580585 3.863685 0.125000 1.855669 
170.235009 70.586491 168.976427 83.332502 5.344296 0.125000 14.776697 
117.548547 60.667711 116.337477 44.322211 3.232060 0.125000 9.563678 
174.911704 82.968275 166.395795 87.148851 6.161258 0.125000 3.141359 
89.583646 0.620701 92.416668 138.113839 4.083962 0.125000 158.680894 
26.380136 55.327109 23.314918 47.556971 3.275052 0.125000 4.680034 
170.816237 49.387697 169.808235 64.569750 4.823395 0.125000 8.233892 
15.049894 46.031736 23.026648 57.310514 4.082235 0.125000 11.219093 
23.341693 57.473650 31.968595 60.343666 2.769078 0.125000 1.697763 
0.481029 44.088908 79.302681 47.364987 7.288995 0.125000 165.210679 
84.327315 138.257733 60.508041 129.700560 3.437687 0.125000 38.997454 
60.846364 129.983854 39.160419 122.496499 4.979951 0.125000 12.665053 
154.564503 130.890453 125.333725 134.545684 8.218017 0.125000 72.523006 
33.637749 124.362155 16.050390 131.651377 4.026321 0.125000 9.752547 
95.717161 138.430456 111.994018 133.519469 1.918853 0.125000 1.720471 
20.524608 135.489300 29.167816 129.094950 3.276139 0.125000 2.680153 
30.372499 131.257769 57.967624 142.269386 3.254077 0.125000 13.913139 
172.122969 35.657206 170.505659 48.109500 2.157180 0.125000 1.697763 
76.081396 47.883827 71.833382 61.862352 3.482357 0.125000 7.098330 
76.688385 13.133025 77.817503 39.388224 1.732211 0.125000 16.420204 
66.842021 30.755893 65.162600 14.294647 4.364984 0.125000 4.746480 
66.223468 11.923459 65.569379 3.129137 4.017814 0.125000 5.962107 
67.220071 43.115259 66.937019 33.087964 5.174365 0.125000 0.218016 
