74.184693 39.383620 75.769353 74.368461 3.406790 0.125000 27.099318 
90.613602 23.123932 89.789839 31.913877 1.822266 0.125000 0.164584 
73.511848 0.577073 74.465845 33.158940 4.077652 0.125000 33.076012 
72.607485 32.567574 60.650535 16.855568 3.221891 0.125000 3.770729 
0.625515 112.984845 174.377762 113.623530 2.918106 0.125000 171.690350 
88.861046 34.399469 89.873288 55.660789 3.388841 0.125000 13.693766 
174.382133 117.216044 0.623214 115.852552 4.250117 0.125000 177.481255 
86.446142 41.861683 86.990237 24.339763 2.692779 0.125000 12.811411 
127.537417 35.613108 126.828340 70.649354 2.929466 0.125000 26.150267 
67.897683 30.787856 74.327889 39.763215 5.808668 0.125000 0.879778 
15.343323 96.879747 14.458406 44.373594 4.044364 0.125000 74.027325 
3.511008 50.624857 3.518430 70.625318 2.507421 0.125000 19.129474 
65.742218 74.396977 65.402355 56.879320 2.766245 0.125000 16.200067 
161.418926 26.875606 161.384054 0.623992 3.778225 0.125000 25.865094 
60.227636 56.873525 60.167298 73.127941 4.999966 0.125000 24.701078 
124.800550 70.598290 122.446282 33.089143 3.356416 0.125000 27.547212 
174.908438 34.585064 159.257430 40.303201 2.686529 0.125000 3.851484 
59.006244 19.676467 67.523506 30.094830 2.288702 0.125000 0.883796 
115.370396 45.729355 113.903609 24.581088 6.112373 0.125000 24.421907 
15.225902 43.525025 0.198050 39.890177 5.153731 0.125000 16.720712 
122.925475 25.654266 122.154868 20.400599 4.254525 0.062500 0.805318 
54.740715 76.873923 54.626616 38.124259 2.540476 0.125000 30.652907 
56.022785 37.950713 65.657660 45.583775 4.695369 0.125000 2.402083 
95.844364 54.448195 96.587645 26.833620 6.819501 0.125000 43.939680 
133.663925 68.144031 133.166381 16.874598 7.863548 0.125000 92.015787 
89.833748 0.572065 91.558293 15.517306 3.343248 0.125000 8.533210 
100.812865 25.623172 100.833530 41.874735 2.519071 0.125000 12.807844 
49.386335 14.012894 3.103429 12.564087 4.569473 0.125000 30.887674 
85.108978 23.296521 83.813380 0.514764 10.551651 0.125000 58.826230 
26.863539 16.307217 49.378184 16.685463 5.251259 0.125000 9.189333 
97.686697 70.632365 97.476368 58.114895 2.667652 0.125000 8.292394 
35.657360 11.401870 63.114412 13.279808 2.408878 0.125000 6.633937 
69.810235 55.651361 69.517014 74.396774 3.827743 0.125000 19.596780 
99.370354 16.604853 118.136301 16.282133 2.521124 0.125000 14.971112 
107.247922 45.625401 107.222381 69.375374 1.274195 0.125000 4.336995 
80.828508 62.737069 84.593190 40.450703 7.220400 0.125000 19.156234 
46.281733 28.127044 46.441044 74.376495 2.586100 0.125000 45.808266 
118.900462 18.123507 118.731315 71.872974 3.785385 0.125000 37.142039 
0.620967 16.224579 25.627756 16.069534 1.404976 0.125000 13.710934 
161.673336 79.343429 161.259622 65.605888 2.837514 0.125000 0.426994 
51.941246 2.472814 35.731521 0.826310 2.739840 0.125000 2.249350 
135.523905 2.519770 154.422134 1.489967 3.812459 0.125000 23.097763 
88.067445 78.051754 87.275396 105.708064 7.890551 0.125000 47.792582 
104.992733 69.370967 105.144212 45.621933 2.515895 0.125000 17.143730 
148.782725 71.880972 148.580948 51.870402 1.438993 0.125000 11.416468 
115.224831 106.853881 116.145827 89.402487 11.563751 0.125000 36.486528 
75.490299 74.309181 73.759828 110.714592 4.576666 0.125000 31.293674 
60.118581 79.370344 60.141948 89.376128 3.752909 0.125000 0.149785 
53.119848 78.958813 18.109739 79.392206 3.997275 0.125000 35.423830 
65.017418 86.832069 65.638827 78.037653 2.669992 0.125000 1.697763 
144.871799 50.610918 145.403872 69.381268 1.639106 0.125000 11.904754 
156.994278 74.045981 134.340274 72.334714 3.645191 0.125000 16.094427 
137.946168 36.828768 145.644546 35.766674 3.159886 0.062500 0.805318 
33.619446 58.007800 31.094688 47.356249 6.018401 0.125000 6.907656 
114.014858 91.882168 113.640853 73.089856 7.399025 0.125000 8.589640 
116.875000 68.125000 116.875000 48.125000 1.250000 0.125000 3.776944 
123.161277 93.127174 124.285531 74.369638 2.495522 0.125000 7.782856 
46.262198 7.688301 54.893592 4.552390 4.378279 0.125000 0.664633 
161.870361 28.675835 174.378104 28.592841 1.332913 0.031250 0.255185 
52.038313 29.375233 51.974036 74.375141 1.314275 0.125000 21.838744 
79.656381 26.868628 79.995905 41.860939 1.532688 0.125000 2.873854 
95.358113 95.654037 95.840911 79.307539 5.219238 0.125000 11.956726 
88.527819 119.106353 90.770837 143.342871 9.979874 0.125000 79.514339 
150.901800 55.611548 151.328967 64.401536 1.612574 0.125000 0.164584 
24.292427 56.876188 24.562312 75.640285 1.250000 0.125000 2.873854 
70.076935 78.104294 69.697891 88.137199 1.532258 0.125000 0.164584 
127.029762 74.375200 127.000734 96.875162 2.511286 0.125000 2.402083 
174.387710 26.434405 163.111035 26.109106 1.573875 0.125000 0.797908 
104.500671 144.039085 107.386344 127.857864 14.194801 0.125000 70.604485 
44.387912 74.057508 26.873962 74.300009 1.388329 0.125000 1.067674 
158.986707 88.407359 162.309331 78.267319 2.785109 0.062500 0.850453 
11.876577 33.925145 44.378915 33.861073 3.786955 0.125000 39.990706 
99.763679 93.131096 99.606879 103.128637 2.558500 0.125000 1.697763 
131.709419 98.237501 134.072031 75.463890 5.747231 0.125000 32.678996 
113.140569 8.848593 93.121111 8.256512 1.655936 0.125000 8.756152 
115.633713 0.453945 126.901186 10.434219 5.587933 0.125000 10.033387 
124.001783 17.380417 113.946505 9.955276 2.011111 0.125000 0.820776 
44.379477 27.078312 19.374588 26.971348 5.042731 0.125000 15.513331 
