73.800475 60.618835 73.252837 0.612425 3.955178 0.125000 72.834870 
160.709074 5.640572 161.687344 0.358726 3.211094 0.062500 0.465614 
28.477102 32.553972 14.741108 54.152781 5.371010 0.125000 31.489031 
3.533486 19.475591 26.986738 27.810589 4.633394 0.125000 28.748723 
144.492860 4.044878 154.344812 4.779725 4.018546 0.125000 8.292394 
15.679998 51.851973 0.598240 52.528001 5.386803 0.125000 1.716411 
93.322213 19.334420 92.789291 33.160242 4.036093 0.125000 6.677210 
82.655242 83.165687 83.637129 64.336522 3.940198 0.125000 19.604676 
110.590314 18.535396 130.553357 20.222656 4.684140 0.125000 11.215103 
146.799117 43.494048 155.698431 42.727479 3.134428 0.125000 2.560371 
116.859690 1.136204 141.949493 1.887602 4.122506 0.125000 26.492683 
153.131549 17.924084 139.355441 17.475023 1.656583 0.125000 1.697763 
169.479675 20.195046 173.644459 9.100756 4.389401 0.125000 3.782874 
133.168500 16.761602 105.616783 15.882546 2.910995 0.125000 14.115291 
174.418189 86.038942 84.353276 84.174251 5.860547 0.125000 255.651687 
104.293558 46.935504 115.732426 47.646382 3.355116 0.125000 8.756152 
94.655193 40.559376 96.107885 46.761904 5.723406 0.125000 1.229414 
75.951808 65.624465 75.980466 83.124418 2.520467 0.125000 10.310893 
121.324045 46.431310 134.466444 42.156107 6.330120 0.125000 4.691204 
164.428267 43.841425 174.419355 44.139810 5.109716 0.125000 5.664267 
81.877107 62.922471 75.614782 62.857332 6.288667 0.125000 2.847294 
113.175863 28.430191 97.973152 30.963873 3.698981 0.125000 1.269599 
164.053026 7.016377 162.349698 18.197317 6.931736 0.125000 7.648728 
138.097187 19.977611 158.112243 20.901390 4.207063 0.125000 12.827952 
105.109839 13.656029 109.956825 6.948763 2.347727 0.125000 0.164584 
108.058795 -0.088878 100.067637 14.644729 4.264821 0.125000 5.983381 
156.885954 25.844602 141.860987 26.594081 2.621446 0.125000 6.829207 
66.897115 43.827375 71.704236 33.048841 4.952264 0.125000 13.650421 
74.419087 84.437350 45.569637 83.366423 5.831212 0.125000 61.260837 
163.217284 30.980627 147.080783 35.168007 2.373888 0.125000 2.847294 
14.973732 9.319895 14.645843 20.632850 2.462736 0.125000 1.653093 
14.398909 64.891107 54.397180 66.194206 2.295164 0.125000 31.791110 
55.459294 65.787752 68.121318 44.866252 9.680356 0.125000 45.534068 
53.114203 68.457934 13.115731 67.160812 1.931472 0.125000 23.879069 
13.706841 54.357091 13.471579 63.134290 1.450507 0.031250 0.465614 
12.106921 19.387018 12.562486 10.595850 1.636459 0.062500 1.669734 
88.428551 58.144826 87.642799 20.635101 3.075394 0.125000 16.555253 
0.628836 77.901382 46.886667 78.694841 1.357006 0.125000 20.315323 
48.744689 79.828183 54.931695 71.367981 6.716313 0.125000 8.712693 
174.385868 133.652810 125.628099 132.919091 1.419132 0.125000 24.548014 
126.875000 115.625000 145.625000 115.625000 1.250000 0.125000 2.873854 
106.875208 67.600059 88.125211 67.592643 1.256922 0.125000 1.970764 
101.865582 65.410211 136.874056 65.728722 1.261320 0.125000 14.614024 
11.827872 80.287004 0.450485 81.873411 2.648670 0.062500 2.426959 
1.879525 123.037537 16.839489 123.811448 1.571225 0.125000 2.873854 
