11.836897 96.646268 133.104639 101.170732 3.709984 0.125000 188.730561 
135.125884 29.369969 134.306835 110.624313 2.575470 0.125000 105.590696 
132.527592 99.377755 132.844188 24.373815 2.811278 0.125000 72.428261 
129.476061 105.152097 111.787539 107.452480 3.929962 0.125000 17.072773 
137.039099 0.615324 136.894314 16.864034 1.394741 0.125000 0.164584 
48.177737 3.531230 42.500816 12.281033 5.499026 0.125000 2.835356 
111.804873 111.126867 81.950020 113.925338 8.400534 0.125000 54.736471 
41.251356 12.335948 26.545958 23.958687 3.258761 0.125000 9.711716 
52.939042 0.455042 99.554131 35.385950 9.005428 0.125000 102.835073 
136.788144 110.526787 165.750495 112.710832 4.797853 0.125000 38.164739 
40.218732 94.379437 39.372314 16.875029 1.877840 0.125000 81.442683 
68.022672 13.125420 68.171431 49.374809 1.255119 0.125000 12.304394 
75.258402 116.727886 23.378472 130.340990 6.619906 0.125000 91.132797 
37.422596 18.123234 37.668561 94.376472 1.495947 0.125000 88.667403 
107.737973 69.310543 106.601904 98.163465 6.687781 0.125000 33.711967 
166.879498 95.624997 166.820828 0.625033 1.269299 0.125000 56.156164 
31.947025 133.714636 14.102525 135.894358 7.141541 0.125000 7.701450 
70.653060 95.624961 70.546795 19.375109 1.269161 0.125000 44.415994 
168.813384 0.618361 169.283647 49.375881 1.720110 0.125000 34.612635 
10.625000 94.375000 10.625000 28.125000 1.250000 0.125000 37.191274 
14.376837 136.561851 0.929150 141.460029 9.077208 0.125000 29.690649 
105.705066 58.106536 108.147193 68.696406 5.433906 0.125000 5.595353 
8.150342 30.624801 8.651033 94.370868 1.524859 0.125000 30.257893 
95.219874 36.011623 101.894419 61.869988 7.222675 0.125000 60.715007 
80.579975 110.349379 29.381535 107.983580 2.497335 0.125000 38.345628 
0.490583 66.878682 1.277521 95.607126 1.557579 0.125000 14.614024 
71.875000 46.875000 71.875000 61.875000 1.250000 0.125000 0.164584 
