26.543274 0.665384 32.332749 48.221449 6.236555 0.125000 68.572712 
14.394931 86.411843 109.365658 84.006197 2.657463 0.125000 81.272214 
108.135756 87.558637 3.122417 89.210812 4.595080 0.125000 94.653825 
85.568278 71.302676 103.154326 72.774634 2.804071 0.125000 6.281913 
144.759743 0.597458 143.928959 64.401744 6.265745 0.125000 128.353648 
108.709309 30.517899 118.157064 25.687717 3.932999 0.125000 0.923527 
141.197149 66.806818 140.618470 83.168978 4.012743 0.125000 7.673113 
133.456673 35.750262 132.876745 25.711553 4.919586 0.125000 4.067599 
74.630446 25.809716 72.544861 0.467005 6.520991 0.125000 57.802342 
106.802492 83.127486 103.972282 0.595945 6.710679 0.125000 144.881966 
109.328136 70.072596 119.467254 69.212435 4.159239 0.125000 3.048414 
116.706723 13.140882 115.749156 2.995304 3.076220 0.125000 1.720471 
105.749368 19.266432 115.966651 13.394509 7.287401 0.125000 16.294391 
61.036936 27.488521 69.649236 29.369123 5.951572 0.125000 7.917544 
122.375107 66.882996 122.068297 38.109610 6.396252 0.125000 29.862335 
121.514357 29.154397 118.448569 16.794739 4.852933 0.125000 10.695739 
76.908939 81.785694 50.608325 82.554724 3.858001 0.125000 30.685185 
34.432402 48.830134 44.452875 49.885796 3.991288 0.125000 4.339063 
128.399592 14.357952 128.289247 20.671564 3.749427 0.125000 0.797908 
50.035088 0.556115 50.896987 24.455351 4.591297 0.125000 49.846574 
47.343050 71.877176 47.290857 53.120365 3.756942 0.125000 23.097763 
25.977313 63.115059 24.213125 0.594296 2.357973 0.125000 45.163605 
46.920315 44.557855 44.582194 29.153818 9.103327 0.125000 19.679753 
0.328255 55.262586 13.075112 59.524218 2.378075 0.125000 3.370729 
120.415915 75.919809 109.368293 74.424551 4.386736 0.125000 1.198571 
39.470431 8.119836 39.062119 0.574290 2.631433 0.031250 5.995755 
133.234486 25.609289 129.618555 0.410679 6.009076 0.125000 18.492948 
78.129718 74.099303 50.622250 74.014242 2.585025 0.125000 29.966554 
19.968419 26.884550 19.586182 0.603748 2.772413 0.125000 21.498652 
134.643052 68.129325 134.739235 34.368915 6.274903 0.125000 51.399334 
80.820207 31.864228 81.127800 73.130570 2.751491 0.125000 47.156015 
14.577905 57.530539 0.351986 52.674863 2.394340 0.125000 2.680153 
174.376641 86.613289 120.620917 86.276317 4.945053 0.125000 48.157298 
81.418236 21.991567 80.133166 30.736414 6.365328 0.125000 3.586135 
163.108489 80.875542 143.112952 79.557823 1.822677 0.125000 8.292394 
64.367152 71.207761 78.131489 71.393119 1.435035 0.125000 5.583124 
130.729272 56.875397 130.667407 73.129919 2.547557 0.125000 5.172956 
156.798205 83.753867 174.339165 81.585160 5.422352 0.125000 8.168637 
80.662425 0.604654 80.326238 20.640961 2.772267 0.125000 25.451104 
155.598065 78.317973 164.351990 79.539851 1.929200 0.031250 2.447038 
143.120350 83.501275 155.626648 83.434712 2.539882 0.125000 6.486214 
45.977091 13.139378 45.776344 0.602561 2.699812 0.125000 8.292394 
62.261481 29.373473 62.419579 69.377788 2.504920 0.125000 36.846700 
123.178981 75.722283 122.471945 67.029792 3.838995 0.125000 5.219043 
146.864039 59.044995 174.375207 58.131237 1.913227 0.125000 20.315323 
58.977109 69.375584 58.922086 31.873831 1.305019 0.125000 16.420204 
30.450794 93.896949 27.003473 122.195203 10.014659 0.125000 66.750258 
28.504804 120.571411 31.715094 143.323932 10.805640 0.125000 55.730354 
15.539409 63.578744 25.651192 65.486147 1.993268 0.125000 0.164584 
174.375000 55.625000 160.625000 55.625000 1.250000 0.062500 2.873854 
33.066167 53.078056 33.611091 66.905106 2.891855 0.125000 15.517114 
1.054321 22.272886 17.633932 25.658986 8.296984 0.125000 29.297678 
48.043380 103.270017 46.698051 90.916527 6.213265 0.125000 10.248991 
85.859937 44.360908 87.363084 69.420702 2.570358 0.125000 24.777277 
22.058698 29.371198 22.757403 63.132608 1.767006 0.125000 27.027597 
78.871912 134.536986 77.444727 119.091356 9.172927 0.125000 22.263659 
78.183100 69.374601 77.951588 35.626190 1.284269 0.125000 13.710934 
140.977704 88.057290 145.089883 109.477729 3.633492 0.125000 6.916790 
50.555169 43.125078 50.571998 58.125059 1.258413 0.125000 0.164584 
77.241523 114.425619 77.559247 104.279001 9.995101 0.125000 5.840417 
105.977337 105.555773 106.500590 89.322639 4.231307 0.125000 11.797682 
158.155873 55.943591 148.128900 56.915249 1.726435 0.031250 0.255185 
