139.335422 32.042927 164.393340 31.126418 4.585458 0.125000 19.792362 
174.375106 95.637561 124.378658 96.058972 1.481740 0.125000 21.207173 
129.419680 31.249924 139.546637 31.973795 4.898153 0.125000 12.058439 
129.486164 0.508038 128.069916 29.433505 4.958808 0.125000 36.880878 
123.126651 93.315852 153.124406 93.056342 3.944499 0.125000 29.283090 
148.614547 71.942651 127.080423 69.079815 8.258242 0.125000 46.829887 
164.379324 30.976712 174.385109 31.024875 3.768007 0.125000 10.098574 
137.151433 44.563280 130.914300 53.720663 3.803049 0.125000 9.438675 
142.872331 63.291957 154.371334 60.609287 3.651935 0.125000 1.702576 
147.004949 41.046548 137.168980 44.078653 3.215358 0.125000 5.219043 
154.042546 29.396458 154.540602 8.099640 2.937692 0.125000 31.033607 
153.128967 6.575581 131.866138 6.293866 2.582581 0.125000 19.129474 
127.091588 54.430701 130.261927 42.103095 2.967428 0.125000 1.229414 
127.443451 71.875955 127.420343 85.625916 1.273106 0.062500 0.616176 
155.921107 69.382247 155.759538 48.114482 3.787875 0.125000 4.691204 
131.046389 63.473882 136.044316 57.437250 6.077118 0.125000 2.742210 
126.668152 99.336499 126.241665 143.167489 8.992831 0.125000 206.817415 
149.160178 43.523754 160.626299 40.630146 5.777044 0.125000 1.921036 
174.459958 37.590684 167.976368 36.559778 2.432846 0.062500 0.616176 
133.120151 2.295397 151.882073 2.511816 3.807422 0.125000 10.248991 
153.438489 52.278674 141.402265 61.625871 5.482424 0.125000 9.867370 
174.383648 72.125497 158.113235 71.984718 3.868827 0.125000 25.451104 
85.596372 96.791415 118.138128 97.590101 2.315227 0.125000 27.027597 
20.628086 104.109430 0.616262 103.876849 4.970609 0.125000 18.240388 
18.565853 101.556936 27.165410 97.488909 2.381703 0.125000 1.697763 
158.546759 29.377573 158.722143 0.628643 1.417738 0.125000 13.192832 
5.167480 75.613183 4.551961 99.444142 3.716475 0.125000 9.741766 
28.121856 97.522238 84.376846 97.228778 1.530371 0.125000 51.640714 
130.095922 47.726071 134.912665 41.337893 2.257675 0.125000 0.164584 
123.649812 28.134185 123.868525 15.638013 1.424806 0.062500 0.275019 
154.809249 143.333632 157.075346 97.885683 11.861996 0.125000 238.702990 
132.119689 41.837610 131.100881 35.170269 6.847497 0.125000 1.486207 
100.625000 99.375000 83.125000 99.375000 1.250000 0.125000 1.970764 
36.559391 98.285444 21.384350 102.681162 2.786423 0.125000 0.434640 
5.530070 0.611457 4.787271 74.379151 2.713838 0.125000 96.795213 
144.406071 79.694031 133.141180 80.791131 2.361176 0.125000 2.576231 
146.877123 86.115268 134.371944 86.169431 2.516219 0.125000 7.389304 
66.875000 99.375000 38.125000 99.375000 1.250000 0.125000 10.098574 
1.875000 74.375000 1.875000 0.625000 1.250000 0.125000 42.609814 
85.797482 5.625956 85.561973 48.124651 1.284615 0.125000 19.129474 
11.875000 21.875000 11.875000 0.625000 1.250000 0.125000 3.776944 
28.475969 61.911333 27.054388 75.643570 1.250000 0.062500 2.873854 
84.375000 19.375000 84.375000 1.875000 1.250000 0.125000 1.970764 
