85.206014 72.346729 81.237271 58.305250 3.974463 0.125000 1.992002 
83.059203 61.353824 86.822001 51.854008 3.080272 0.125000 1.720471 
87.013570 51.807436 87.997768 35.617266 3.026324 0.062500 1.853511 
31.752071 40.624208 31.856799 24.366830 2.596574 0.125000 16.420204 
36.378409 40.638913 36.794199 18.123508 2.730371 0.125000 5.595353 
85.647477 14.200672 64.406752 14.644518 2.812825 0.125000 15.479921 
85.624897 90.823946 36.874910 90.798727 1.273279 0.125000 24.548014 
30.652309 22.611112 20.614230 22.077671 3.612049 0.125000 1.720471 
36.870163 88.591727 80.626214 88.321524 2.577141 0.125000 34.057143 
50.670883 39.655627 38.080758 39.059704 3.088200 0.125000 12.058439 
159.172866 59.293523 173.153216 61.711885 3.741801 0.125000 2.835356 
83.423557 40.606576 81.881913 15.624573 4.435801 0.125000 14.787699 
53.401965 71.153921 35.724074 68.669918 3.456685 0.125000 0.190130 
53.493255 19.333575 52.611554 38.100878 3.083857 0.125000 19.962553 
65.627296 20.241016 79.384280 20.323285 2.507430 0.125000 8.292394 
38.112478 36.416692 48.129743 36.575127 1.407986 0.015625 1.925686 
80.637656 23.673280 64.370403 23.379892 2.634838 0.125000 11.416468 
19.188383 9.349973 19.952861 41.831981 6.660026 0.125000 42.760520 
49.347398 19.797234 38.063903 19.059623 2.739294 0.125000 4.336995 
50.298451 35.621906 50.440573 20.623252 1.380229 0.125000 0.164584 
35.794756 66.899098 36.176905 44.384368 2.605708 0.125000 19.423771 
90.026299 51.865395 89.604950 78.128689 2.720245 0.125000 21.498652 
79.380553 72.884522 54.374434 73.022067 2.596219 0.125000 13.717433 
34.590478 31.887511 32.994898 59.367446 1.682642 0.125000 7.653196 
38.090783 16.282149 51.868515 16.999538 2.626614 0.125000 9.195484 
62.924866 18.356575 59.759682 49.791324 9.457358 0.125000 73.155452 
35.297181 0.545180 34.092381 24.360703 2.924192 0.125000 3.699353 
79.377447 80.931228 41.869853 81.230961 1.499679 0.125000 0.879778 
45.683364 33.526019 39.291706 33.086619 2.837033 0.125000 1.970764 
91.163193 48.111772 91.836628 11.874287 1.760754 0.125000 18.779381 
147.913421 93.530678 158.337604 98.967358 3.420473 0.125000 8.567595 
112.770655 0.563780 110.336123 64.363977 3.508954 0.125000 39.949752 
174.580159 74.425137 171.486224 87.085466 3.022019 0.125000 2.249350 
48.143364 59.348049 47.924648 69.343263 3.913179 0.125000 8.756152 
159.770686 68.971179 153.088548 83.107770 2.794403 0.125000 6.009503 
23.091582 13.700218 30.638729 14.138684 1.610391 0.062500 1.669734 
34.268360 79.211829 10.559044 81.000971 3.833428 0.125000 15.409125 
15.625355 78.127143 33.262539 75.205203 2.670684 0.125000 12.933632 
174.385170 66.432893 163.121220 66.574683 1.375771 0.015625 4.680034 
169.549046 84.293847 158.166757 82.805628 3.289184 0.125000 11.904754 
149.719200 83.222108 150.487047 70.616597 3.363057 0.125000 6.799042 
157.425089 82.130167 163.780538 68.429081 3.763925 0.125000 15.407743 
159.374683 98.173345 174.382235 98.271764 3.807300 0.125000 5.595353 
41.405805 45.220427 38.634933 56.995001 5.081972 0.125000 11.349210 
171.858781 56.324300 153.118862 55.889671 1.626443 0.125000 8.756152 
113.555789 58.033463 116.096915 0.590580 3.823384 0.125000 44.548596 
39.223307 25.427590 45.923726 24.725367 4.972765 0.125000 10.098574 
85.650938 119.438119 84.220080 91.689619 16.099697 0.125000 86.359550 
59.464103 96.716464 61.902839 117.315666 13.360718 0.125000 61.410456 
170.715591 89.928531 153.186971 87.648564 4.363598 0.125000 8.991506 
21.815463 60.899772 33.337071 63.396268 2.280477 0.125000 2.576231 
35.624673 79.328120 74.381503 79.057997 1.450344 0.125000 9.378608 
161.868866 51.520871 174.386762 51.304040 2.521274 0.125000 7.389304 
164.372886 68.427222 174.375624 68.404913 0.647299 0.031250 0.465614 
15.621309 88.517468 35.631295 88.705650 1.426270 0.125000 5.219043 
61.237250 117.367829 62.302703 129.556152 11.969244 0.125000 23.424903 
10.994353 78.107701 11.730209 40.646710 5.048134 0.125000 38.067358 
115.617812 89.840185 133.127792 89.679814 2.499895 0.125000 11.416468 
12.846440 15.622051 12.555241 43.132200 1.514544 0.125000 14.614024 
34.373390 90.917602 15.623958 90.814419 1.318770 0.125000 1.970764 
88.125000 34.375000 88.125000 19.375000 1.250000 0.125000 0.164584 
158.142402 100.835909 148.005142 101.672312 4.045657 0.125000 2.486513 
81.497423 130.918545 83.217266 118.483527 12.000185 0.125000 14.042783 
106.875456 90.926545 86.875502 90.956779 1.270784 0.125000 0.820776 
100.378469 46.957812 101.206603 36.922997 2.902763 0.125000 7.389304 
37.035004 119.289426 35.372132 91.890347 2.798305 0.125000 17.380123 
61.227652 130.248704 65.087377 136.430191 4.504933 0.125000 4.232717 
110.212619 93.108802 109.426296 113.127015 1.739663 0.125000 12.807844 
16.148026 91.620811 20.613465 122.768242 7.419698 0.125000 47.187833 
14.476601 41.878439 15.365580 15.616219 1.841322 0.125000 18.532534 
32.250458 120.600072 30.922933 100.605219 2.411699 0.125000 11.086358 
113.125000 113.125000 113.125000 94.375000 1.250000 0.125000 2.873854 
10.354085 20.632478 9.801474 0.613228 1.732410 0.125000 7.689797 
104.375000 14.375000 104.375000 0.625000 1.250000 0.015625 10.098574 
