81.621392 102.138155 99.438596 119.309010 8.329082 0.125000 22.977403 
132.244047 131.786089 125.639286 104.371558 6.280667 0.125000 27.685880 
130.823015 97.422992 125.633480 75.622981 5.790622 0.125000 40.079665 
173.166386 6.247125 153.093490 5.804740 4.134677 0.125000 35.005105 
154.373717 1.944637 169.391653 2.221423 2.752950 0.125000 11.416468 
77.356824 119.263886 82.999090 143.730562 5.622845 0.125000 25.242931 
127.124701 103.890324 130.440444 97.392920 4.522533 0.125000 9.195484 
98.449132 128.057220 100.108890 135.994318 7.597065 0.125000 2.319990 
78.693011 86.855072 78.473443 108.141488 7.589852 0.125000 18.811295 
80.753544 64.537167 78.236713 85.932232 7.886753 0.125000 23.715906 
42.897438 93.117184 41.866766 123.124717 5.254505 0.125000 33.669137 
146.108496 15.635353 147.104226 89.355020 9.509505 0.125000 234.329594 
108.451148 61.990501 96.891702 54.349733 9.738554 0.125000 3.795916 
148.442844 86.786819 150.981576 131.925249 8.541063 0.125000 99.325985 
25.907233 96.422488 0.544779 105.398325 2.919226 0.125000 29.683823 
97.402997 47.973534 85.828930 66.706376 9.665517 0.125000 23.047465 
152.182007 0.322292 145.907980 19.867098 7.567157 0.125000 41.087246 
150.181557 130.777045 148.773348 138.247221 4.379775 0.125000 0.426994 
26.797398 107.093434 32.141963 78.407631 5.602271 0.125000 27.285547 
4.805538 21.054629 0.618422 0.885871 5.242768 0.125000 21.297394 
100.299288 138.179625 88.875634 141.292309 6.687388 0.125000 12.334838 
49.371668 114.375657 46.904336 101.869212 6.357104 0.125000 30.569928 
51.452717 131.834461 50.597681 114.376338 4.994014 0.125000 28.183996 
122.774344 68.970546 118.040567 60.009290 6.694040 0.125000 8.442135 
118.473805 59.338092 117.558186 50.684977 3.498780 0.125000 0.218275 
46.861093 101.728783 45.986162 94.332278 2.905897 0.125000 1.067674 
52.351121 143.292232 52.018220 131.798443 8.999658 0.125000 26.150267 
38.136971 121.489645 23.128625 121.379778 5.027317 0.125000 5.465453 
125.574740 75.021631 122.837679 69.517887 3.363732 0.125000 1.067674 
100.465380 74.390862 100.338647 63.128222 2.499842 0.125000 5.583124 
11.858823 108.100479 25.461170 99.126669 4.528615 0.125000 10.768851 
141.613246 139.572407 136.047184 132.192027 4.502639 0.125000 4.339063 
0.412597 61.555558 15.754553 65.057415 6.477455 0.125000 12.146369 
14.019777 43.649731 7.816903 25.306490 8.706461 0.125000 32.215913 
94.435804 129.770933 81.821755 128.872889 4.987377 0.125000 12.882770 
29.435406 87.282574 0.405090 88.340501 12.992455 0.125000 99.863423 
13.261181 98.495933 26.995638 93.453596 1.723192 0.125000 1.697763 
32.226107 65.504918 41.562738 92.804285 4.264885 0.125000 25.201345 
82.341841 125.718386 79.349983 100.627983 2.721261 0.125000 15.479921 
-0.372233 121.251716 11.504572 114.929158 5.588347 0.125000 11.314525 
0.130489 133.565665 19.344789 121.825556 2.370117 0.125000 8.739380 
77.271540 108.037357 77.809386 118.141800 2.430024 0.125000 4.680034 
143.748278 89.064664 140.027347 96.579058 3.915252 0.125000 6.102063 
20.547953 23.145685 29.358953 55.964897 4.739803 0.125000 36.000105 
42.589679 127.541749 26.919849 141.923865 1.766146 0.125000 3.508045 
56.887081 133.536215 62.025172 117.766650 4.313221 0.125000 14.115291 
46.715057 68.138005 46.864520 55.609962 2.634028 0.125000 1.454630 
44.737312 52.990005 34.520984 25.570607 3.972976 0.125000 31.758920 
10.668870 123.266992 0.482621 126.414172 1.650604 0.125000 0.164584 
53.005089 90.651154 48.150196 68.392141 4.573569 0.125000 12.877214 
45.965919 130.982191 34.459950 141.964005 1.250000 0.125000 2.873854 
61.119445 108.888252 51.062654 98.932887 2.709852 0.125000 4.339063 
12.840773 60.712291 10.061892 51.664043 4.045705 0.125000 3.508045 
