145.007329 36.872905 145.130303 0.619082 3.834779 0.125000 22.575616 
139.676512 59.777767 138.184751 51.635051 5.143401 0.125000 2.486513 
140.880506 1.864410 141.503292 16.890406 1.714809 0.125000 6.102063 
138.517995 109.380454 139.038600 71.870331 3.368002 0.125000 38.586184 
174.560654 62.617311 165.655023 63.447185 3.733824 0.125000 6.102063 
138.716116 16.880305 138.585125 0.611231 2.620688 0.125000 7.653196 
171.199699 39.386005 171.487296 24.367576 3.916841 0.125000 12.995593 
138.681587 50.626593 138.609769 19.373886 2.566060 0.125000 24.738389 
137.831070 70.532589 141.499649 58.863993 5.962270 0.125000 5.141086 
157.731611 55.624287 157.754251 43.124328 2.513580 0.125000 0.218275 
145.589531 39.006661 169.479117 36.706237 2.894041 0.125000 9.214542 
90.616446 111.524766 138.118640 110.364599 3.382640 0.125000 61.564914 
163.939465 20.531648 163.030757 36.939011 4.435505 0.125000 2.965374 
170.766318 73.875314 154.320721 72.547042 4.039724 0.125000 5.682535 
170.631785 78.717931 141.871944 78.420970 2.616023 0.125000 23.245778 
174.376419 109.314867 140.586238 108.517365 2.440316 0.125000 13.088432 
148.734175 -0.143453 161.437526 9.926858 4.324269 0.125000 13.137834 
0.616312 110.388076 84.381591 111.106402 4.339403 0.125000 122.275042 
145.624668 106.850317 174.369458 106.463345 1.468630 0.125000 9.195484 
138.125000 113.125000 108.125000 113.125000 1.250000 0.125000 8.756152 
87.507880 0.619769 88.282778 94.373696 1.580556 0.125000 71.508693 
174.778362 4.929259 167.496328 10.228765 3.032071 0.125000 4.680034 
85.244974 40.625306 85.212764 0.624325 1.282209 0.125000 17.323294 
143.110024 102.718540 159.383988 102.118936 1.663371 0.125000 7.389304 
86.875000 101.875000 86.875000 93.125000 1.250000 0.031250 0.465614 
86.626521 91.885896 85.256472 60.641160 1.303559 0.125000 12.807844 
