108.515209 53.193798 110.300520 43.067791 4.924053 0.125000 2.536664 
87.604306 24.371171 87.503128 38.129619 3.740706 0.125000 2.536664 
165.185563 84.404126 165.906524 64.340200 4.727450 0.125000 25.590640 
136.444496 36.877712 136.255401 6.863153 7.491976 0.125000 44.946320 
81.028985 49.376130 81.098930 24.376326 5.031456 0.125000 15.124149 
174.469674 77.420412 168.103314 93.116204 3.977347 0.125000 17.040467 
96.240666 46.866447 96.004517 64.380117 1.485830 0.125000 1.034919 
87.862768 43.084828 88.290193 66.894474 5.021631 0.125000 21.375938 
54.204445 64.339068 51.576648 76.812144 6.438741 0.125000 10.320792 
165.519703 63.237097 147.344758 45.152885 5.325402 0.125000 38.017888 
94.430825 55.618554 91.675397 31.753721 4.967002 0.125000 20.063090 
127.474827 43.209556 126.068263 53.187486 5.665358 0.125000 4.824161 
50.848532 76.688818 51.820555 84.381879 4.347190 0.125000 5.962107 
55.423417 23.120466 55.504797 64.375237 5.054237 0.125000 48.296555 
149.484889 44.288298 138.353925 30.180629 5.113705 0.125000 25.657518 
164.333888 0.561799 164.923850 11.846306 4.136456 0.125000 4.658263 
126.753519 53.223860 125.610334 80.728300 5.621691 0.125000 29.587898 
154.811370 8.812907 159.934129 1.397714 3.477879 0.125000 3.370729 
167.392610 14.118756 174.905377 10.465782 3.950015 0.125000 6.486214 
145.502098 9.817113 154.425895 8.459553 4.567134 0.125000 5.172956 
104.039219 44.374607 104.027510 54.376057 2.510243 0.125000 2.576231 
138.774742 4.871485 147.601240 12.482412 3.100735 0.125000 0.664633 
174.393073 1.100580 165.618680 0.895809 1.424643 0.015625 1.067674 
62.708798 86.678736 25.419191 97.409832 3.474264 0.125000 32.075356 
79.400875 78.231092 81.714771 50.403797 6.021339 0.125000 39.359338 
50.283646 86.826048 62.035994 83.737629 3.626856 0.125000 1.967896 
103.143689 75.767473 99.778441 46.683682 5.869842 0.125000 32.215913 
87.639308 66.863744 87.970867 89.377270 2.794239 0.125000 12.806661 
25.174549 98.189718 0.423912 107.595872 3.061336 0.125000 33.717641 
21.166626 11.034902 29.811899 8.213951 3.565013 0.125000 4.232717 
8.451608 8.909018 25.138635 1.957489 2.692775 0.125000 4.067599 
135.547082 76.879343 135.690685 38.120612 2.634290 0.125000 68.699134 
156.875188 0.926849 141.875194 0.936179 1.258552 0.015625 7.219478 
0.565262 21.758233 19.480457 12.081129 3.415946 0.125000 7.190052 
0.560599 4.152459 13.096023 0.524867 3.254722 0.125000 6.799042 
20.484082 0.302182 7.693154 5.885713 2.709622 0.125000 1.855669 
131.119398 26.817657 132.726216 40.671253 2.915401 0.125000 5.172956 
130.710707 85.767343 119.349865 86.466671 7.639430 0.125000 6.086341 
49.280316 84.835820 24.339388 87.828174 5.113302 0.125000 36.114887 
95.346704 79.328360 95.651750 85.683714 2.796769 0.125000 1.970764 
114.802268 0.499474 113.254383 10.644740 3.082101 0.062500 0.850453 
132.340944 0.609097 132.538081 21.880439 2.499893 0.125000 16.442587 
167.051746 96.932956 157.085509 95.455246 7.968899 0.125000 8.077908 
108.200226 102.931575 100.911897 86.205310 10.722994 0.125000 54.229754 
163.156966 74.939020 136.779161 76.434004 5.062720 0.125000 28.024159 
132.724132 50.621656 132.494634 78.130169 1.479375 0.125000 20.032564 
91.463836 76.855974 91.038777 58.115615 2.556046 0.125000 14.081748 
28.152842 11.942057 10.569967 19.242453 2.025364 0.125000 2.680153 
16.829466 25.961163 31.916577 25.209414 1.620143 0.125000 0.164584 
79.803905 94.374199 79.775901 79.371918 2.511662 0.125000 6.829207 
106.445384 134.538177 107.616991 101.722976 9.726029 0.125000 105.473195 
95.194044 91.911371 97.088359 114.356993 4.787925 0.125000 16.748452 
23.297661 93.837353 50.702547 87.194939 3.018550 0.125000 13.603944 
88.864939 86.628200 83.995691 96.691466 5.589698 0.125000 10.695739 
26.657662 89.322888 16.522737 91.014527 7.191867 0.125000 14.928551 
135.636395 83.914961 153.094722 84.347392 3.996467 0.125000 3.770729 
13.086891 30.722795 48.124456 44.376397 2.783248 0.125000 12.877214 
52.941067 91.729872 54.156056 100.654806 2.814377 0.125000 2.576231 
105.254065 143.566746 106.952330 135.381690 5.149677 0.125000 9.438675 
54.357257 79.766434 75.620229 80.730253 1.758140 0.125000 9.642303 
136.778478 89.242452 153.122478 90.654198 2.383155 0.125000 6.829207 
84.399771 1.944998 98.121482 1.687503 3.890057 0.125000 1.036501 
28.128930 64.307703 41.904945 65.112264 1.685151 0.125000 3.776944 
87.824330 95.624769 87.808018 116.874757 3.758635 0.125000 17.380123 
0.618721 61.954580 25.660085 63.930321 1.474775 0.125000 9.195484 
31.922248 103.229494 5.904762 114.993715 1.545020 0.125000 2.486513 
15.666544 90.745503 8.578106 93.189282 3.178310 0.062500 0.293299 
