91.777847 36.061934 153.049196 28.740607 4.832193 0.125000 99.026333 
159.392342 48.750246 91.840299 50.623853 4.233748 0.125000 113.928923 
58.097580 52.593517 0.585931 50.398763 3.461266 0.125000 90.094470 
63.089333 33.558381 91.850279 35.925383 3.942419 0.125000 28.596689 
141.883683 58.718754 71.880375 59.742522 3.230883 0.125000 111.776755 
16.921911 28.900701 56.901708 32.854964 3.212456 0.125000 24.672101 
159.802287 129.428579 157.766315 50.666584 9.802853 0.125000 205.529609 
0.586590 46.561783 84.349528 49.996236 3.553380 0.125000 82.272770 
69.256383 60.668306 67.393094 109.346985 6.586091 0.125000 94.242773 
56.379845 85.578882 57.205966 54.317680 6.611055 0.125000 73.940763 
159.413139 25.650785 159.667601 0.602575 5.253702 0.125000 69.702513 
0.596787 59.101822 46.880383 60.438619 2.462870 0.125000 37.443052 
174.541362 135.537476 165.618453 134.427640 4.029899 0.125000 9.195484 
57.253575 33.089042 57.804644 0.577196 6.397392 0.125000 79.874722 
55.306397 105.785606 56.621591 87.922279 6.783829 0.125000 25.981593 
133.100495 72.063348 141.864768 73.203642 1.884651 0.062500 0.465614 
91.973126 47.266692 98.777817 36.497655 10.346609 0.125000 18.407399 
71.435328 0.514765 70.256347 31.954924 6.667180 0.125000 105.775809 
151.794634 51.761805 149.484002 104.434616 5.860522 0.125000 157.849959 
153.164931 0.589855 152.436295 25.677606 4.038732 0.125000 46.259346 
71.875799 84.397464 115.659341 82.841041 2.593048 0.125000 50.129656 
50.234859 59.514377 46.190271 84.466627 6.369482 0.125000 62.432587 
0.607608 87.810060 33.146435 86.013157 2.702969 0.125000 37.298484 
40.582899 64.384376 14.363094 65.274146 5.421067 0.125000 26.726663 
144.211286 27.029803 145.970334 0.482231 6.649545 0.125000 89.373428 
90.605104 51.463670 69.465027 52.486219 4.107973 0.125000 7.236105 
49.323479 0.535181 48.304935 29.469339 6.334082 0.125000 85.171769 
120.602729 80.937601 139.371833 80.491685 1.309026 0.125000 0.820776 
63.048713 0.602876 62.526886 31.885874 2.958312 0.125000 42.609814 
129.885116 73.210999 130.503338 60.557981 2.556534 0.062500 1.438093 
117.730811 79.425337 118.769513 61.765863 4.110511 0.125000 29.245104 
104.189549 118.089319 151.726232 125.349123 3.810420 0.125000 51.133106 
26.952623 63.498204 0.577354 61.163187 3.041420 0.125000 0.788841 
37.511485 84.793907 41.567315 66.529105 7.321659 0.125000 35.727688 
142.535150 71.868329 142.662523 60.605633 3.862845 0.125000 13.192832 
140.476469 101.865101 142.146255 76.809773 3.907941 0.125000 39.064127 
41.689275 29.368448 42.705368 0.566099 5.261313 0.125000 70.097633 
146.928784 131.487531 96.852583 124.536497 2.991848 0.125000 37.261112 
124.413682 102.811824 138.109140 104.503410 1.393801 0.062500 1.785718 
46.035943 90.383189 47.361221 99.486196 5.308009 0.125000 4.304398 
118.270120 29.401141 120.311477 18.068525 2.682000 0.125000 3.370729 
23.132398 106.948595 46.893602 104.560053 2.118895 0.125000 15.860896 
71.538335 106.675070 103.509597 116.925426 3.298383 0.125000 22.378424 
100.592823 31.874135 101.432811 0.613118 1.753183 0.125000 23.644924 
131.504751 28.163558 132.712520 0.606922 2.114470 0.125000 18.201342 
16.853709 112.889547 0.623387 114.357167 1.695207 0.125000 3.776944 
107.107944 0.638808 105.331480 30.607601 1.250000 0.125000 11.001664 
28.189194 0.268196 20.219989 26.753134 5.381082 0.125000 31.623677 
137.802097 0.603764 136.568927 19.354871 1.493393 0.125000 4.680034 
