69.384346 74.847038 39.388675 74.486697 3.749729 0.125000 41.042918 
39.028640 73.134527 39.331980 44.361368 2.776586 0.125000 34.117487 
69.255268 11.876518 69.635663 41.887540 2.784968 0.125000 38.786274 
69.183299 44.324109 68.166590 73.126468 4.232732 0.125000 52.851467 
41.899832 5.079194 20.580221 4.109246 3.859747 0.125000 9.867370 
54.373485 43.499299 68.125607 43.475501 1.271629 0.031250 2.447038 
40.630765 42.991245 51.913682 43.477573 2.605339 0.125000 7.389304 
63.156989 41.147215 40.645538 40.157739 2.552478 0.125000 9.711716 
40.381895 39.367007 40.153685 10.618819 5.079222 0.125000 26.279436 
1.866429 1.717560 14.329496 1.039104 1.927612 0.125000 0.797908 
4.996252 9.364607 5.268375 25.630966 1.479819 0.125000 6.486214 
39.307127 8.728620 70.444547 12.229828 9.129125 0.125000 45.714657 
9.357250 8.092170 38.119362 8.511607 6.559190 0.125000 29.551114 
16.897781 5.220621 0.558797 4.300150 2.425734 0.125000 12.807844 
8.108829 41.457748 35.622727 41.992038 1.443917 0.125000 8.292394 
36.915502 44.302428 10.613609 43.496964 2.422305 0.125000 20.626123 
4.196895 43.111827 4.550528 71.888204 5.091783 0.125000 31.610997 
4.882728 24.424632 3.551341 38.044485 4.340271 0.125000 1.602836 
6.875000 71.875000 6.875000 43.125000 1.250000 0.125000 10.098574 
37.542757 10.611247 37.159125 26.852185 2.764968 0.125000 12.807844 
8.004314 38.099393 7.352735 9.364167 3.947394 0.125000 39.160999 
72.519880 0.604443 72.879405 11.882829 1.528151 0.125000 0.164584 
8.719348 45.624712 8.707831 71.875256 1.261516 0.125000 8.292394 
14.349274 77.366072 68.082775 80.181014 5.052749 0.125000 53.096128 
39.321884 111.875452 39.076979 83.116893 2.712800 0.125000 29.379557 
71.857209 62.088942 174.387639 63.334951 2.610503 0.125000 99.315253 
72.392288 58.127688 72.613150 15.622340 1.464318 0.125000 49.834534 
67.924617 83.098213 68.787010 116.890006 3.009436 0.125000 30.828346 
174.371808 60.825303 105.619349 59.729549 1.887267 0.125000 42.552883 
98.124799 59.409191 74.375619 59.269624 1.272016 0.125000 6.486214 
78.125000 84.375000 134.375000 84.375000 1.250000 0.125000 29.966554 
65.625000 125.625000 41.875000 125.625000 1.250000 0.125000 6.486214 
34.388626 73.876016 16.867557 73.397561 1.624872 0.125000 6.829207 
16.875000 110.625000 34.375000 110.625000 1.250000 0.125000 1.970764 
141.875000 86.875000 119.375000 86.875000 1.250000 0.125000 5.583124 
