72.038646 60.638208 71.308721 0.601490 3.810508 0.125000 115.456957 
22.764736 31.640944 8.604580 53.436573 5.394569 0.125000 38.164739 
0.279768 17.681478 23.365253 27.563758 5.911000 0.125000 17.457178 
93.210519 15.584497 92.686403 30.653222 5.083880 0.125000 10.033387 
148.331459 0.862326 161.066651 3.458721 4.899218 0.125000 10.390293 
7.181408 51.875076 0.418550 53.532731 3.642185 0.125000 4.680034 
81.994341 86.924526 82.810317 64.363619 4.063810 0.125000 29.800836 
131.872417 42.261796 161.875889 42.172031 3.806080 0.125000 25.691914 
113.117234 15.328205 128.136605 15.450564 3.872073 0.125000 20.315323 
164.374605 14.401184 144.360305 14.099311 2.593973 0.125000 1.668182 
105.587681 46.487697 118.172278 47.032088 3.854542 0.125000 12.933632 
134.371504 13.257341 123.129350 12.960331 2.466115 0.031250 1.896440 
94.525110 39.327413 96.799731 46.502596 5.899453 0.125000 2.486513 
145.574949 17.025463 155.651426 17.385582 2.541455 0.125000 2.576231 
110.627309 4.379179 117.431632 0.619974 3.512024 0.125000 3.776944 
123.709908 46.144618 134.205344 42.619830 4.730928 0.125000 3.782874 
80.664943 63.869671 73.117907 64.020798 6.323825 0.125000 2.246834 
74.411119 65.624543 74.680112 86.886954 2.689551 0.125000 12.049956 
174.458122 89.209761 84.312987 87.295935 7.527550 0.125000 261.020544 
106.899596 -0.038464 100.772535 11.278099 5.678271 0.125000 1.251017 
131.985394 23.944562 99.237695 28.355654 3.716436 0.125000 18.216075 
163.118568 23.017753 145.606586 24.067957 2.645174 0.125000 14.081748 
167.541617 4.428408 168.459878 14.458778 6.223973 0.125000 0.879778 
150.657715 32.853080 136.807416 31.186746 2.332790 0.125000 4.232717 
73.149224 87.567171 40.656216 86.156159 7.057569 0.125000 43.313815 
9.398499 66.187857 51.891550 67.641063 2.242199 0.125000 41.777504 
53.600535 67.099373 70.225879 33.546609 6.780763 0.125000 91.695462 
9.658190 8.121146 9.794485 18.136302 1.368951 0.031250 0.465614 
66.331605 66.890241 66.763364 46.872592 1.573168 0.125000 6.486214 
50.606074 69.976063 8.108849 68.637944 2.105366 0.125000 34.656173 
8.749775 54.356735 8.456819 64.384694 1.504980 0.125000 0.164584 
86.814507 39.455083 87.579770 28.088293 2.578319 0.125000 5.219043 
0.630760 80.337442 40.639745 81.138916 1.898648 0.125000 21.725979 
126.874614 69.436415 88.126145 69.192834 1.297121 0.125000 15.517114 
87.314609 26.910263 88.119623 16.874569 1.745736 0.125000 0.164584 
69.375000 50.625000 69.375000 66.875000 1.250000 0.125000 1.067674 
56.989326 5.143732 67.017316 7.525909 2.143411 0.062500 0.966439 
95.626572 66.646147 139.374508 66.946677 1.318665 0.125000 20.935654 
118.125000 119.375000 93.125000 119.375000 1.250000 0.125000 7.389304 
89.164753 59.400234 86.893075 40.472805 2.581702 0.125000 9.449320 
47.337755 80.427515 52.739129 71.637876 6.056675 0.125000 7.931512 
63.125323 95.726022 45.625502 95.781988 1.277977 0.125000 1.970764 
139.375000 140.625000 174.375000 140.625000 1.250000 0.125000 14.614024 
138.125000 64.375000 111.875000 64.375000 1.250000 0.125000 8.292394 
149.226974 79.136593 135.586144 77.140534 2.141752 0.062500 2.426959 
