0.520506 27.949968 26.773655 29.129896 4.602092 0.125000 39.140748 
9.390955 60.169097 0.594276 60.345838 2.524605 0.125000 0.820776 
48.598141 70.764680 44.226731 46.452157 6.124058 0.125000 46.978059 
17.183861 9.105368 36.811018 2.921912 4.327914 0.125000 18.513886 
103.069822 77.651012 154.327313 81.295662 4.278151 0.125000 97.683808 
36.358669 17.649580 21.561568 22.077607 5.506840 0.125000 14.928004 
65.634207 77.568306 53.116957 77.361276 2.665031 0.125000 5.219043 
171.311367 18.158662 171.616628 0.598778 4.031881 0.125000 30.139265 
171.939621 64.366551 171.674525 23.118255 5.232865 0.125000 94.426760 
66.564672 50.701129 67.274321 76.898044 5.472051 0.125000 63.986134 
70.591249 76.475728 101.940680 77.719453 3.548843 0.125000 44.050593 
154.242651 81.718755 174.533497 79.809084 3.850628 0.125000 7.648728 
21.421388 40.407345 23.240138 67.952327 11.813992 0.125000 96.477566 
165.876670 87.528899 69.349994 79.682630 6.422553 0.125000 157.119597 
19.370648 20.428199 17.768333 10.286373 7.408113 0.125000 15.743835 
39.429562 71.606609 4.474698 70.350532 5.490552 0.125000 23.617612 
36.949161 5.571949 37.455164 18.201916 5.396308 0.125000 16.311590 
148.085462 45.045790 86.864746 49.224789 2.098382 0.125000 53.733145 
23.912593 -0.410277 0.388975 10.096566 3.933759 0.125000 27.273964 
83.102753 51.508267 146.845671 47.641515 2.192661 0.125000 55.833348 
25.623404 79.326152 44.394207 78.712686 1.698470 0.125000 8.292394 
85.190207 48.132531 84.366945 0.603488 2.932591 0.125000 67.896333 
166.178132 0.602799 167.117202 76.872018 3.595820 0.125000 133.126885 
46.573348 95.840079 49.931128 81.034618 6.208371 0.125000 11.522001 
67.725348 80.626533 67.787685 96.876294 3.759563 0.125000 5.865812 
79.960668 0.606179 81.528300 49.386142 2.860062 0.125000 68.799423 
0.607969 82.703248 19.377838 81.945291 1.803776 0.125000 11.904754 
46.714343 43.130774 45.185650 0.595865 2.902448 0.125000 51.446450 
172.627994 116.881329 172.357233 95.618859 1.504563 0.125000 18.226384 
44.353995 80.376423 30.596603 81.538948 1.666570 0.125000 1.067674 
49.547895 0.584872 50.783706 44.405776 2.550426 0.125000 28.748723 
67.648641 46.893750 65.825158 0.567919 2.911300 0.125000 40.916794 
6.924282 9.368879 8.950028 25.677786 4.029562 0.125000 1.921036 
