176.355280 14.251380 165.675959 -1.144471 7.587457 0.125000 37.462130 
35.550059 20.388316 130.615691 17.785052 6.760913 0.125000 114.147476 
135.639420 61.280581 174.396935 62.220792 2.923669 0.125000 48.788863 
90.503301 90.138300 114.485909 88.457725 6.123698 0.125000 29.553388 
0.577036 95.481531 28.087468 94.534607 5.169042 0.125000 26.487216 
95.721164 110.711290 79.152719 129.175541 9.399062 0.125000 51.378797 
174.382870 64.919189 136.873596 64.500937 2.555594 0.125000 39.985532 
42.366422 53.378610 52.139559 50.184476 4.364289 0.125000 1.198571 
78.294160 125.893765 74.921590 143.701972 8.001601 0.125000 36.265975 
118.180251 94.856035 174.498759 98.902559 3.732989 0.125000 47.523594 
30.559895 87.485031 90.573874 89.585650 7.776582 0.125000 107.695697 
91.700746 49.040179 110.549758 39.230425 3.994191 0.125000 2.675768 
104.367164 132.899012 161.882927 133.339140 6.173296 0.125000 78.307890 
105.858407 99.546586 95.997577 109.836238 8.648778 0.125000 15.077265 
81.916690 80.411782 100.447072 84.034987 1.710706 0.125000 0.218275 
136.972318 19.252855 134.864585 60.713435 6.305404 0.125000 109.066548 
103.232465 99.465955 76.950908 101.572182 3.889994 0.125000 14.044477 
161.960293 133.310272 174.443344 133.770248 4.207744 0.125000 20.935654 
174.501982 104.138196 109.336764 98.572697 5.043817 0.125000 97.633852 
115.598007 87.629731 128.126687 88.077817 1.517266 0.062500 0.465614 
80.646351 133.198243 106.910385 133.674772 4.044171 0.125000 43.004826 
134.733570 65.649862 132.996460 90.702759 6.025598 0.125000 42.540711 
133.678469 0.507933 132.761582 15.753497 5.366187 0.125000 34.117487 
136.886734 85.240466 174.389957 86.384850 2.575087 0.125000 44.415994 
95.635817 95.136556 78.116727 94.748583 1.581798 0.125000 11.001664 
127.599912 16.868500 127.801230 0.605518 3.950854 0.125000 22.099308 
41.832588 114.134080 55.596155 111.711147 2.028706 0.125000 0.050694 
20.594207 110.031818 43.103337 111.087076 0.778958 0.125000 0.164584 
59.356258 97.915020 39.403639 99.695872 2.490101 0.125000 2.742210 
80.617286 109.478717 90.562270 110.218398 2.142817 0.125000 0.820776 
73.151141 95.377517 60.633135 95.158991 3.814882 0.125000 1.967896 
149.447676 91.959587 174.428480 93.517419 3.587129 0.125000 35.892993 
24.311482 121.403149 34.298770 120.058717 2.811179 0.125000 0.797908 
97.358326 65.520520 96.309302 73.218255 3.884442 0.125000 3.370729 
135.721638 90.792859 148.233485 91.910201 4.513438 0.125000 7.475045 
114.978749 47.978980 113.184290 55.920834 3.540496 0.125000 6.486214 
33.574642 0.454464 32.656148 18.229953 6.435185 0.125000 46.687601 
10.532142 107.412965 35.434650 104.165389 3.718513 0.125000 10.787410 
38.112997 125.436481 76.944342 122.964071 4.139558 0.125000 29.216198 
174.375000 88.125000 160.625000 88.125000 1.250000 0.031250 6.486214 
6.914144 100.157500 19.382941 99.533750 1.623157 0.125000 1.970764 
174.407674 108.911804 155.638134 109.691263 3.016498 0.125000 9.079857 
138.054277 104.431960 115.633067 105.761077 1.913535 0.062500 0.865101 
119.549059 59.223160 121.130101 48.019878 3.014514 0.125000 3.370729 
55.594144 117.844152 39.402257 119.623096 1.250000 0.125000 0.164584 
