48.055660 25.391199 94.346013 28.549815 3.430253 0.125000 51.980481 
94.371827 25.666416 48.201322 22.128878 3.548053 0.125000 37.328842 
43.246733 27.656735 0.606521 24.635830 4.467643 0.125000 45.231606 
0.545109 21.711680 43.090846 24.839562 2.951523 0.125000 52.565058 
95.623810 80.081612 49.371294 80.182906 3.843067 0.125000 83.190395 
48.913581 79.326415 47.663082 26.856218 4.670976 0.125000 118.548984 
47.408335 20.646928 46.794629 0.589213 3.824703 0.125000 34.482004 
95.341869 29.397505 96.075943 79.405079 5.659956 0.125000 155.905462 
40.719947 21.956461 10.513109 19.502067 2.694253 0.125000 17.533313 
174.373541 29.369797 145.120032 37.574576 5.005096 0.125000 22.575616 
49.254365 15.257741 58.179332 16.477426 2.984732 0.125000 1.653093 
120.808045 68.159540 118.619951 0.568511 6.206283 0.125000 104.138204 
9.514407 18.769639 0.658347 16.730196 4.495905 0.125000 5.172956 
43.580051 0.610101 43.204899 20.626497 2.850916 0.125000 16.442587 
123.128664 62.075900 174.384412 61.141085 4.136875 0.125000 47.265614 
60.853955 14.375771 60.883427 5.621662 2.521028 0.062500 0.293299 
146.168391 37.100257 148.134757 10.533203 6.786550 0.125000 35.325163 
123.706338 83.258714 122.827323 70.645745 4.640288 0.125000 19.423771 
73.013871 8.067395 73.713966 21.908436 2.875682 0.125000 6.848509 
82.785288 18.128338 82.625621 1.879907 1.397332 0.125000 0.164584 
39.045198 19.459100 39.389394 10.577118 4.037611 0.125000 10.098574 
101.839294 83.145720 100.509119 0.606723 3.507809 0.125000 143.269184 
25.615250 87.250237 99.362596 87.692651 7.784815 0.125000 115.748491 
166.951970 85.878544 129.367606 84.590795 4.697443 0.125000 47.439063 
174.416546 95.349399 128.088722 88.365658 2.708210 0.125000 46.976446 
92.437147 0.218445 90.269099 23.884342 15.165521 0.125000 115.132001 
114.374837 88.125002 113.192663 0.607201 2.888614 0.125000 108.231854 
126.874787 81.848750 156.872806 81.604982 2.560861 0.125000 17.249225 
175.177410 87.503329 167.807804 85.609008 6.053223 0.125000 10.310893 
50.003851 3.081799 50.699344 13.205765 3.008143 0.125000 4.336995 
27.425560 8.012959 29.773067 19.548372 4.921036 0.125000 6.905508 
0.606145 34.759698 44.373537 36.904841 2.191043 0.125000 19.103668 
0.575197 28.987501 39.340302 31.225902 2.662889 0.125000 11.418727 
96.974778 88.122927 97.521061 114.413522 5.050856 0.125000 34.917623 
0.624827 86.342370 24.375127 86.348092 1.255721 0.125000 6.486214 
49.543781 106.918583 48.984344 93.039974 3.797303 0.125000 20.935654 
148.078543 69.536547 130.587189 64.506482 4.294872 0.125000 8.524990 
152.704500 79.758583 138.033099 75.982021 3.080165 0.125000 2.486513 
103.548273 0.614309 105.158243 64.355217 2.120453 0.125000 55.833348 
122.832341 104.406290 123.324749 89.340673 2.866167 0.125000 10.285789 
161.671121 59.458782 160.933518 35.654172 9.171652 0.125000 69.650849 
102.618815 101.895873 102.151460 90.562056 2.497877 0.125000 6.486214 
115.351359 3.133086 117.567949 78.141462 1.501991 0.125000 52.537906 
19.375000 36.875000 0.625000 36.875000 1.250000 0.125000 1.970764 
49.518230 116.902833 49.359575 110.593953 2.624910 0.125000 1.970764 
134.460145 4.372938 135.763570 58.182201 5.149883 0.125000 102.713224 
88.128557 133.171058 53.144135 135.872774 1.823767 0.125000 18.883306 
93.143153 106.217821 68.128332 106.983806 1.708518 0.125000 11.416468 
174.369925 102.960598 148.144919 103.770217 1.519406 0.125000 10.098574 
74.348729 120.253923 53.116652 121.757085 1.250000 0.125000 2.873854 
63.125000 116.875000 80.625000 116.875000 1.250000 0.125000 1.970764 
141.875000 104.375000 125.625000 104.375000 1.250000 0.125000 1.067674 
