91.065325 19.422917 89.571915 33.146428 1.911469 0.125000 0.797908 
74.106903 0.601406 74.888843 33.142689 4.199335 0.125000 29.690649 
73.507899 32.833165 62.142406 17.921191 2.558011 0.125000 4.067599 
74.746754 39.409110 76.057487 73.156752 4.183787 0.125000 34.472402 
127.092671 35.604156 126.385759 70.615122 2.928465 0.125000 33.325303 
10.625062 105.636589 103.122453 105.145340 2.519881 0.125000 55.480451 
127.553615 19.359577 127.215555 31.884192 2.042726 0.125000 0.218275 
174.378495 108.944686 0.619652 107.533579 3.922443 0.125000 164.978791 
86.564155 38.166418 87.339289 20.590349 3.048308 0.125000 16.200067 
65.785268 58.278087 59.681696 64.667955 3.854006 0.062500 0.399485 
5.290159 50.606816 5.688386 70.648578 3.972752 0.125000 31.928121 
114.375898 70.703004 99.377885 70.875650 2.542999 0.125000 0.664633 
17.091512 93.145773 16.111516 44.390346 5.024110 0.125000 54.467309 
160.434413 26.873734 160.608848 0.616589 3.741613 0.125000 37.910273 
124.595957 68.109797 122.101813 31.859395 3.569553 0.125000 21.943697 
67.772677 29.642386 73.066605 36.617971 3.488551 0.125000 1.720471 
61.033104 64.350077 60.773206 73.129387 3.785346 0.125000 5.096564 
3.568274 13.168044 2.903212 0.703529 4.593293 0.125000 10.225862 
172.022838 34.787294 157.853571 39.868034 2.775200 0.125000 3.662037 
88.887042 36.823621 90.151146 55.572670 3.657419 0.125000 17.891364 
114.826477 40.732136 113.913738 23.279872 5.841878 0.125000 32.369314 
16.555865 43.098118 0.120191 38.809730 5.259269 0.125000 16.507842 
57.242153 38.075328 67.907962 45.920087 3.287223 0.125000 3.274964 
66.417674 73.125032 66.416791 60.625032 1.250884 0.031250 2.447038 
133.509056 69.416343 132.482233 16.863135 7.816013 0.125000 85.988407 
97.343929 58.176377 96.350746 43.077262 6.400612 0.125000 12.259834 
96.827226 42.842688 94.554847 23.104295 5.726858 0.125000 19.792362 
90.063413 3.237881 91.802430 11.889587 2.912976 0.125000 3.776944 
100.904986 24.371326 100.843405 40.630562 2.556794 0.125000 9.438675 
70.191303 53.091304 70.477272 70.627409 3.749501 0.125000 13.137834 
97.743682 69.384383 97.686084 59.370335 3.749938 0.062500 0.865101 
41.846051 17.749978 54.373694 18.164463 5.286607 0.125000 3.323118 
106.980167 103.867512 121.926647 104.761896 5.215068 0.125000 1.653239 
84.030242 22.006607 84.637504 0.526406 10.349250 0.125000 66.564015 
56.346989 56.886020 55.955301 38.118107 1.562711 0.125000 7.697740 
107.201640 44.374864 107.211551 68.124860 1.259389 0.125000 4.336995 
147.739665 70.629705 147.495333 50.617426 2.499814 0.125000 16.751076 
99.372625 16.098513 116.878454 16.186321 2.531318 0.125000 11.416468 
123.103632 105.077214 174.382225 106.637565 2.004603 0.125000 42.596452 
134.345852 2.529638 153.112070 1.610887 3.806638 0.125000 22.371880 
76.035702 74.324663 75.125854 89.495002 3.818109 0.125000 7.695231 
118.771771 18.124875 118.781947 70.625115 2.507995 0.125000 54.318989 
104.904891 68.130889 105.168962 44.369932 2.527628 0.125000 16.200067 
58.084990 64.521985 46.343927 61.326000 3.839524 0.125000 2.742210 
114.514771 101.210364 117.683971 86.918463 11.248609 0.125000 12.025221 
29.936423 3.660571 41.142389 12.466606 5.476062 0.125000 1.962270 
56.834966 16.049783 41.850257 14.637535 1.713636 0.125000 1.697763 
88.849352 74.235784 87.065510 96.987941 7.110216 0.125000 40.477251 
53.842793 29.372157 53.946787 55.626696 1.344063 0.125000 6.102063 
143.900891 50.607122 144.304571 68.126623 2.729693 0.125000 4.067599 
167.552901 0.601050 167.237291 8.140167 1.510321 0.015625 1.232791 
95.361759 91.915529 96.085634 74.291238 5.406168 0.125000 8.844660 
155.709887 72.777290 138.060469 71.839572 3.744718 0.125000 6.434302 
48.432403 38.107239 48.589518 51.883958 2.656637 0.125000 10.098574 
36.208592 76.974346 33.574925 59.307926 2.895128 0.125000 8.739380 
160.621603 28.622213 174.376964 28.560137 1.312039 0.031250 1.681407 
41.074550 58.156490 39.761483 76.902072 2.581234 0.125000 17.323294 
82.431881 64.453536 81.669169 45.582797 4.302231 0.125000 19.023505 
79.928327 25.614647 80.232265 41.858960 1.507004 0.125000 6.102063 
111.828293 123.640327 114.461314 111.105424 9.652470 0.125000 44.299890 
116.875000 66.875000 116.875000 46.875000 1.250000 0.125000 3.776944 
11.940739 87.755448 0.567480 88.604633 1.841554 0.125000 0.164584 
70.354575 76.870217 70.403432 86.876082 2.536592 0.125000 2.576231 
88.171439 110.398217 91.121762 143.526053 10.515000 0.125000 115.563088 
48.540279 8.199565 56.082696 5.834858 3.578258 0.125000 0.797908 
126.244021 74.370207 126.418293 96.878536 1.404809 0.125000 13.710934 
22.947454 70.639520 21.415902 51.912546 3.306791 0.125000 4.191864 
123.518252 86.883798 123.798391 74.362100 2.527333 0.125000 8.292394 
104.596923 144.130705 110.037506 122.643722 16.704391 0.125000 96.818136 
158.248376 85.655852 160.528354 76.538253 2.728562 0.062500 0.805318 
115.083210 0.744946 128.103071 8.904551 6.228132 0.125000 6.767599 
130.527719 96.859899 134.055920 74.131428 6.666524 0.125000 25.507042 
164.913227 8.137765 165.091710 0.612352 1.427479 0.125000 0.164584 
113.173141 7.989481 96.855976 7.422522 2.411679 0.125000 8.567595 
122.901254 15.945892 114.081366 9.796124 2.144826 0.125000 1.970764 
8.125000 61.875000 8.125000 44.375000 1.250000 0.125000 1.970764 
37.228453 39.030707 44.628716 46.627859 1.250000 0.125000 0.164584 
