0.552357 111.846735 163.072382 121.509945 4.546032 0.125000 256.845318 
161.731289 127.485968 124.352528 130.329619 5.676775 0.125000 46.238358 
165.809061 113.081480 165.385077 135.643981 7.686558 0.125000 38.557744 
160.345085 116.879912 160.933776 0.620234 3.069614 0.125000 79.576977 
163.482239 0.619969 164.556403 76.890050 2.957427 0.125000 91.076261 
127.109868 133.185904 156.933923 139.076685 2.967490 0.125000 14.122904 
160.508384 138.321188 159.377721 130.445162 5.659765 0.125000 6.848509 
9.406272 99.374270 7.101329 0.619717 2.207647 0.125000 99.445966 
3.967163 0.610970 5.779046 109.372434 2.916076 0.125000 109.458063 
168.417864 137.600399 174.778894 141.151515 5.102249 0.125000 1.229414 
129.382372 137.309286 96.849308 137.861555 9.130636 0.125000 72.916557 
57.107921 78.119360 55.443581 9.379393 1.763991 0.125000 51.640714 
54.904305 6.890806 55.091888 0.609080 1.435996 0.062500 0.465614 
98.411702 139.872317 89.837427 138.644833 2.722867 0.125000 0.820776 
155.671022 141.627448 130.607708 136.968017 2.142817 0.125000 5.336485 
95.630814 134.055989 68.117171 133.554574 3.567165 0.125000 18.096445 
52.013214 0.619837 53.506958 40.610733 1.482417 0.125000 22.741834 
114.602741 54.368087 115.210465 74.387584 1.780421 0.125000 9.366697 
59.375000 130.625000 39.375000 130.625000 1.250000 0.125000 3.776944 
73.125000 129.375000 86.875000 129.375000 1.250000 0.062500 0.616176 
