53.224520 12.463264 15.740000 18.804764 3.354686 0.125000 46.017645 
71.936041 63.343142 19.373340 61.937064 4.429967 0.125000 60.589177 
51.872417 73.479714 79.370959 73.679937 2.645554 0.125000 21.498652 
29.412020 19.659459 48.169681 17.218330 4.363902 0.125000 10.792579 
21.862533 45.335511 41.879242 44.473510 5.425612 0.125000 21.127438 
29.508603 1.316442 64.311371 9.641015 6.765216 0.125000 68.306782 
86.335496 6.934609 116.254944 0.320238 5.151947 0.125000 45.231668 
174.920508 93.703478 53.342015 84.121470 13.087599 0.125000 433.901208 
99.258968 34.543997 110.778760 33.307492 3.861988 0.125000 2.486513 
86.787956 35.345456 95.651522 34.841047 4.099044 0.125000 5.946800 
75.790082 7.106059 86.194498 -0.327472 2.616240 0.125000 0.883796 
49.370575 44.101013 59.377750 44.071957 5.025385 0.125000 8.739380 
55.184372 16.810774 78.082226 12.876079 6.409629 0.125000 16.062423 
5.615355 28.125843 6.619226 39.615771 7.471537 0.125000 1.793200 
121.026954 24.924216 124.393932 14.796875 5.139009 0.125000 12.777654 
62.963445 43.746849 68.255737 45.121774 4.525038 0.125000 1.697763 
15.093503 18.168194 8.725699 21.706165 3.763605 0.125000 1.653093 
47.301091 38.156210 48.316219 24.297446 4.470504 0.125000 10.082962 
63.646901 21.851245 54.437142 25.771007 3.768881 0.125000 4.248691 
75.335782 44.679844 78.807281 39.026393 4.914919 0.125000 0.218275 
76.967809 -0.132503 70.135608 10.304642 4.792320 0.125000 3.586135 
124.554805 14.596020 122.668248 5.461176 4.896665 0.125000 8.509122 
7.742635 37.977494 7.378184 48.187580 7.450636 0.125000 23.848985 
11.490736 49.775097 16.771387 48.808783 3.913751 0.125000 0.164584 
119.405689 5.781685 88.131301 11.907171 3.439813 0.125000 26.964370 
66.766959 9.373930 66.853709 0.612413 3.786944 0.125000 3.403198 
40.669453 26.051532 25.572880 27.624902 3.134400 0.125000 12.058439 
77.846388 24.470253 93.470631 27.706149 4.939595 0.125000 7.236105 
22.289369 27.431433 11.665130 35.343178 5.503376 0.125000 9.479218 
46.182836 21.203039 40.470909 26.715329 6.201924 0.125000 3.521151 
12.098340 80.621004 11.784949 63.104247 3.861201 0.125000 11.688648 
110.618417 19.341962 95.472546 22.359893 2.456351 0.125000 5.962107 
6.796584 7.818411 8.566423 0.149895 4.309727 0.125000 0.218275 
100.582089 0.389086 85.622304 3.110178 2.124608 0.125000 2.510782 
16.862022 0.976967 31.841655 1.529312 2.728602 0.125000 1.229414 
0.591184 103.545635 11.868789 104.452263 1.866960 0.125000 1.067674 
49.447409 84.646065 13.118790 81.958954 7.155038 0.125000 43.828697 
16.841392 64.342722 17.141472 75.651099 3.980790 0.125000 6.126021 
4.069914 25.700120 4.769017 16.906324 4.134453 0.125000 5.096564 
116.879489 64.921237 85.621327 65.178125 1.496497 0.125000 26.563777 
59.368971 67.010409 40.600523 66.174727 1.637979 0.125000 6.486214 
18.092221 77.453275 49.397077 76.919299 5.510917 0.125000 26.645531 
80.630656 62.687318 133.128111 62.321808 1.580678 0.125000 54.588048 
86.826923 69.120845 95.731211 67.436473 1.991767 0.125000 0.164584 
96.926606 67.982606 108.071803 72.021786 2.247876 0.125000 1.970764 
110.381427 75.608765 94.265982 72.427208 2.952673 0.125000 3.274964 
54.141301 142.634659 5.741840 127.745201 2.298244 0.125000 30.932485 
56.867018 77.396550 66.883802 77.549846 1.402875 0.125000 2.873854 
114.217541 142.638299 80.608465 135.705154 1.904873 0.125000 10.082962 
128.112973 59.081444 86.880970 60.770719 1.658309 0.125000 11.507462 
91.880349 98.073318 76.911327 96.524013 1.250000 0.062500 2.873854 
18.052324 115.957795 0.567258 112.139410 1.642370 0.125000 5.583124 
41.868649 95.717953 58.128147 96.828942 1.843577 0.125000 6.486214 
94.348908 79.718710 109.357308 80.858051 1.624893 0.125000 3.776944 
144.378817 60.552086 174.362080 62.121788 1.705749 0.125000 15.517114 
128.128591 20.658124 143.088291 19.036379 1.377439 0.125000 0.164584 
