7.808357 60.901345 19.195367 62.200036 5.959307 0.125000 2.278091 
80.452563 52.476505 85.816010 40.712082 3.730045 0.125000 8.614963 
56.824998 71.874547 56.655041 90.634332 2.647111 0.125000 9.449320 
57.192762 0.618984 56.773217 65.632410 2.919398 0.125000 88.497248 
65.348022 38.097144 69.119195 0.599274 3.738271 0.125000 28.525565 
92.572933 32.503104 79.297606 44.287816 3.424332 0.125000 9.079857 
80.868307 44.048481 77.457629 54.563975 2.795749 0.125000 4.232717 
85.311038 41.858892 97.909340 34.028045 4.648248 0.125000 10.884515 
15.689100 81.556603 1.911027 80.993494 5.455232 0.125000 9.741820 
71.279668 54.466823 70.485364 16.877951 7.841634 0.125000 66.365742 
2.190605 75.820668 6.937660 68.163848 4.720603 0.125000 1.198571 
81.682849 65.645906 80.324115 53.157737 3.051978 0.125000 2.036308 
104.326420 32.369330 93.042695 33.094727 2.494850 0.125000 4.680034 
8.033914 69.264253 31.761271 67.675988 3.162304 0.125000 8.991506 
59.327651 83.856495 71.936644 84.672663 2.656264 0.125000 1.034919 
75.613786 28.121269 126.882046 27.662684 2.947123 0.125000 63.300617 
67.029871 40.763686 58.166134 50.661835 2.598972 0.125000 9.195484 
77.206844 55.548236 81.112891 72.433829 4.871363 0.125000 9.867370 
97.376154 79.481158 86.639043 73.552317 3.658607 0.125000 4.480242 
86.260598 72.741741 82.277444 66.136068 2.786375 0.062500 4.132106 
72.675595 73.236378 74.258437 61.858784 2.648393 0.125000 5.219043 
33.281642 98.127866 33.026041 0.621983 3.926931 0.125000 128.487139 
84.945535 75.652388 97.798379 82.489044 2.615319 0.125000 0.664633 
59.334812 46.849579 64.716849 38.341240 2.672928 0.125000 1.653093 
19.365830 90.485028 33.057075 89.588122 2.064443 0.125000 5.219043 
127.904331 29.351536 128.616973 60.613785 3.040606 0.125000 50.737624 
113.279975 76.245093 98.279699 79.993989 3.031182 0.125000 2.486513 
99.426673 34.177035 113.216000 37.776374 2.787985 0.125000 3.508045 
58.116487 89.744005 69.389325 90.004068 1.480305 0.062500 0.293299 
93.165891 92.940437 79.292403 93.472894 3.747241 0.125000 17.641629 
121.089648 64.702129 113.482723 75.506892 3.368803 0.125000 8.509122 
70.533260 72.526536 56.755024 71.861805 6.423448 0.125000 12.872920 
56.591144 94.360027 56.432290 110.632881 2.634100 0.125000 6.799042 
59.359452 55.244087 68.129008 55.400974 1.383953 0.015625 0.170563 
105.919942 82.341229 121.150723 72.706034 2.716668 0.125000 5.664267 
117.565521 41.676091 122.935841 60.319419 3.074632 0.125000 3.885675 
81.202397 0.577631 81.852513 25.657985 4.234602 0.125000 40.176995 
125.006675 57.941846 120.606973 42.767791 3.061716 0.125000 6.281913 
98.158293 81.464034 105.646503 81.166897 1.496826 0.031250 0.255185 
120.693521 41.770356 104.737056 31.322074 3.535493 0.125000 4.092379 
156.848600 90.286192 103.035724 94.479250 6.813741 0.125000 104.548970 
14.337780 54.533847 30.696661 53.975831 3.790434 0.125000 26.354194 
20.621241 85.050013 30.628985 84.984583 1.315351 0.125000 0.164584 
30.632788 57.606350 14.371321 57.779522 1.422969 0.125000 1.067674 
165.517013 83.987341 174.594264 85.124048 4.342215 0.125000 0.149785 
69.384440 92.777502 58.108804 92.471186 1.521101 0.031250 1.896440 
50.752730 113.487483 37.977640 111.648910 4.780139 0.125000 12.049956 
174.379399 60.533007 168.119993 60.556784 2.523723 0.062500 1.669734 
66.924030 64.892123 59.290941 64.381459 2.995065 0.125000 2.873854 
166.364038 61.868466 166.540945 81.877953 1.426768 0.125000 3.776944 
53.097987 96.874933 53.335974 0.622431 2.725609 0.125000 149.423384 
136.031339 64.907885 152.621154 74.308173 4.350179 0.125000 10.320792 
32.304220 108.164999 33.018657 100.498602 3.733822 0.062500 2.426959 
69.376974 57.640954 59.372042 57.600145 1.290779 0.031250 1.970764 
52.788812 109.382519 52.564642 99.359576 2.639126 0.125000 2.576231 
131.892364 80.515916 155.637622 84.295706 2.806474 0.125000 14.649975 
20.597467 59.914002 30.635128 60.426732 1.694746 0.125000 0.164584 
113.599901 18.236659 117.695430 0.817901 2.578469 0.125000 2.742210 
30.655982 77.008805 20.598558 77.127112 5.087872 0.125000 11.124244 
158.123229 71.874969 157.775068 91.868907 1.939911 0.125000 4.336995 
50.626553 99.568921 36.867425 99.679100 1.350053 0.031250 2.447038 
167.011807 0.620553 166.832041 45.624828 2.614819 0.125000 30.846774 
166.801216 51.441749 174.503580 50.130005 3.094091 0.125000 0.820776 
148.238043 74.133416 130.042718 65.619396 3.012040 0.125000 8.275987 
164.427799 75.612082 158.951565 53.228596 3.668528 0.125000 12.320232 
155.517214 76.812120 159.048882 0.552009 4.589861 0.125000 78.398398 
128.533752 65.612801 128.870306 76.890062 1.547747 0.125000 4.680034 
30.641644 61.992643 18.125975 61.808676 1.250000 0.062500 1.669734 
164.436985 95.498906 155.648512 95.103034 2.722462 0.125000 1.970764 
76.917675 25.624274 76.492033 0.610246 1.526291 0.125000 7.389304 
134.360987 59.992021 154.379050 60.446655 1.590258 0.125000 3.403198 
99.495653 98.505167 74.260443 106.514042 5.464936 0.125000 25.060707 
87.296859 17.255523 84.255687 0.646847 4.693089 0.125000 6.601199 
35.625000 101.875000 50.625000 101.875000 1.250000 0.125000 0.164584 
167.002814 140.490400 149.686465 124.047000 2.132737 0.125000 11.124244 
85.316438 143.097515 86.651861 128.105124 1.250000 0.125000 0.164584 
158.125000 40.625000 158.125000 70.625000 1.250000 0.125000 11.001664 
78.126956 87.069317 95.625183 86.893136 1.312862 0.125000 1.067674 
174.287542 115.800851 159.271638 108.332830 1.681809 0.031250 0.964265 
