93.368471 41.869898 93.505142 81.873701 3.818306 0.125000 59.994935 
128.802337 41.845839 130.420769 79.437609 3.746529 0.125000 62.563299 
113.143676 40.621672 91.879771 40.304810 5.241566 0.125000 11.260016 
124.422285 41.469983 116.591219 40.555726 3.616520 0.125000 2.510782 
108.219506 83.163858 109.376695 43.125049 2.823965 0.125000 26.316196 
126.702647 74.377828 126.189681 43.115734 2.684235 0.125000 26.567138 
126.978422 0.617916 126.860169 40.621261 10.062773 0.125000 153.603755 
152.651613 133.130878 152.250832 15.623718 5.285615 0.125000 204.657375 
146.559877 81.877531 146.419262 64.368621 2.570189 0.125000 9.366697 
97.308633 21.914427 96.509340 30.705406 3.055658 0.125000 2.576231 
111.264686 43.120717 111.062891 71.878073 1.451708 0.125000 22.741834 
91.874485 82.261565 3.123026 82.314490 5.041742 0.125000 189.825464 
128.176586 84.553468 113.100702 84.218473 3.749075 0.125000 6.905508 
30.764552 43.124827 30.712009 0.624892 2.552541 0.125000 47.156015 
173.334890 0.561223 172.332849 16.903074 2.954332 0.125000 12.811411 
113.112554 75.040115 120.633311 75.180845 2.593107 0.031250 1.681407 
14.922364 8.109183 15.860697 40.582069 4.672971 0.125000 23.424903 
2.718376 83.120159 2.244817 0.622877 3.419877 0.125000 90.076773 
170.720202 101.333389 155.563732 100.528010 3.612060 0.125000 6.677210 
93.993220 85.666347 92.918485 108.234221 6.480767 0.125000 24.904348 
174.474859 34.364408 173.280973 23.108456 1.902249 0.125000 1.970764 
84.317319 29.373187 83.884327 43.148867 3.669609 0.125000 11.074856 
5.627183 77.891042 90.631446 78.684308 2.301593 0.125000 44.293017 
39.359450 20.220027 46.848408 19.932463 2.498159 0.062500 1.785718 
88.967015 71.973252 90.295691 60.586574 3.207530 0.125000 5.096624 
63.110255 48.888855 53.119446 49.191886 5.111390 0.125000 7.098330 
74.566703 41.987844 73.893719 35.676318 2.883509 0.125000 1.067674 
11.434768 21.891401 10.967981 9.362222 2.591342 0.125000 8.292394 
24.249144 24.293412 25.135525 9.345974 3.161569 0.125000 1.486207 
142.833369 29.415545 142.174591 4.367121 2.433408 0.125000 21.725979 
94.414307 27.361804 84.479084 28.164033 2.894310 0.125000 1.653093 
51.624093 41.392201 41.851708 38.196221 3.564232 0.125000 5.962107 
143.320544 60.650199 142.960853 45.599050 2.797925 0.125000 20.935654 
64.652302 33.119338 64.933473 46.889121 3.927851 0.125000 7.274493 
0.617452 94.500514 90.632437 94.214363 6.440703 0.125000 225.426161 
130.670540 99.307544 129.127397 126.861133 3.254855 0.125000 25.657518 
173.492667 88.171277 171.924379 100.631215 4.648656 0.125000 3.141359 
160.918382 10.641058 156.268784 95.591820 2.719688 0.125000 61.173406 
104.356878 8.100434 96.301862 14.042542 2.343207 0.062500 0.293299 
46.862088 18.402918 45.172386 10.724603 3.931018 0.125000 6.486214 
133.123901 83.188558 144.392148 83.383435 0.819345 0.062500 0.465614 
156.591342 0.618082 155.737538 35.627745 2.560208 0.125000 25.554186 
108.135329 110.625485 108.664852 99.341674 2.106632 0.125000 0.820776 
93.055821 109.354403 92.762831 128.119345 5.096964 0.125000 12.701479 
147.449708 50.611375 147.716969 61.884673 1.486657 0.125000 2.873854 
95.599684 93.716924 105.581426 94.143830 3.746575 0.125000 0.426994 
40.077594 12.041716 38.259551 19.703535 3.614917 0.125000 0.050694 
93.008038 38.130816 92.574039 29.402395 3.869526 0.125000 4.232717 
87.785425 24.399634 87.057233 14.361780 1.698939 0.125000 1.067674 
85.184570 119.208500 79.854992 133.306456 2.181663 0.125000 6.985969 
118.665591 36.889270 119.029178 23.115871 1.546436 0.125000 6.486214 
112.852267 94.264222 119.612570 95.882655 5.444654 0.125000 2.680153 
127.631045 130.788114 131.721664 143.175635 3.157832 0.125000 3.662037 
119.375000 14.375000 119.375000 0.625000 1.250000 0.062500 2.873854 
88.837248 107.910214 84.704715 118.256693 2.321660 0.125000 0.797908 
