151.927716 53.053377 101.907580 51.058206 4.398192 0.125000 54.753465 
90.719643 34.378355 90.188596 49.359531 5.262552 0.125000 10.320792 
123.266995 90.318461 78.192647 88.037956 7.189447 0.125000 60.204941 
50.521526 60.090222 156.740320 65.682907 7.754012 0.125000 213.134242 
174.458751 105.562944 111.815043 101.564302 6.715070 0.125000 123.449211 
172.303803 0.600524 172.814231 35.611307 4.114041 0.125000 77.820283 
103.119670 33.344248 93.064832 33.099791 3.718511 0.125000 2.036308 
49.306235 103.157504 24.311071 101.817311 7.957728 0.125000 33.609711 
93.166723 51.108026 83.128430 50.561946 4.016060 0.062500 0.234390 
81.930821 50.958150 53.135351 49.204983 3.211324 0.125000 27.329010 
150.618599 1.671716 143.126028 1.907637 2.577441 0.125000 0.164584 
23.331372 101.804490 0.223642 98.193164 7.217044 0.125000 21.575202 
144.003025 14.212368 140.342288 50.721988 11.571329 0.125000 82.716782 
111.803468 101.477644 96.778333 100.966490 9.084944 0.125000 24.772343 
83.085416 99.829498 75.603940 100.201776 3.869612 0.125000 2.510782 
15.626984 98.026604 39.367331 98.505320 1.451352 0.125000 5.583124 
155.962080 -0.597665 149.023725 11.676430 4.825735 0.125000 4.191864 
105.961464 124.398554 174.632654 133.728608 5.492815 0.125000 116.042361 
146.995411 140.835863 126.831619 138.499374 5.163891 0.125000 22.494128 
96.637879 99.504769 82.998769 98.274959 10.184104 0.125000 9.141983 
140.083678 68.102185 139.876747 84.349550 3.940725 0.125000 25.698706 
83.747539 49.396538 84.659122 23.048336 5.558884 0.125000 58.842240 
173.219359 89.374700 173.208214 39.374703 3.760867 0.125000 97.698303 
80.617465 4.098241 138.142889 2.532056 3.111432 0.125000 83.190395 
152.328300 65.664763 153.389349 86.924193 4.806856 0.125000 29.844582 
36.882933 94.651903 20.610478 95.118113 2.677965 0.125000 12.807844 
10.677046 31.082595 27.000229 29.226023 2.201460 0.125000 1.034919 
50.123637 94.371146 50.058556 60.621271 6.230705 0.125000 58.609128 
62.034621 94.305711 50.587727 95.057409 3.823849 0.125000 9.366697 
141.165056 1.808628 142.601488 13.496585 6.660756 0.125000 18.906105 
6.816954 89.017270 30.550551 85.166184 2.267514 0.125000 2.835356 
51.706279 117.046321 104.501017 123.313421 6.376138 0.125000 98.801404 
100.753974 49.634088 102.156136 35.406328 5.466275 0.125000 29.379557 
158.116388 141.948014 147.962771 140.750335 3.577751 0.125000 6.985969 
159.591485 86.884872 159.388299 65.612933 2.702853 0.125000 28.160374 
51.227847 46.920945 52.067294 13.067776 5.494245 0.125000 82.257772 
159.194199 53.130624 157.676755 4.350059 4.370037 0.125000 53.840337 
27.961802 29.072268 38.320670 23.487968 3.386917 0.125000 4.339063 
126.578484 137.563356 55.462909 126.684608 7.907344 0.125000 157.196264 
67.821116 18.083854 69.128045 48.135740 4.506799 0.125000 41.074097 
163.818178 65.641250 164.548214 90.656425 3.821332 0.125000 35.284902 
39.439897 39.412579 37.975374 90.656448 5.676093 0.125000 123.626939 
41.946619 116.316899 50.870480 117.462065 4.355912 0.125000 9.642303 
76.173159 88.156231 76.564582 65.619609 5.042660 0.125000 47.903466 
41.153579 17.886032 21.522513 27.397487 3.884936 0.125000 11.075185 
79.967152 97.526773 74.984681 92.497863 4.407070 0.125000 0.218275 
69.450867 63.082600 68.968872 90.639760 5.261556 0.125000 47.899640 
98.135106 95.531389 114.464678 97.294357 1.948867 0.125000 5.583124 
151.799492 39.334157 152.194770 50.700818 4.138720 0.125000 13.192832 
148.338886 81.958129 147.226763 68.096777 4.537738 0.125000 12.171350 
5.410763 31.872631 4.816275 85.643699 5.400446 0.125000 128.600851 
9.145372 84.721935 25.602680 80.537222 2.156305 0.125000 5.096564 
139.364176 93.326472 124.340384 92.519337 1.516432 0.125000 1.970764 
5.541963 5.616641 5.624160 29.383649 6.319131 0.125000 63.706370 
39.175842 24.482355 45.041258 35.363470 8.045944 0.125000 23.716725 
56.581160 126.676317 0.200019 122.011279 12.869727 0.125000 164.714179 
49.092171 9.348975 49.911561 0.444328 4.583043 0.125000 2.680153 
71.891697 101.023615 56.921968 100.730043 3.994371 0.125000 5.882676 
49.375000 98.125000 71.875000 98.125000 1.250000 0.125000 5.583124 
34.479219 87.992649 15.775294 89.736760 3.301600 0.125000 11.507462 
40.657457 0.543521 40.078867 18.065691 5.451060 0.125000 42.673661 
65.107448 46.891725 64.057011 14.385276 3.548377 0.125000 25.887238 
115.612850 97.450463 130.607984 97.180358 3.884466 0.125000 5.882676 
30.558377 113.361007 44.600808 117.325093 5.491134 0.125000 18.906105 
61.514627 31.850096 60.465159 47.036716 3.741078 0.125000 6.905508 
77.950297 19.286602 78.485818 25.800857 3.737392 0.125000 4.680034 
164.698394 18.041003 163.247812 55.629739 4.080429 0.125000 28.352791 
25.206928 79.091352 14.789395 61.109085 4.102779 0.125000 10.613974 
70.922202 4.334694 71.185079 14.425537 3.976597 0.125000 4.480242 
5.620036 114.458218 33.171132 116.101597 3.073493 0.125000 8.282591 
83.519545 112.792647 75.578235 110.812554 3.013598 0.125000 0.820776 
73.062070 108.895523 51.832663 108.234330 6.713922 0.125000 34.872842 
78.053837 14.537038 79.280635 5.612029 4.395946 0.125000 7.697740 
94.372731 85.408311 116.870263 85.172707 1.420100 0.125000 4.680034 
152.806645 8.076396 150.884771 20.664660 4.461661 0.125000 7.695231 
4.369727 132.134833 41.879646 132.896062 1.807715 0.125000 32.822801 
101.880311 105.798711 74.367810 106.639810 2.422439 0.125000 11.688648 
174.516952 141.101663 160.549232 138.537777 4.917837 0.125000 7.190052 
86.886963 136.988019 73.158460 138.441122 1.637773 0.125000 1.067674 
174.338893 122.257644 158.115398 120.726753 1.361903 0.125000 1.970764 
78.369359 34.335779 78.731716 48.141884 2.695917 0.125000 7.870688 
96.889383 112.612916 84.364155 112.261111 2.779781 0.062500 0.850453 
70.611159 140.940049 46.852101 139.896213 1.250000 0.125000 2.510782 
65.629209 134.279863 84.397776 135.110133 1.635476 0.125000 8.292394 
56.129103 20.616640 56.295235 30.634614 1.394913 0.125000 1.067674 
19.373363 139.475714 0.608005 139.170750 1.250000 0.125000 2.873854 
29.721204 48.249269 28.517241 39.492939 2.306430 0.125000 1.067674 
