55.417847 10.614114 55.343003 20.632232 6.277840 0.125000 6.907656 
54.879645 19.309902 55.148511 36.882291 6.249269 0.125000 24.293742 
56.046045 0.715471 52.854873 15.566957 4.100634 0.125000 15.342551 
123.089620 26.866569 122.876285 59.389767 3.741720 0.125000 54.106009 
100.670621 7.106700 91.852007 7.378224 3.902100 0.125000 1.229414 
122.535422 0.612365 122.630410 24.371980 5.014952 0.125000 18.658831 
102.970376 31.978794 102.273085 5.747329 8.161673 0.125000 47.274153 
69.413332 7.715105 59.332109 7.482299 5.027526 0.125000 0.940023 
64.574184 33.121310 65.292239 71.881165 3.540978 0.125000 34.755664 
114.142567 13.709689 116.063084 2.155593 5.328641 0.125000 2.319990 
117.372576 40.561873 116.084371 30.408132 6.986931 0.125000 5.141086 
80.350181 56.898165 79.504397 46.864093 3.422307 0.062500 4.606112 
48.864108 66.877293 48.566716 0.617407 3.733131 0.125000 50.008732 
78.026426 46.996944 78.950760 19.319087 6.872347 0.125000 40.892253 
61.856574 19.968209 73.134520 20.318528 1.521061 0.031250 1.057109 
84.105512 6.863967 84.235353 33.113325 5.092683 0.125000 48.706717 
80.202123 71.876157 80.221360 58.124435 1.269234 0.031250 6.486214 
119.736354 30.740045 118.283325 19.516329 2.042087 0.125000 1.970764 
74.389678 23.603924 63.111961 23.949560 2.728577 0.125000 2.510782 
117.572748 71.875221 117.560730 41.874725 2.508512 0.125000 28.798057 
74.373171 79.267569 36.862762 79.906219 1.590288 0.125000 19.129474 
121.030876 61.767910 120.319776 75.673314 4.383502 0.125000 12.806661 
169.407574 77.181164 139.357086 76.144044 2.800318 0.125000 34.117487 
90.192490 70.623818 90.288157 35.624079 1.342246 0.125000 10.310893 
66.848611 52.702989 78.126994 53.062448 3.907373 0.125000 6.848509 
134.164568 42.124072 131.785931 4.301989 8.269789 0.125000 55.883073 
106.897282 74.000431 83.099068 74.606158 2.944467 0.125000 30.569928 
92.225035 10.624515 92.214259 30.625183 1.260776 0.125000 3.776944 
108.627266 35.624928 108.632433 71.875106 1.254632 0.125000 14.614024 
150.624950 73.901981 168.124950 73.900136 1.251714 0.125000 0.164584 
109.339016 0.624292 108.674787 34.385817 4.314797 0.125000 21.043300 
90.137341 30.625701 90.155731 10.624569 1.268389 0.125000 3.776944 
102.813490 129.393182 102.551206 106.867127 8.691193 0.125000 54.412568 
92.849557 36.873978 92.724358 70.628150 2.620529 0.125000 34.117487 
80.041979 18.132864 79.940603 10.617371 2.550351 0.125000 1.067674 
78.130674 74.374913 66.880906 74.425985 2.534023 0.125000 0.218275 
84.779629 103.116408 85.151620 120.635052 5.131556 0.125000 5.384002 
76.700312 123.147046 77.573384 80.562436 7.882757 0.125000 53.784681 
136.942079 71.877837 136.873108 43.122006 2.565952 0.125000 42.609814 
84.148404 119.238978 84.981534 133.163500 5.439012 0.125000 14.703475 
62.655412 82.902926 60.804659 118.068669 13.599554 0.125000 83.044764 
106.567767 69.373419 106.722109 39.374213 1.391466 0.125000 11.001664 
54.400496 38.077267 52.939012 75.569023 5.190965 0.125000 34.135204 
172.541067 0.533994 171.913087 13.188919 4.241015 0.125000 19.423771 
74.979400 136.894108 75.532097 119.411581 3.866622 0.125000 11.091767 
0.666303 61.553665 46.954902 67.503361 2.603899 0.125000 22.871451 
44.813458 41.871969 44.545578 3.123821 2.508582 0.125000 19.103668 
116.886153 78.411125 94.371639 79.288767 1.735946 0.125000 13.710934 
149.669529 51.852358 149.194458 71.900343 2.943487 0.125000 27.027597 
46.935758 9.375273 46.683423 65.624141 1.294848 0.125000 29.063464 
174.375050 83.023454 149.375056 83.011121 1.261716 0.125000 6.486214 
170.835850 21.873675 171.181544 76.879358 5.141304 0.125000 96.119953 
82.482270 46.856264 83.176994 69.373396 1.634886 0.125000 8.756152 
62.710726 69.385057 62.285419 51.865037 1.583322 0.125000 11.001664 
60.501184 116.967396 60.086590 133.238682 11.405549 0.125000 41.110107 
120.978182 79.347877 122.996889 105.634838 3.547567 0.125000 16.187706 
146.731219 40.363729 140.315158 13.198180 5.220675 0.125000 27.035821 
116.935150 104.376847 117.664772 80.610871 1.786414 0.125000 14.971112 
140.639483 79.096203 174.363412 80.848069 2.431787 0.125000 22.997911 
131.292472 51.859335 131.528498 43.082069 2.499097 0.125000 1.970764 
150.545871 82.462343 139.331022 80.951432 1.643129 0.125000 0.164584 
44.460966 65.007999 1.916063 59.080282 2.334168 0.125000 12.566789 
63.135588 2.600235 79.382125 2.363049 1.468832 0.125000 5.962107 
144.100178 73.139829 144.575863 41.859046 3.825592 0.125000 47.311261 
157.248799 61.681265 152.027155 51.170393 5.597349 0.125000 4.503683 
111.875000 48.125000 111.875000 66.875000 1.250000 0.125000 2.873854 
103.897264 100.362538 100.713681 90.995210 3.440756 0.125000 1.855669 
161.960568 73.037452 156.405395 61.499271 6.215319 0.125000 10.033387 
114.375000 61.875000 114.375000 48.125000 1.250000 0.062500 2.873854 
165.625000 54.375000 165.625000 28.125000 1.250000 0.125000 8.292394 
