33.897820 68.361527 35.678681 53.131277 4.385475 0.125000 8.959915 
33.124766 69.665330 15.623769 69.651218 2.496975 0.125000 5.301648 
37.762374 95.813906 34.516890 68.108379 7.807319 0.125000 29.803332 
28.125482 25.449665 11.874925 25.456947 2.505600 0.125000 5.172956 
48.477835 55.616434 48.842506 70.637927 3.809569 0.125000 7.695231 
87.683730 64.376734 87.636311 18.124219 4.998716 0.125000 60.803357 
145.289534 19.368026 144.016270 80.617543 3.749190 0.125000 79.104291 
63.719443 0.608735 63.128996 24.406113 5.091476 0.125000 23.127803 
49.413196 71.518299 36.657898 70.152429 3.728683 0.125000 6.281913 
12.667938 26.861469 12.949517 69.376162 5.190301 0.125000 76.448820 
142.963094 0.320006 131.597981 6.353158 2.344393 0.125000 0.050694 
96.240049 33.120822 96.435402 61.877986 1.436779 0.125000 20.935654 
100.847342 40.053371 143.664105 26.019826 4.751303 0.125000 55.206315 
48.109863 29.576335 35.586671 28.634810 1.621337 0.125000 1.970764 
13.720443 70.386338 11.594827 98.482084 8.462692 0.125000 37.431178 
93.192372 67.777034 83.155003 68.526713 2.306853 0.062500 0.293299 
49.929956 49.387409 49.527572 26.849958 2.611172 0.125000 18.201342 
42.701368 35.617577 42.780164 44.389326 3.124849 0.125000 2.873854 
83.095381 71.125915 95.625217 70.630490 2.547434 0.125000 1.720471 
174.446871 83.723750 146.844557 82.680331 4.361165 0.125000 28.106761 
115.406650 16.561276 129.122192 10.089249 6.846361 0.125000 15.241215 
155.877475 80.596712 157.506777 23.142916 3.713059 0.125000 67.533627 
96.920064 74.503444 81.877991 74.217619 3.701827 0.125000 11.219093 
98.341688 66.876838 98.638530 31.879356 2.637735 0.125000 22.329341 
92.105498 31.058562 105.934236 23.706666 2.864053 0.125000 10.310893 
116.876425 75.882861 99.374898 75.875720 7.500509 0.125000 10.979779 
106.111498 22.974740 116.907644 18.198793 3.935119 0.125000 1.198571 
143.231284 80.697112 117.985669 78.419135 6.112376 0.125000 30.348633 
130.297613 11.263004 145.079564 3.355398 3.025155 0.125000 19.129474 
105.122470 71.920345 103.190215 50.506324 4.979768 0.125000 22.143095 
11.251334 99.253673 13.811169 112.468493 11.006093 0.125000 25.352377 
148.825979 79.357605 150.924226 13.134481 4.997492 0.125000 85.819708 
108.483276 56.835449 109.861615 69.321281 2.484905 0.125000 3.370729 
61.048745 25.639936 61.862322 70.647825 2.386633 0.125000 34.057143 
140.622278 73.396807 118.124535 73.171468 1.437729 0.125000 3.776944 
14.229102 112.807715 17.264995 123.372139 8.243988 0.125000 4.055862 
15.636782 65.540118 25.617985 66.925537 3.370678 0.125000 4.232717 
165.632209 4.250682 148.046373 3.230900 2.495807 0.125000 2.486513 
76.321310 17.025394 91.337909 9.558779 8.941764 0.125000 25.352377 
32.692022 110.472036 37.565464 96.677325 8.391359 0.125000 31.346245 
63.257683 53.125103 63.276055 29.375117 1.260636 0.125000 6.486214 
12.489156 0.620816 12.357500 20.628175 1.381578 0.125000 7.870688 
46.875271 23.394084 36.874967 23.392868 5.000456 0.125000 6.467797 
131.857885 44.722774 141.895092 45.216721 1.678570 0.125000 1.970764 
36.131644 39.894261 29.974260 31.079565 4.912772 0.125000 5.882676 
46.206658 105.637776 46.454250 94.365758 1.496747 0.125000 3.776944 
32.923021 137.378426 29.780585 143.920275 6.671954 0.125000 0.294986 
116.104640 68.128836 116.304672 43.120438 1.439921 0.125000 13.675756 
159.344085 23.466156 174.446613 24.834726 2.376987 0.125000 9.195484 
87.542524 99.346314 88.402285 81.888656 2.804404 0.125000 15.860896 
50.008915 109.380724 50.178306 90.620967 1.407959 0.125000 9.195484 
9.055305 20.631334 8.658745 0.614426 1.571624 0.125000 12.807844 
24.375000 16.875000 38.125000 16.875000 1.250000 0.062500 2.873854 
130.625000 65.625000 130.625000 50.625000 1.250000 0.125000 0.164584 
