98.116488 78.640731 80.621254 78.351973 2.540916 0.125000 3.662037 
101.882314 74.465747 93.088689 75.174452 1.748039 0.015625 0.674597 
94.344926 36.726110 116.933289 32.163580 4.182902 0.125000 21.925975 
120.443883 80.618350 109.246326 82.232216 3.355017 0.125000 1.229414 
171.868323 20.695867 147.977087 18.444945 4.436967 0.125000 36.639556 
154.386971 78.629320 145.619163 78.488563 1.934872 0.125000 0.820776 
118.048443 32.923239 131.816299 33.928757 3.130707 0.125000 9.438675 
97.567145 56.920525 96.014048 37.889232 6.229292 0.125000 53.696074 
153.044006 59.201492 168.137387 58.342712 2.708985 0.125000 5.946800 
101.955367 65.676980 97.102113 56.657568 7.873028 0.125000 9.569680 
81.956646 4.613127 94.292244 0.383638 4.763538 0.125000 7.475045 
147.336072 18.521444 139.291225 27.877756 4.473346 0.125000 6.677210 
128.112693 61.347022 101.847827 61.959238 4.011140 0.125000 24.365445 
141.784679 82.342044 155.638711 80.743852 2.053782 0.125000 3.456020 
149.157717 40.839549 151.409804 56.241356 8.477077 0.125000 55.497276 
88.122374 82.479540 98.127615 82.523009 1.282561 0.125000 1.067674 
136.884088 15.657904 164.680335 7.980471 4.280243 0.125000 32.829287 
94.141289 10.055804 119.048183 -0.170951 3.675716 0.125000 31.641506 
129.879971 35.555393 130.875873 60.664628 5.392388 0.125000 39.655420 
172.353297 76.931506 172.002249 64.371443 5.207588 0.125000 9.505731 
171.358367 56.944860 170.016082 23.000789 5.998162 0.125000 88.602404 
153.049177 65.494792 153.662487 76.913271 6.576221 0.125000 23.020650 
119.929985 75.039409 128.158980 68.165680 2.562039 0.125000 0.050694 
86.763445 51.852103 85.882872 8.069533 6.223601 0.125000 64.439739 
0.600813 82.638313 73.108094 79.034831 2.861660 0.125000 71.460604 
169.515066 65.590669 159.219673 66.776877 4.297655 0.125000 4.658263 
139.660183 52.006515 136.892482 31.702228 6.587140 0.125000 22.982729 
173.660024 6.870650 173.576372 20.620141 2.545583 0.125000 9.195484 
54.382911 87.426511 1.875489 86.831828 2.853745 0.125000 25.507042 
169.369233 83.640934 148.121888 83.403435 1.431550 0.125000 3.776944 
100.568216 39.221563 126.876300 38.157121 2.295818 0.125000 4.934975 
13.125000 85.625000 39.375000 85.625000 1.250000 0.125000 8.292394 
100.825300 32.618328 87.217924 13.402498 5.012770 0.125000 32.586469 
86.636139 64.414341 87.125525 51.836113 2.838292 0.125000 12.304394 
156.877726 78.181008 166.914790 77.692429 3.988664 0.062500 1.617266 
162.806947 -0.388843 136.409830 7.892198 3.133693 0.125000 19.736889 
133.435908 32.077341 134.772760 21.764524 4.200964 0.125000 15.517114 
105.638016 84.606889 121.906922 83.693705 1.250000 0.062500 1.785718 
109.152965 0.114473 92.150721 7.508969 2.292566 0.125000 4.339063 
70.615336 83.018173 51.905373 84.710743 1.250000 0.062500 0.293299 
124.417771 16.552103 90.598850 12.072416 3.060958 0.125000 14.953352 
30.651966 83.541639 18.123545 84.352524 1.731804 0.125000 2.873854 
150.603338 94.028459 123.132539 95.745614 1.403532 0.125000 9.195484 
154.375000 131.875000 169.375000 131.875000 1.250000 0.125000 0.164584 
119.362022 96.638835 89.383857 98.286186 1.659634 0.125000 4.658263 
58.125000 65.625000 79.375000 65.625000 1.250000 0.125000 4.680034 
