153.122901 39.721005 168.122349 39.811993 2.537867 0.125000 5.962107 
151.559771 76.875401 151.513615 40.623869 2.544561 0.125000 42.609814 
109.712813 8.182928 109.228399 0.554929 2.811859 0.125000 1.697763 
80.788842 38.552594 92.523940 68.361623 5.173795 0.125000 53.653669 
150.628901 31.568323 143.114217 31.472740 2.579288 0.125000 1.067674 
113.114937 0.599500 113.347258 11.896136 2.705083 0.125000 8.756152 
63.870559 51.936239 72.469411 41.342847 6.485000 0.125000 12.116880 
166.889303 78.800272 153.116725 78.457525 3.842134 0.125000 15.407743 
49.362452 51.089192 63.169942 51.462435 3.782408 0.125000 6.467797 
74.381702 8.019741 108.130877 8.186646 3.762318 0.125000 58.820355 
111.880877 13.155958 70.625810 12.957072 2.692804 0.125000 66.004239 
129.405563 20.474247 120.592867 20.719269 2.672738 0.125000 3.370729 
92.421718 73.108429 92.686680 81.850399 5.073443 0.125000 3.048414 
69.593641 11.870637 69.368722 0.600180 3.799135 0.125000 13.710934 
94.371100 81.647950 115.636297 81.282690 1.593293 0.125000 5.096564 
119.779594 17.268649 137.627369 -1.075356 7.869378 0.125000 49.045202 
47.945130 28.114835 48.147075 49.374790 3.821069 0.125000 31.456359 
31.907091 63.124534 31.000398 0.619554 2.644781 0.125000 72.799983 
166.823323 41.873578 166.785079 76.876267 2.538239 0.125000 40.803634 
118.872651 82.119307 123.655777 67.481525 5.940872 0.125000 19.501288 
46.904579 0.552838 47.656873 26.924013 7.995972 0.125000 37.987932 
20.512642 0.537086 20.095447 7.002154 3.661721 0.125000 0.797908 
168.114285 37.477704 153.119025 37.211121 1.494209 0.125000 0.820776 
167.267086 0.617338 166.954444 35.625709 2.812455 0.125000 32.409963 
20.609648 14.375339 21.686239 63.156753 3.804248 0.125000 68.005734 
124.945949 58.468229 131.930221 21.414187 14.438202 0.125000 130.845992 
21.735015 65.627664 22.092121 84.394654 2.761141 0.125000 14.553849 
141.032499 34.367120 141.951592 81.897690 3.797632 0.125000 37.795443 
32.404398 85.646141 31.925918 69.336834 2.718864 0.125000 4.658263 
174.424714 94.050535 153.117020 93.377744 4.103174 0.125000 33.536995 
104.386325 3.685722 78.143410 3.254539 2.602339 0.125000 26.354194 
20.649769 63.835224 0.577316 62.914151 3.070362 0.125000 15.391931 
45.625622 86.428205 33.123695 86.437879 5.008703 0.125000 11.507462 
19.427405 12.354726 0.594490 11.073454 2.833618 0.125000 16.751076 
34.217200 40.630456 34.995745 63.146758 2.714484 0.125000 11.507462 
35.617397 70.625521 36.391235 81.908180 2.836269 0.125000 8.292394 
90.749077 86.893482 80.600218 85.870972 8.705925 0.125000 10.912266 
162.269776 31.801401 155.521320 34.066041 3.563144 0.125000 1.697763 
0.586234 68.074840 20.605722 68.721662 3.828776 0.125000 20.451231 
31.955091 89.693337 0.595370 91.294794 2.496747 0.125000 12.576327 
147.516986 34.374719 147.539394 85.625256 1.272408 0.125000 21.725979 
149.358793 83.244997 166.876895 85.610966 7.532199 0.125000 23.929742 
81.895288 85.110903 46.847866 85.468941 6.530594 0.125000 96.873161 
20.558048 85.584934 0.547073 86.623468 5.576351 0.125000 45.248766 
0.525264 14.382610 19.355100 15.875931 3.183932 0.125000 12.882770 
18.158676 5.184386 4.380519 5.757646 1.924802 0.125000 1.067674 
131.079225 71.877914 131.159473 59.370409 2.540048 0.125000 8.292394 
122.409503 92.061697 119.807138 82.088407 4.575307 0.125000 4.864122 
0.577381 24.936273 18.162902 26.428256 2.596723 0.125000 14.614024 
138.206880 29.504381 165.422687 12.280469 5.107675 0.125000 29.675036 
40.313924 81.838521 39.441067 59.372433 1.782873 0.125000 10.310893 
48.229127 79.412685 47.362708 53.067851 5.079473 0.125000 51.183668 
40.426776 48.046662 42.854776 80.645127 2.625497 0.125000 13.859387 
50.177132 38.594150 61.682021 49.577149 1.250000 0.125000 4.680034 
149.413221 93.710216 133.073498 92.770776 4.102564 0.125000 7.405795 
132.150636 94.810809 123.523510 91.890183 7.103951 0.125000 10.884515 
6.229442 56.875210 6.223336 38.124805 1.255698 0.125000 0.820776 
16.995434 60.619014 16.372573 48.087842 1.496677 0.062500 1.669734 
13.701142 48.090815 14.444604 60.620870 1.617994 0.125000 1.970764 
121.876498 93.833575 106.873154 93.792053 1.291508 0.125000 0.164584 
122.668696 67.356689 121.118239 57.840963 6.369672 0.125000 22.991712 
151.607473 109.376192 151.551767 96.870872 2.538952 0.125000 8.292394 
29.375000 13.125000 29.375000 36.875000 1.250000 0.125000 6.486214 
18.178849 20.116336 0.611074 18.256547 2.222919 0.125000 6.799042 
103.123631 68.651486 116.876789 68.687260 1.285761 0.031250 2.447038 
165.355235 1.440465 153.531954 8.780517 6.115342 0.125000 5.045066 
16.873165 94.277913 0.605353 94.585324 1.250000 0.125000 0.164584 
19.398124 98.623825 0.630509 99.493829 1.653845 0.125000 8.292394 
83.120160 97.688419 40.625383 98.159565 1.471653 0.125000 18.226384 
