149.958520 75.616552 149.324658 125.624362 3.860598 0.125000 40.852825 
0.567103 105.561603 148.081859 112.759185 4.476559 0.125000 202.994099 
148.135969 11.872126 146.362493 5.104195 3.011232 0.125000 1.067674 
144.331690 117.752174 118.001383 120.810858 5.255076 0.125000 33.672074 
147.673484 98.126972 147.883417 13.124403 1.450661 0.125000 49.834534 
146.170688 110.781943 147.174911 99.291962 4.062264 0.125000 5.664267 
150.044061 11.872568 149.782373 74.376706 1.511658 0.125000 65.187063 
21.665199 104.376853 20.748782 0.623907 1.978619 0.125000 114.715650 
121.822095 123.440048 141.886027 126.809337 2.474806 0.125000 11.948253 
120.653684 126.335079 93.148074 127.446196 8.351604 0.125000 64.162348 
17.910623 0.613672 19.045455 104.364932 2.445164 0.125000 132.570416 
62.037954 105.624148 61.489265 0.627016 1.354497 0.125000 62.411817 
151.773098 126.852398 174.428276 128.733293 5.293124 0.125000 23.127803 
110.159093 45.627505 109.959450 108.126867 2.595816 0.125000 69.642615 
93.762301 129.613741 69.210066 136.266285 9.099284 0.125000 48.125567 
141.865640 129.432143 118.138004 125.545611 1.839725 0.125000 0.434640 
91.880372 124.186439 73.109995 123.651705 2.783752 0.125000 13.192832 
68.650679 135.846638 55.585241 140.513696 5.044795 0.125000 17.072773 
69.360800 0.655570 83.609033 7.273986 8.988848 0.125000 31.346245 
58.622390 0.618624 59.711971 85.620681 1.378070 0.125000 44.511696 
96.805439 30.656582 100.996941 39.888611 7.136515 0.125000 11.888850 
83.327150 5.849946 99.636896 31.259245 9.026897 0.125000 82.881204 
103.911938 50.554444 105.266032 65.657185 2.601638 0.125000 6.799042 
64.188794 15.621359 64.466901 96.874685 1.254271 0.125000 45.362773 
106.861859 108.124942 106.983554 80.625480 1.283178 0.125000 9.195484 
99.009636 41.354326 103.896248 49.656781 6.402007 0.125000 1.232649 
60.621821 121.957434 38.107100 121.089151 1.682607 0.125000 11.904754 
59.375000 88.125000 59.375000 105.625000 1.250000 0.125000 1.970764 
