0.584871 72.093362 46.959194 70.289497 3.975923 0.125000 35.325163 
0.447422 51.514660 174.440233 60.629810 8.493761 0.125000 392.659422 
38.131205 65.803093 0.589675 67.111180 3.020823 0.125000 41.909364 
170.457375 110.214867 137.522258 121.437982 21.429306 0.125000 213.995086 
126.599922 127.250463 84.348369 140.540335 10.597199 0.125000 131.446741 
138.214415 124.734629 126.149457 127.734369 7.888257 0.125000 28.166460 
174.507139 104.818932 156.666911 101.894372 7.178748 0.125000 49.728693 
155.636598 102.046177 141.865125 102.979258 5.242061 0.125000 24.374822 
119.525401 111.531219 111.620760 112.843118 7.398794 0.125000 14.486264 
175.493071 7.429459 155.670847 0.493964 9.143277 0.125000 52.969670 
126.863420 120.328320 105.597029 121.158376 5.337460 0.125000 14.550859 
106.853415 117.428242 86.360853 113.009348 10.901713 0.125000 17.220712 
122.108651 106.900134 114.409078 108.310979 3.463293 0.125000 2.576231 
79.559598 136.443066 53.239464 142.382258 2.557437 0.125000 5.241318 
100.624728 125.630824 74.373669 124.403459 3.022690 0.125000 3.315834 
135.498128 100.765510 116.789823 99.058538 4.075227 0.125000 12.898161 
31.879234 126.950265 15.610400 127.865477 2.776887 0.125000 7.653196 
88.138632 118.284716 53.179921 121.268472 5.483244 0.125000 32.362689 
85.771349 111.623694 67.056874 114.366119 2.867948 0.125000 4.824161 
54.451535 129.967209 38.150700 132.073861 1.560115 0.125000 0.797908 
53.183363 123.552306 41.804183 125.106509 1.800370 0.125000 0.820776 
