120.668079 31.646195 138.250837 34.956641 3.150685 0.125000 9.711716 
101.906122 77.948441 73.107847 78.783392 3.042342 0.125000 28.099339 
77.903789 21.504717 103.190803 27.863314 4.863176 0.125000 27.547212 
170.625075 76.880016 158.109215 77.066698 2.648862 0.125000 3.403198 
161.841702 40.821705 174.404899 42.948375 2.864658 0.125000 0.426994 
134.367637 77.574251 118.137248 77.791221 2.650155 0.125000 4.248691 
155.533346 41.082831 137.985875 37.569956 2.696733 0.125000 10.225809 
51.867206 80.896557 16.896014 79.892833 3.676732 0.125000 32.321123 
139.442791 35.294278 156.974825 38.888000 2.228565 0.125000 5.096624 
75.525667 76.956920 77.363502 23.099015 6.118475 0.125000 169.692061 
157.413719 75.735579 158.688987 40.691011 7.585954 0.125000 106.284536 
88.574190 20.706938 77.517259 16.454885 6.461485 0.125000 8.524990 
77.222509 16.988376 78.395061 0.466740 5.783872 0.125000 28.166460 
175.070935 18.855765 126.040239 -0.430638 5.606759 0.125000 67.773251 
161.614761 32.160660 168.202440 38.162099 4.537979 0.125000 0.923527 
171.241398 44.219294 169.735921 74.517157 7.800933 0.125000 114.442776 
38.105353 73.814814 51.882247 73.331631 1.687362 0.125000 4.680034 
138.308577 30.760426 140.576558 6.752340 5.330520 0.125000 33.131421 
16.902631 69.046868 44.377948 68.223345 4.047914 0.125000 10.922076 
103.075000 24.374466 103.328931 0.600476 5.199973 0.125000 53.908287 
135.240339 36.864523 134.152639 76.800854 7.667381 0.125000 109.564103 
15.565748 83.136042 45.616869 84.548052 2.086562 0.125000 7.695231 
11.184459 82.170711 20.081745 65.337853 8.509393 0.125000 39.470654 
154.238450 82.509534 166.943465 83.430119 7.932070 0.125000 14.044477 
147.547013 11.956179 146.040751 24.425223 6.696317 0.125000 17.705453 
51.880227 70.524785 38.102511 69.806164 1.704068 0.125000 1.697763 
73.165370 86.737177 96.974746 85.872936 7.631093 0.125000 69.950577 
158.265879 29.563617 160.353584 14.168681 4.954649 0.125000 16.720712 
30.604996 85.895930 13.108090 84.604026 1.614785 0.125000 1.697763 
124.108867 84.545618 153.193288 81.222705 5.535244 0.125000 21.266823 
36.875000 78.125000 50.625000 78.125000 1.250000 0.062500 2.873854 
103.091201 94.024673 116.868716 94.542267 2.779799 0.125000 6.009503 
155.576740 115.623206 156.599262 88.114750 6.802870 0.125000 80.726657 
71.623520 0.587021 69.534875 83.160662 4.522101 0.125000 145.887543 
81.960101 31.323496 98.208971 33.830819 1.898873 0.125000 2.510782 
169.329114 85.622297 169.393650 114.374958 6.261207 0.125000 57.210064 
116.944557 98.299529 101.846024 97.323015 4.989575 0.125000 7.337580 
122.018104 38.130761 120.709839 70.628415 4.241742 0.125000 22.982729 
124.149272 0.798058 122.345249 24.505901 6.137140 0.125000 42.830952 
89.146851 -0.427272 83.558891 14.060219 7.897194 0.125000 34.159672 
54.867592 69.323857 55.039900 79.406361 5.084706 0.125000 0.553250 
135.261886 6.867029 134.904754 23.136629 1.606314 0.125000 10.098574 
133.845908 85.470308 133.475084 95.728032 8.653970 0.125000 6.767599 
165.223391 18.289728 163.072981 29.364900 4.634277 0.125000 1.349337 
100.853632 35.669277 99.655812 75.670839 4.661037 0.125000 91.250277 
15.423617 38.061802 27.481652 -0.361450 7.435155 0.125000 121.771357 
74.587249 106.910656 74.954284 91.858645 4.023129 0.125000 20.844003 
172.537251 21.863100 172.258461 35.632764 2.575397 0.125000 10.098574 
115.783089 118.285038 100.613801 119.186564 4.917035 0.125000 11.797682 
133.548732 96.674756 133.980627 102.980787 6.320804 0.125000 8.567595 
98.261471 113.187090 78.254193 112.067109 6.659414 0.125000 29.119350 
16.158365 60.713997 15.981611 51.842988 8.098114 0.062500 2.412063 
16.513579 100.696343 14.948001 92.765149 5.631563 0.125000 6.126021 
133.408517 104.369846 133.355124 114.382892 5.033255 0.125000 8.739380 
135.524795 120.267318 119.483242 124.761370 3.418933 0.125000 3.586135 
124.402112 117.295522 116.772646 117.787404 3.903075 0.062500 2.975592 
66.882632 108.909129 48.117191 108.601726 1.495519 0.125000 7.653196 
16.132694 50.833711 18.345519 32.198038 5.764226 0.125000 21.916287 
