83.736433 60.362945 87.428889 51.365279 4.685657 0.125000 1.198571 
86.127583 73.351618 81.888603 59.370876 3.442242 0.125000 0.614840 
29.378906 21.729235 19.352610 21.460569 2.700002 0.125000 1.697763 
30.703591 40.625590 30.835107 23.117189 2.621990 0.125000 15.517114 
0.623739 90.050388 85.625777 90.209118 1.399388 0.125000 57.025014 
80.626602 92.337369 39.372766 92.480316 2.521641 0.125000 40.539510 
17.646153 18.065447 18.493617 46.827308 5.660503 0.125000 42.058722 
80.630827 13.800521 65.621161 13.929994 3.814553 0.125000 20.315323 
53.381836 71.218251 34.469850 68.670836 3.954053 0.125000 2.282913 
36.579115 33.082880 35.973296 19.359624 2.773208 0.125000 6.985969 
53.454642 18.088468 52.660069 38.106546 3.241687 0.125000 23.097763 
90.564776 41.719163 92.341409 26.781801 5.703170 0.125000 6.086341 
90.532709 45.624292 90.273671 79.372303 2.634246 0.125000 17.705453 
65.622640 19.470252 79.395157 19.811517 2.777908 0.125000 6.985969 
83.624757 40.665637 82.263630 15.536244 3.744511 0.125000 12.259834 
34.829017 66.883169 35.234126 44.367967 3.457059 0.125000 18.883306 
50.303209 35.621951 50.445317 20.623298 1.380216 0.125000 0.164584 
33.125000 25.625000 33.125000 33.125000 1.250000 0.015625 1.067674 
50.678417 39.077799 36.858578 38.600673 2.800423 0.125000 9.195484 
36.885591 15.462177 51.903359 16.439012 3.224944 0.125000 14.081748 
36.857797 35.959726 49.388940 36.603758 1.761620 0.125000 3.776944 
10.363775 18.124084 10.258589 48.128098 1.355163 0.125000 11.001664 
80.624797 82.012248 63.124835 81.986348 1.270349 0.031250 1.896440 
63.155218 16.108629 59.917155 49.787668 9.427612 0.125000 79.061011 
33.162355 34.376192 32.365182 59.350747 1.727911 0.125000 15.517114 
49.388232 18.726048 36.867950 18.470758 1.504563 0.125000 1.067674 
34.122981 0.545370 32.860389 24.360972 2.761199 0.125000 3.369347 
113.781861 11.857344 112.145019 66.845829 3.525186 0.125000 47.446714 
80.666859 23.065429 63.104892 22.504074 2.977942 0.125000 13.809694 
152.233505 94.683351 165.961496 102.536799 3.567813 0.125000 12.777654 
92.078638 25.625327 92.106733 8.125372 2.506017 0.125000 4.480242 
48.422533 57.982324 47.691580 69.265948 5.671288 0.125000 2.619268 
45.676667 32.915910 38.141852 32.649100 2.631140 0.125000 0.164584 
167.541792 69.115354 160.727782 84.420759 3.042582 0.125000 11.948253 
74.396107 73.386109 54.378546 72.958852 2.739498 0.125000 2.319990 
155.923956 84.445206 156.494478 71.857753 2.440838 0.125000 6.102063 
115.910885 55.557491 117.587464 0.570497 3.679795 0.125000 29.943768 
140.783110 90.366258 149.378771 95.618828 2.370185 0.125000 2.873854 
32.919531 79.549671 8.113211 81.741587 4.285560 0.125000 21.916287 
174.381944 55.512882 160.607361 54.659811 2.804281 0.125000 5.096564 
163.809804 85.932534 171.608510 68.566677 4.212808 0.125000 12.334838 
12.998475 78.567816 32.063782 75.579364 2.783494 0.125000 11.124244 
29.383426 10.085551 18.116650 9.909567 3.144065 0.125000 2.510782 
41.593656 44.006548 38.477035 56.959702 5.108019 0.125000 9.741820 
168.043339 102.415543 174.495613 101.672860 3.055347 0.125000 1.970764 
174.460691 85.148267 165.670307 84.712032 2.934521 0.125000 1.970764 
39.282066 24.472420 45.792109 23.947506 4.240185 0.125000 3.776944 
12.520709 48.128239 12.671203 18.122724 1.400449 0.125000 15.860896 
59.725209 99.263470 61.842270 129.638645 14.933472 0.125000 84.363903 
20.594893 60.780886 31.905818 62.965436 1.980558 0.125000 0.820776 
144.239970 67.833524 154.563374 69.287815 2.492746 0.125000 3.776944 
154.345295 54.251037 174.392309 49.447231 2.722461 0.125000 6.119189 
86.004829 125.716420 85.515541 94.298836 15.348548 0.125000 113.248953 
8.217349 74.375483 8.229954 39.375038 3.756752 0.125000 23.450228 
174.419616 91.432953 163.033282 90.283713 4.849198 0.125000 2.402083 
33.127880 92.247246 0.620155 92.498721 1.491701 0.125000 17.143730 
116.873977 91.398070 135.626571 91.357865 1.287516 0.125000 1.970764 
35.626967 79.977506 75.626541 79.846900 2.614267 0.125000 11.418727 
101.141418 45.660379 101.829150 35.621859 1.674258 0.125000 0.164584 
166.877356 104.958039 155.631911 104.918318 3.772052 0.125000 3.662037 
136.681104 81.894394 135.678415 71.869657 1.865824 0.125000 1.067674 
36.311345 113.173818 34.573442 93.107813 2.598534 0.125000 10.285789 
112.340517 94.329253 111.097066 115.652528 2.568529 0.125000 7.475045 
145.653550 63.168985 154.093257 57.690936 2.096990 0.125000 1.067674 
7.685133 19.383084 7.834917 4.372105 3.824647 0.125000 1.992002 
15.969582 96.959744 18.774813 126.931176 5.523881 0.125000 48.943172 
31.518103 118.163681 29.762829 101.968444 2.754823 0.125000 11.416468 
115.474746 115.623545 115.668414 95.625420 1.286256 0.125000 3.776944 
6.876793 38.125050 7.257107 24.385577 1.387870 0.007812 0.668289 
