143.132356 85.500727 174.420712 87.352735 2.429580 0.125000 25.871204 
135.750133 66.279490 143.436089 67.894515 5.921323 0.062500 1.496780 
134.367732 43.066196 174.526731 38.102611 4.000521 0.125000 49.655891 
143.111264 80.824731 174.385285 82.975445 4.169964 0.125000 30.484120 
115.622443 62.940239 134.386149 62.680554 2.638145 0.125000 12.933632 
148.115744 71.441546 138.907764 78.329289 6.754436 0.125000 0.704127 
174.411003 59.158913 163.098503 59.274164 8.800483 0.125000 19.795299 
143.882095 67.683410 150.314418 65.809122 3.949961 0.125000 1.697763 
155.625675 61.778809 135.617886 61.638350 2.605240 0.125000 13.809694 
93.109357 38.312046 134.384286 41.763961 5.408248 0.125000 42.871928 
161.902982 45.198072 118.161042 46.685161 5.761601 0.125000 70.942135 
99.315091 85.350512 143.125637 84.404517 5.295668 0.125000 45.403000 
163.125000 84.375000 145.625000 84.375000 1.250000 0.125000 1.970764 
148.133126 30.796021 174.383254 29.548706 2.319196 0.125000 3.885675 
134.371968 60.365815 116.874363 60.570529 1.381525 0.125000 1.067674 
174.377475 27.009350 143.115057 27.585292 3.496093 0.125000 23.093660 
162.507063 59.336167 156.535884 56.289673 3.169615 0.125000 0.164584 
153.156085 38.108471 134.355023 38.582275 4.095212 0.125000 4.746480 
93.093303 29.328251 131.849337 30.349192 2.466216 0.125000 16.437095 
156.787040 55.398331 144.272060 54.322614 2.490816 0.125000 0.883796 
116.880496 45.212090 91.868289 44.879169 1.582618 0.125000 22.741834 
174.379671 12.536039 0.610860 11.157883 4.514086 0.125000 223.835820 
80.620167 55.973580 113.123649 56.071854 2.575576 0.125000 22.175430 
105.629558 34.200917 134.392568 34.954067 1.609488 0.125000 11.416468 
135.694230 68.931367 88.180893 61.516831 3.433765 0.125000 54.491269 
163.133413 54.433750 174.508154 52.804790 2.300593 0.125000 3.776944 
174.517961 41.503685 161.944058 43.549449 2.869023 0.125000 10.098574 
68.118628 23.838994 174.371321 24.787275 2.879188 0.125000 61.143555 
13.021566 93.183400 70.630020 88.182829 2.819330 0.125000 60.404788 
31.827402 57.076331 0.272458 49.616184 3.672633 0.125000 42.659503 
48.103262 86.638000 13.054170 89.852772 2.386507 0.125000 20.569150 
0.619017 24.084088 66.877725 23.826840 5.213497 0.125000 76.272176 
160.718458 95.685004 101.938329 91.068636 2.857668 0.125000 40.477251 
174.435471 118.141720 99.367853 121.725290 2.851667 0.125000 63.792794 
138.123126 116.917626 38.123336 116.772614 2.603319 0.125000 38.425682 
98.120014 122.105030 0.611635 119.991628 2.766534 0.125000 63.671406 
89.077397 62.334582 64.708182 71.509913 4.541936 0.125000 26.888049 
170.677330 99.118852 159.387780 96.812442 2.225512 0.125000 1.697763 
138.152482 132.203935 174.462334 129.170321 2.595392 0.125000 28.949636 
14.126326 47.662949 30.698227 52.892973 2.007885 0.125000 10.098574 
63.125000 119.375000 113.125000 119.375000 1.250000 0.125000 25.451104 
85.117549 26.920894 84.189229 41.940776 4.282631 0.125000 15.391931 
174.492875 108.732809 164.388085 110.692473 1.740322 0.125000 0.164584 
89.369438 75.473914 54.324898 76.764098 2.590284 0.125000 13.356699 
70.607582 86.816114 94.389055 87.163877 5.237068 0.125000 24.206567 
89.260801 82.524588 98.174806 84.091695 4.342663 0.125000 2.249350 
31.847904 53.445813 46.846488 54.712582 1.350765 0.125000 0.164584 
56.552584 78.848110 48.516848 83.765356 4.264869 0.125000 1.454630 
28.127499 132.995541 73.110733 133.863999 2.234122 0.125000 30.691227 
0.540884 42.080199 13.436031 47.366251 1.896472 0.125000 1.697763 
114.375000 49.375000 99.375000 49.375000 1.250000 0.125000 0.164584 
120.625000 118.125000 134.375000 118.125000 1.250000 0.062500 0.616176 
31.149412 71.931751 31.552621 59.324711 4.067749 0.125000 7.149246 
103.134346 133.411519 135.640532 132.351159 1.453104 0.125000 16.420204 
70.627797 93.154128 54.407312 94.711529 1.363746 0.125000 1.970764 
115.605574 97.020559 103.160410 95.359673 1.404369 0.062500 0.465614 
