71.864599 45.587678 89.384752 45.737939 2.649991 0.125000 19.962553 
61.933786 44.657545 70.802948 45.196468 4.990795 0.125000 3.851484 
115.696140 49.095843 138.147548 50.140337 3.252471 0.125000 6.729638 
73.207396 75.837774 60.605122 76.220545 8.745967 0.125000 18.543686 
66.851411 69.973075 79.380237 69.519741 3.928346 0.125000 1.036501 
1.832837 100.001142 80.561154 94.680319 3.471427 0.125000 51.493298 
90.570407 45.639993 119.320804 46.880775 3.423136 0.125000 36.159573 
174.481224 81.922528 155.657273 80.259662 3.185484 0.125000 18.883306 
78.104659 52.960769 64.257438 54.675792 2.634686 0.125000 0.426994 
118.117284 53.935550 84.370342 53.614309 2.559378 0.125000 19.023505 
60.773494 25.572031 61.438956 43.141516 4.949106 0.125000 20.949977 
73.115270 98.643912 58.120542 98.362754 5.139725 0.125000 0.632889 
89.280551 50.704982 109.356841 52.130708 2.228081 0.125000 3.851484 
88.262747 20.497126 64.376579 18.109204 2.736650 0.125000 6.907656 
129.374717 81.865828 63.110587 83.907140 3.170889 0.125000 44.206430 
64.365113 15.783439 86.855537 17.186898 1.948239 0.125000 7.653196 
59.919500 73.175323 70.325909 58.814044 7.716064 0.125000 18.316925 
90.654544 75.966302 71.614401 77.614461 6.442315 0.125000 10.239317 
130.629935 76.369530 91.871425 75.991097 3.615574 0.125000 45.158486 
69.177862 60.080767 75.261351 55.174130 3.646712 0.125000 0.050694 
83.906065 43.178766 84.469943 21.877513 5.130561 0.125000 18.543686 
134.939188 52.884150 132.829356 80.791651 7.667123 0.125000 46.540149 
58.309920 84.357051 58.435382 94.386754 6.343321 0.125000 13.821835 
83.072883 12.549522 66.868617 12.110701 5.302713 0.125000 18.076861 
83.143066 25.374622 69.374557 24.381139 1.958479 0.062500 1.347188 
78.130047 93.953117 81.227158 84.584388 8.690354 0.125000 11.554906 
159.303436 83.617693 174.704756 85.854752 4.049684 0.125000 16.190856 
61.828412 98.557146 24.307752 100.694463 2.464321 0.125000 12.872920 
76.401391 140.544664 83.276351 100.014575 10.629704 0.125000 82.844656 
58.455885 100.266531 54.871306 121.957020 11.507075 0.125000 60.093131 
88.112882 68.736958 123.123994 68.072011 2.950539 0.125000 25.337593 
119.364849 94.061251 174.388136 92.281017 2.498693 0.125000 38.017888 
55.259425 121.421477 56.917055 142.929079 11.408845 0.125000 55.730354 
80.379519 67.079604 81.075026 59.415841 3.222629 0.125000 0.050694 
174.385227 94.782809 133.129827 95.817458 1.782371 0.125000 28.798057 
59.512453 58.196084 65.175295 47.245997 7.848362 0.125000 8.505876 
85.707509 60.715104 95.669745 60.101735 3.422815 0.125000 5.962107 
95.443675 57.893068 106.779351 59.912032 4.787822 0.125000 0.940023 
10.292133 87.797772 -0.246614 98.518154 6.194510 0.125000 4.699236 
69.398276 2.868004 89.347844 4.674833 1.250000 0.125000 1.970764 
31.884728 84.577523 55.639960 83.436441 1.728357 0.125000 12.807844 
156.856189 77.232181 174.373434 78.154734 1.774195 0.125000 8.292394 
136.669194 48.106597 139.360174 18.011903 5.314112 0.125000 60.471654 
134.677144 18.738840 122.138612 24.910558 2.295356 0.125000 4.336995 
111.875000 79.375000 128.125000 79.375000 1.250000 0.125000 1.067674 
151.742340 46.957246 152.389684 38.162885 2.860306 0.125000 2.576231 
88.108201 7.049008 70.650236 5.363596 1.484451 0.125000 0.820776 
