145.556036 10.769358 146.852345 0.163868 8.837019 0.125000 4.412057 
152.995854 39.345242 156.466920 24.280971 3.214502 0.125000 1.783865 
161.475793 15.565923 160.155081 24.490442 3.388020 0.125000 1.653093 
160.339178 26.039948 151.709594 46.091770 3.618872 0.125000 8.821999 
139.799868 61.498900 146.320935 47.192211 2.994347 0.125000 8.533210 
155.119497 23.178693 154.923841 16.781749 6.208864 0.125000 9.438675 
155.300525 16.066177 148.858046 11.327883 4.710014 0.125000 1.855669 
150.723442 46.155142 146.509354 52.896429 2.517240 0.125000 0.164584 
171.099764 25.645811 172.088932 3.079585 5.268903 0.125000 15.912361 
117.665650 83.129978 116.947486 16.860668 6.493452 0.125000 120.224700 
123.736418 15.616272 122.967281 71.889929 4.193811 0.125000 71.421496 
134.289660 15.110297 148.121566 15.704876 5.049070 0.125000 0.577901 
142.101556 77.458756 130.637753 81.907860 3.495948 0.125000 3.048414 
141.182652 71.920894 142.323476 58.059035 2.491576 0.125000 7.870688 
153.149678 30.202785 125.597682 28.592384 4.400048 0.125000 13.672899 
145.127136 59.340637 144.262541 71.867238 1.677389 0.125000 1.970764 
166.698489 31.960686 167.499551 21.924852 3.084864 0.125000 1.034919 
165.738247 63.128447 166.310734 44.319779 3.786293 0.125000 1.606321 
29.918584 98.357704 31.419517 110.976537 5.910974 0.125000 7.030996 
123.124398 73.558714 158.124331 73.607267 2.538146 0.125000 26.408166 
14.383358 50.557168 0.535562 48.850837 2.175496 0.125000 3.456020 
28.104188 79.033895 15.574565 79.798364 2.038612 0.125000 1.067674 
145.669841 87.870569 120.495708 89.004428 9.528551 0.125000 47.765887 
15.644683 12.980610 0.583757 10.927550 2.308256 0.125000 3.403198 
174.419672 87.997831 145.578378 87.062287 4.639595 0.125000 41.296959 
14.352090 43.275592 0.541393 41.174581 2.283565 0.125000 3.370729 
28.136869 53.515984 14.361617 53.934163 1.552858 0.125000 1.653093 
16.888886 28.021407 0.596510 25.837547 2.235322 0.125000 3.508045 
143.049905 12.596331 39.382399 1.803927 1.945117 0.125000 56.017702 
26.927210 93.392460 0.465504 98.557935 2.873843 0.125000 16.561053 
43.187150 0.027277 141.909605 10.292184 1.969495 0.125000 41.620490 
0.594655 87.749203 10.630156 86.938854 1.849592 0.125000 1.970764 
0.588010 80.027841 10.626920 79.405992 1.634017 0.062500 1.669734 
24.631002 9.673431 8.223393 5.259271 2.971756 0.125000 2.536664 
14.371164 35.663670 0.632350 34.300898 1.860814 0.125000 3.776944 
0.522679 51.717838 11.906952 52.783733 2.605640 0.125000 5.583124 
0.535405 13.681449 16.963309 16.326538 2.865622 0.125000 10.225809 
10.631486 84.444202 0.602424 85.384111 1.944369 0.125000 1.970764 
0.602627 67.499978 11.882918 67.096193 1.517495 0.125000 0.164584 
29.359741 38.722182 15.617249 39.043393 1.454121 0.125000 2.873854 
0.574412 7.227227 15.623050 9.388578 2.474607 0.125000 7.870688 
14.347628 55.935555 29.341324 57.257082 2.929338 0.125000 8.509122 
0.617157 44.486049 14.386754 45.458586 2.493788 0.125000 4.248691 
13.123587 58.148171 0.593956 57.384036 1.704230 0.125000 1.067674 
0.426850 102.251647 26.740348 96.281519 2.714613 0.125000 20.451191 
0.529580 28.881218 16.835418 30.938694 3.106271 0.125000 7.917544 
16.867701 20.670117 0.638035 18.044427 2.032490 0.125000 2.510782 
9.363126 82.767125 28.133936 82.144349 1.705258 0.125000 9.642303 
0.662710 3.347994 16.871941 0.606913 3.090274 0.125000 4.304398 
14.367877 64.622056 28.142466 65.019198 1.573700 0.125000 1.697763 
170.622493 66.874973 170.875449 43.127668 1.343129 0.125000 6.486214 
26.906366 86.114810 14.377696 86.917098 1.726734 0.125000 2.873854 
36.875089 83.155337 114.374417 82.926989 1.393633 0.125000 45.319084 
14.347642 40.957957 29.451090 42.198957 2.593967 0.125000 5.946800 
0.606531 37.286635 14.384878 37.904828 1.752990 0.125000 5.583124 
28.129033 73.191116 16.844771 73.879434 1.704317 0.125000 1.067674 
150.038915 70.669502 159.967848 55.989619 13.855611 0.125000 37.762820 
18.072172 12.211083 29.434406 13.997066 2.857875 0.125000 6.102063 
16.868148 34.455862 28.248275 35.420134 2.491073 0.125000 2.510782 
11.884317 65.168196 0.613510 64.938312 1.453662 0.125000 3.776944 
0.591038 59.967450 14.367422 60.757188 2.710521 0.125000 0.664633 
13.122480 76.060021 28.121976 76.146927 1.322402 0.125000 0.164584 
11.920138 90.039793 26.935786 89.020271 2.663611 0.125000 4.339063 
0.565949 21.072839 16.862260 23.221622 2.315140 0.125000 11.001664 
15.831803 5.037219 28.288100 1.147275 2.506570 0.125000 0.426994 
81.882064 55.393851 113.141070 56.349194 1.593081 0.125000 15.860896 
151.884549 55.009099 163.199624 32.533277 5.613148 0.125000 18.961795 
93.099515 65.002040 114.365190 65.866364 1.299732 0.031250 0.964265 
174.499922 98.666858 146.546758 93.735700 6.517329 0.125000 36.551449 
116.436821 115.668137 117.039960 104.317345 2.894439 0.125000 0.149785 
113.299733 87.592618 95.602191 85.857667 4.097981 0.125000 14.294847 
