154.116982 87.143404 150.767099 68.322189 6.674943 0.125000 21.193621 
173.788085 70.503894 171.109941 83.482993 5.402053 0.125000 6.729638 
108.278229 54.365024 107.624627 44.326194 2.900779 0.125000 6.102063 
174.122913 112.307261 153.219207 86.797802 5.720532 0.125000 44.752772 
171.420018 84.885769 174.169048 94.062230 4.789692 0.125000 3.274964 
106.089064 18.729676 95.386723 26.943277 7.241245 0.125000 13.913139 
55.989514 65.352730 53.450717 73.609502 8.638274 0.125000 7.479874 
52.502638 72.972758 53.425178 84.350661 5.387727 0.125000 8.717065 
87.528793 49.290046 88.204265 64.427242 3.801996 0.125000 19.081657 
121.994282 1.000577 114.820857 3.278841 6.713536 0.125000 2.249350 
87.878260 65.593594 87.405255 88.136126 3.801620 0.125000 17.301091 
55.611176 29.177855 58.394854 46.632614 5.331327 0.125000 14.393573 
146.724188 70.424805 136.931092 80.678572 8.013770 0.125000 19.302251 
95.206749 5.144698 101.948486 -0.726060 6.111591 0.125000 6.848509 
64.206234 86.154400 41.766080 91.409931 3.497384 0.125000 15.291999 
73.820383 56.780337 49.183741 66.941908 9.721146 0.125000 54.330988 
124.146455 52.940392 131.995939 43.222688 4.899678 0.125000 4.191864 
102.540866 75.727727 100.923930 46.858257 4.163539 0.125000 25.201345 
93.798106 55.627865 93.872622 38.122861 1.319162 0.125000 1.067674 
79.662631 91.884880 80.910779 55.548941 5.125790 0.125000 38.827443 
135.002824 31.009695 129.360379 21.884040 5.534917 0.125000 1.992002 
42.215395 91.549007 0.218075 107.020395 3.024697 0.125000 53.214864 
109.561342 96.779463 103.706046 85.358838 6.645729 0.125000 5.037014 
114.754090 2.554802 107.348752 20.301080 9.809834 0.125000 32.055245 
139.015172 79.738465 136.699608 87.208124 6.256268 0.125000 4.864122 
22.566455 19.583273 35.919284 12.423861 3.384617 0.125000 2.536664 
50.568696 83.802281 27.046041 86.114806 6.464611 0.125000 37.868449 
60.855417 48.457268 82.424205 24.494734 12.915133 0.125000 102.605006 
85.896275 20.799834 95.458871 5.962322 5.089659 0.125000 20.136217 
6.571918 12.329908 26.530702 4.721786 4.116986 0.125000 6.455911 
50.524155 86.520469 63.075316 82.950330 2.746606 0.125000 0.426994 
25.587891 0.692883 35.391489 6.052156 3.290434 0.125000 1.855669 
80.785016 13.134960 81.564893 0.605698 6.548549 0.125000 6.838852 
12.686028 18.689799 26.977055 9.534300 3.453660 0.125000 4.341659 
129.252021 44.648424 131.326320 36.098405 7.252650 0.125000 12.995593 
5.555369 4.081880 16.766594 1.418649 2.721212 0.125000 0.883796 
84.271178 3.064262 95.746216 2.155334 5.477900 0.125000 14.495760 
23.388643 8.626394 12.980092 14.099414 2.384145 0.125000 0.797908 
131.921035 85.821564 118.025988 86.263758 7.535965 0.125000 0.519680 
131.030192 79.564851 125.381634 54.429691 5.549769 0.125000 34.079326 
39.384583 41.843843 50.364767 45.221077 3.124486 0.125000 3.403198 
91.131438 76.887215 91.554747 59.337125 2.529414 0.125000 13.192832 
0.507624 62.015919 45.608388 65.821852 3.437141 0.125000 63.480751 
95.787290 58.121785 96.109528 74.390162 2.623283 0.125000 8.567595 
3.076940 102.977173 19.243703 97.721149 2.020343 0.125000 2.560371 
163.691960 123.475800 171.361347 111.080607 5.162053 0.125000 5.078000 
27.521448 85.065627 -1.353898 94.684376 13.835357 0.125000 117.287445 
20.431710 96.313807 48.094364 86.786052 3.335183 0.125000 3.524379 
20.723683 34.088776 41.641970 41.300888 4.238378 0.125000 12.872920 
54.469754 90.446856 56.324526 104.447923 6.762433 0.125000 4.768651 
55.635044 79.187611 76.824169 80.323347 1.024632 0.062500 0.966439 
23.111642 51.080313 44.416649 51.705343 3.931666 0.125000 20.801514 
138.400986 109.034380 151.592953 119.723101 3.884855 0.125000 10.884515 
122.568407 96.324849 112.180155 88.063029 7.403096 0.125000 19.897954 
55.758426 118.413878 21.965562 113.722644 4.264983 0.125000 27.035821 
137.037904 118.005816 131.720586 110.737972 6.446148 0.125000 6.905508 
42.001246 111.940744 69.455753 114.867488 3.066354 0.125000 6.838852 
153.950951 122.484160 146.433835 127.458293 5.614147 0.125000 0.614840 
20.622963 111.295756 33.127205 111.251774 1.289562 0.125000 1.970764 
98.291268 12.196857 108.698201 0.045367 5.423816 0.125000 18.347765 
40.831994 45.075948 18.243716 36.560105 2.933469 0.125000 18.743487 
145.972571 98.846950 157.266235 106.280613 2.150489 0.125000 0.218275 
41.770077 97.885650 0.734305 115.874345 2.164410 0.125000 22.582372 
89.371159 25.621834 100.056605 12.656553 3.349602 0.125000 3.294530 
