136.858438 20.947180 140.154477 8.328603 7.888349 0.125000 8.490191 
151.398389 31.737411 146.254287 49.556664 3.627827 0.125000 6.434302 
123.129774 58.134231 143.975707 47.352955 20.138003 0.125000 75.311803 
147.629891 39.455234 144.738583 21.613514 4.535696 0.125000 5.386417 
145.543005 48.640882 137.691793 62.886241 2.568893 0.125000 4.480242 
114.967628 85.637937 113.810916 26.861501 5.318768 0.125000 130.279728 
134.740366 75.528780 136.650776 57.964652 3.187363 0.125000 4.557628 
52.767680 8.199162 51.830896 19.475183 5.707266 0.125000 3.042730 
161.950184 19.364998 159.412109 0.287463 6.854802 0.125000 28.564162 
119.884587 25.616326 119.313189 74.388920 4.071898 0.125000 67.973711 
159.455376 39.251367 161.965713 15.502460 5.568783 0.125000 34.108749 
129.937195 0.610252 130.332150 15.665475 2.695825 0.125000 8.756152 
67.970025 0.565728 68.310989 6.864933 2.699029 0.062500 1.785718 
157.852730 71.852002 158.132607 38.114693 7.634544 0.125000 44.866661 
138.491182 63.057547 137.528231 75.674854 2.492751 0.125000 1.034919 
144.465093 38.055328 121.814650 36.509000 4.818112 0.125000 9.178894 
16.519424 10.374623 39.505830 4.927044 6.946313 0.125000 25.699529 
48.719200 94.310418 47.719867 104.458201 4.099462 0.125000 3.048414 
58.115114 9.452722 93.131787 9.713453 5.037090 0.125000 18.512503 
52.446913 70.552623 50.425890 89.487169 4.308418 0.125000 9.569680 
0.613225 10.359787 8.171931 10.450169 4.999643 0.125000 1.454630 
125.592246 24.652639 136.978706 25.995929 4.017074 0.125000 0.731012 
126.742642 13.118781 127.331452 0.587713 2.731926 0.125000 10.098574 
128.042041 76.475741 138.189336 77.465238 5.219029 0.062500 0.618640 
139.365556 76.988421 151.873614 77.075064 2.534574 0.125000 0.218275 
119.374569 76.994421 126.878980 77.021485 2.527032 0.125000 0.164584 
119.254400 13.126804 119.067143 0.610904 1.399459 0.015625 1.232791 
154.273500 91.916421 126.747049 89.752959 10.654855 0.125000 55.646574 
125.660250 33.470453 143.106153 31.690293 1.370433 0.125000 1.970764 
35.625000 79.375000 15.625000 79.375000 1.250000 0.125000 3.776944 
174.336437 44.175305 161.820400 46.592256 2.733949 0.125000 4.232717 
34.375000 84.375000 15.625000 84.375000 1.250000 0.125000 2.873854 
36.875000 49.375000 19.375000 49.375000 1.250000 0.125000 1.970764 
39.403851 33.857067 20.642437 32.811972 1.387111 0.125000 2.576231 
31.883325 26.646926 46.817805 27.192021 2.817491 0.125000 1.967896 
16.872610 45.688205 38.139465 46.492526 1.816007 0.125000 10.310893 
36.878787 65.387371 18.133548 65.088626 1.488868 0.125000 2.873854 
0.602040 32.069015 39.400385 36.660495 2.695695 0.125000 19.795299 
15.627037 46.828059 0.601090 46.175890 1.736647 0.125000 4.680034 
14.386931 62.973807 0.623998 61.887703 1.934493 0.125000 5.583124 
0.636981 48.031150 35.546754 52.487902 2.770031 0.125000 10.373848 
39.378182 44.337081 20.655143 42.765816 1.663759 0.125000 6.486214 
161.905702 53.287691 174.431407 50.923900 2.757747 0.125000 3.370729 
105.585474 19.788257 55.564836 15.004040 1.655552 0.125000 7.236105 
21.874463 98.122527 45.591900 92.972561 2.443069 0.125000 9.711716 
18.125000 26.875000 0.625000 26.875000 1.250000 0.125000 1.067674 
15.625000 61.875000 36.875000 61.875000 1.250000 0.125000 4.680034 
0.617493 79.487561 34.301046 81.733925 2.578078 0.125000 7.963887 
14.362121 55.904437 36.871917 56.941884 1.824172 0.125000 6.848509 
14.382272 87.093526 34.401699 86.427337 1.374029 0.125000 3.776944 
15.643715 40.802553 0.626475 40.540486 1.250000 0.031250 3.914505 
15.625000 76.875000 35.625000 76.875000 1.250000 0.125000 1.697763 
55.647768 12.886234 109.385917 18.010511 1.837642 0.125000 5.753152 
174.384517 88.996640 155.618074 89.080816 5.084051 0.125000 18.537196 
34.373806 89.249339 14.375611 89.439316 1.261818 0.125000 2.873854 
39.361767 19.320369 21.973623 23.532159 1.546934 0.125000 1.653093 
14.381690 51.696491 0.604194 51.180124 1.670466 0.125000 2.873854 
0.630174 64.329270 35.606710 68.286654 3.069008 0.125000 19.027907 
35.625000 70.625000 18.125000 70.625000 1.250000 0.125000 1.970764 
44.630503 103.505801 33.267736 105.286044 4.091768 0.125000 6.281913 
35.625000 74.375000 16.875000 74.375000 1.250000 0.125000 0.820776 
0.623671 43.262164 15.622263 43.407503 1.334726 0.062500 2.873854 
54.374287 85.532532 110.630580 85.098799 1.587262 0.125000 35.385094 
0.613864 53.426623 13.142936 53.889182 1.664204 0.125000 4.680034 
16.906701 31.016877 0.632733 30.415674 1.250000 0.062500 0.966439 
39.402703 38.905452 20.644250 37.798718 1.395072 0.125000 0.820776 
21.879906 40.491789 38.107897 41.089412 1.433162 0.062500 2.873854 
30.547136 12.822861 12.058625 17.587528 1.559723 0.062500 0.805318 
119.392199 19.128109 134.406414 20.174063 1.594457 0.125000 3.776944 
174.391212 100.552273 153.085343 95.802902 4.880220 0.125000 11.670842 
0.589506 58.507687 13.097841 59.667824 1.360099 0.031250 2.447038 
15.621350 72.049875 35.612643 72.467096 1.536629 0.125000 3.370729 
49.132867 104.566954 50.872923 118.093106 5.437605 0.125000 14.294847 
28.060941 17.950816 44.399634 11.941982 1.914899 0.125000 3.370729 
0.607421 37.065063 14.355427 38.336626 1.705176 0.125000 1.970764 
16.875000 121.875000 0.625000 121.875000 1.250000 0.125000 0.164584 
71.882949 60.384604 110.631915 61.665859 1.786339 0.125000 27.257284 
108.152501 89.498431 81.887639 88.857267 3.931915 0.125000 23.550741 
80.627734 69.264154 110.640307 70.004400 1.588654 0.125000 15.517114 
0.582917 75.069879 11.862852 74.214759 1.529894 0.125000 0.164584 
74.379450 88.180895 65.585669 88.880937 1.642835 0.062500 2.873854 
