30.576227 79.203879 99.355191 82.313180 3.181661 0.125000 84.955010 
94.453096 85.487876 28.131814 81.753963 5.905529 0.125000 75.455729 
134.300548 90.831763 156.898476 90.098100 3.869708 0.125000 32.895604 
96.855422 89.959016 133.190300 91.177069 5.457875 0.125000 26.368942 
158.052795 91.480350 174.497802 92.044349 6.289172 0.125000 9.883338 
146.918544 96.681736 104.419516 95.399525 3.371336 0.125000 50.192326 
4.787576 3.639581 14.944630 9.337765 6.674000 0.125000 8.991506 
174.482032 31.639534 159.386300 33.232108 2.486203 0.125000 5.962107 
174.493211 99.068560 145.530530 96.868856 3.739231 0.125000 31.659609 
153.095971 36.577810 174.387027 34.498129 2.123598 0.125000 13.192832 
126.066270 24.139601 123.869366 43.353040 5.677643 0.125000 47.018313 
83.112870 100.555979 0.527367 115.069442 2.230590 0.125000 58.960970 
13.132816 80.809751 0.602361 81.339881 1.671577 0.125000 3.776944 
103.206318 97.492532 85.681007 99.800319 1.662627 0.125000 5.583124 
35.766892 104.014027 79.597410 97.018516 4.989819 0.125000 88.592915 
116.864640 44.545942 119.664406 24.242538 5.294638 0.125000 35.748427 
76.854909 96.266221 100.620278 95.481916 3.665499 0.125000 15.163678 
0.214769 109.423985 35.889129 103.453094 6.164255 0.125000 43.164144 
159.330713 30.745162 162.340307 0.546797 3.359629 0.125000 37.716186 
154.348573 0.622685 151.504621 33.092559 2.317831 0.125000 22.163170 
