174.388630 54.603676 110.632525 55.191341 3.818968 0.125000 69.956154 
110.623735 51.698576 174.379420 51.241259 2.643391 0.125000 71.414269 
115.630086 35.320410 166.886667 36.176240 2.812676 0.125000 29.315767 
59.949811 85.631789 59.716134 19.369389 6.430695 0.125000 136.266878 
115.622573 61.113163 170.621214 61.386585 1.523410 0.125000 57.262402 
0.454368 108.490438 28.595113 103.062078 4.716301 0.125000 25.454348 
69.384682 51.885767 69.096057 85.654667 7.702711 0.125000 68.885082 
0.620949 60.323372 26.875809 60.435521 1.346098 0.125000 8.292394 
63.044063 51.637671 80.630179 45.640187 2.366184 0.125000 2.486513 
114.368491 86.591988 155.625417 85.643141 2.786744 0.125000 50.743602 
79.990930 138.135599 81.497717 50.575486 8.920765 0.125000 222.268367 
149.440919 66.116069 113.139072 62.962989 6.062889 0.125000 23.144053 
30.625204 60.889373 56.875189 60.869091 2.499999 0.125000 23.884372 
13.388783 100.192247 0.241194 104.435903 3.184751 0.125000 13.192832 
172.671212 0.548403 171.146887 34.454659 5.780909 0.125000 96.626315 
26.876112 63.334930 0.620228 63.474005 1.362540 0.125000 8.292394 
56.876270 63.436041 30.621604 63.543235 1.352061 0.125000 8.292394 
111.405516 56.821356 109.841055 106.967535 8.005153 0.125000 140.439023 
164.375023 65.623781 150.652823 65.370088 5.091569 0.125000 5.682535 
164.938486 34.350513 166.143926 0.554339 5.085936 0.125000 80.784414 
0.621486 87.824844 58.128238 87.151533 3.296074 0.125000 65.754371 
172.707882 62.011738 169.012476 84.520701 6.369944 0.125000 57.384155 
109.834624 109.520693 108.849445 129.533729 9.169631 0.125000 69.950577 
104.358956 134.896457 83.119257 135.364202 1.662513 0.125000 13.710934 
58.273166 102.368024 60.689900 89.387083 6.059477 0.125000 20.493157 
160.700591 83.657741 163.983644 67.785498 6.921903 0.125000 40.075876 
83.152136 138.855399 104.419222 138.065270 2.683912 0.125000 23.644924 
24.526264 107.683248 14.412622 109.576025 2.917228 0.125000 3.370729 
14.201877 109.519222 0.589830 111.650359 2.276564 0.125000 6.102063 
69.182503 88.394264 68.014480 98.403830 6.787399 0.125000 20.504031 
72.734701 30.171242 81.471708 22.656135 3.525584 0.125000 8.756152 
112.976667 36.803080 112.322260 49.526586 6.498575 0.125000 22.329341 
113.463589 21.795277 112.350014 34.525891 4.389282 0.125000 12.806661 
16.925743 93.415818 0.655152 92.555057 2.364437 0.125000 3.508045 
81.535787 21.899480 81.776979 0.609728 3.749759 0.125000 26.459591 
155.616259 107.783964 114.361323 108.841406 2.146856 0.125000 22.237868 
55.743253 131.619078 73.496036 139.822002 5.235390 0.125000 29.844582 
168.687066 90.466122 170.927676 98.392778 5.151485 0.125000 7.653196 
28.126882 31.821080 10.648183 31.210910 1.641730 0.125000 4.680034 
86.680111 0.604323 86.340056 24.367345 2.589174 0.125000 17.143730 
154.521945 -0.176210 142.917202 33.905490 7.528057 0.125000 114.568111 
129.320825 92.784121 145.587550 93.753463 1.826367 0.125000 2.873854 
168.557141 111.445325 155.928274 108.196215 3.596497 0.125000 1.702576 
145.630304 40.166362 125.618524 39.934917 1.437842 0.125000 5.172956 
