85.545265 5.625468 85.655419 24.382162 5.051299 0.125000 13.611144 
76.823857 5.201127 86.977679 3.976003 3.872733 0.125000 1.454630 
134.762909 18.772592 128.068901 14.462119 5.183114 0.125000 0.923527 
85.026623 24.021937 87.194028 43.369325 6.618407 0.125000 24.421907 
126.395723 17.416372 133.621904 23.813717 3.636359 0.125000 2.510782 
86.597782 44.361275 86.319672 100.634611 5.197622 0.125000 73.256866 
95.411194 45.683590 96.260381 66.899601 2.947930 0.125000 13.821835 
116.384833 50.874915 113.821310 33.024999 4.778092 0.125000 16.507842 
93.193371 44.373052 92.873148 33.132175 2.605771 0.125000 0.218275 
104.382295 33.124879 104.568513 44.392460 2.664905 0.125000 6.102063 
76.850434 15.632558 72.202283 0.524309 5.514080 0.125000 7.558705 
141.349667 41.961940 139.752945 9.356492 3.990074 0.125000 26.219476 
114.555709 68.970181 103.541941 71.325045 6.009572 0.125000 0.577901 
156.611218 15.667129 156.192154 0.609216 5.032839 0.125000 6.601199 
103.394491 16.614760 110.074839 12.277609 4.874349 0.125000 3.508045 
74.744981 65.649681 75.507159 15.623205 6.249275 0.125000 61.999920 
91.571494 30.488148 90.572622 14.456145 6.548826 0.125000 21.698959 
126.624130 52.705340 136.825879 55.787582 1.866201 0.125000 0.164584 
100.421130 46.937661 99.724386 30.771564 5.695074 0.125000 11.554906 
113.185421 64.395827 117.567580 51.682857 4.727051 0.125000 7.405795 
151.856671 0.624560 151.496473 15.645897 2.679073 0.125000 0.923527 
102.417203 66.937665 100.731190 47.894260 5.421470 0.125000 17.229454 
122.789007 49.392839 122.634052 35.616462 4.985625 0.125000 0.935925 
115.066269 108.203719 115.898269 74.474241 11.739766 0.125000 40.007041 
118.327950 28.113084 119.360525 45.699244 2.349166 0.125000 5.301648 
95.091778 73.113313 94.241709 111.899475 5.382252 0.125000 67.640114 
169.183651 84.412861 173.180224 104.611404 3.934401 0.125000 12.576327 
78.529301 54.323406 80.609826 70.626936 2.638121 0.125000 3.851484 
82.303719 69.394213 82.697567 60.605845 1.584520 0.125000 1.067674 
142.522345 112.705820 137.053139 104.259649 2.746170 0.125000 0.050694 
136.003210 56.770303 134.339853 70.620779 3.276108 0.125000 4.864122 
142.371155 94.697078 133.987508 75.074614 3.939558 0.125000 9.867370 
142.716626 9.833364 151.940607 18.051362 5.294502 0.125000 3.770729 
169.327007 112.140919 141.602086 107.137170 6.936736 0.125000 35.743992 
112.927608 133.184906 114.295093 109.157031 6.381954 0.125000 22.802596 
90.153969 63.084180 91.677852 45.499590 3.951839 0.125000 11.888850 
103.127713 26.289987 118.127464 26.228787 1.306091 0.125000 6.102063 
99.913170 109.379726 100.165815 80.609991 3.892551 0.125000 25.698953 
138.717850 103.723628 140.696779 94.131914 6.878809 0.125000 6.907656 
121.167994 14.949309 115.624717 8.125230 4.832189 0.125000 0.434640 
73.868184 78.145143 73.419793 66.863284 1.646145 0.125000 0.820776 
133.683662 32.978179 135.996180 41.777451 2.797552 0.125000 1.697763 
21.815397 13.116043 18.949575 32.186754 4.201459 0.125000 13.911462 
163.220701 17.485063 174.407451 19.158007 4.575254 0.125000 4.304398 
25.872148 59.411934 23.232174 77.077815 4.078311 0.125000 2.615980 
24.366319 78.834242 69.374876 79.385161 1.555891 0.125000 23.884372 
0.526931 67.097792 23.296746 64.923929 4.445819 0.125000 16.468221 
96.037980 118.116521 95.797040 141.902067 7.512277 0.125000 35.325163 
107.192971 66.879716 107.452489 49.383566 2.536803 0.125000 6.848509 
146.964629 39.409769 152.676296 24.685837 3.425758 0.125000 5.664267 
105.285079 80.608277 103.868024 109.411555 2.865517 0.125000 10.320792 
106.277931 143.276065 105.356639 124.388090 8.617813 0.125000 20.541255 
4.376700 79.406119 16.907589 78.721438 2.007672 0.125000 1.697763 
25.457822 10.625844 25.697647 58.124633 1.268918 0.125000 22.741834 
74.360627 98.192016 73.428670 80.608905 2.364174 0.125000 6.848509 
16.471075 28.758579 10.215177 61.797400 6.540593 0.125000 69.401258 
142.051803 140.536272 135.282223 127.047022 2.803349 0.125000 1.702576 
87.314286 101.396955 85.132783 110.800791 7.218222 0.125000 11.688648 
139.098227 7.216807 130.756685 0.462373 2.127746 0.125000 0.164584 
69.375000 58.125000 69.375000 0.625000 1.250000 0.125000 30.869644 
70.625000 76.875000 70.625000 61.875000 1.250000 0.125000 0.164584 
