125.625003 30.625924 150.628757 30.545692 3.806135 0.125000 25.657518 
151.084087 30.662032 162.104149 23.476429 4.506705 0.125000 4.341659 
106.966240 56.901368 110.826349 43.544435 4.109345 0.125000 4.341659 
122.986074 51.771419 130.904260 41.151236 3.990769 0.125000 7.274493 
28.717724 29.372462 28.828761 0.618064 3.846510 0.125000 50.438839 
123.693841 49.403477 124.511563 33.069259 7.490619 0.125000 25.201345 
154.936721 25.671819 155.520286 3.089991 4.168545 0.125000 37.910273 
21.646315 3.124955 21.641405 28.125200 3.751227 0.125000 32.507550 
44.486450 30.643438 44.690020 15.612337 2.702901 0.125000 1.454630 
123.566260 31.892261 123.299019 19.371286 1.489775 0.062500 1.669734 
156.876459 2.362381 129.372964 2.444696 3.817323 0.125000 25.999241 
121.920287 72.944904 123.592644 61.758043 4.945049 0.125000 1.269599 
127.391835 0.665099 126.768028 28.150942 4.117743 0.125000 23.896917 
37.220126 0.620852 37.053973 36.870091 3.835903 0.125000 61.728619 
113.951570 28.105021 113.360299 40.636102 1.661015 0.062500 2.527919 
44.115930 66.891195 44.688463 31.859694 3.051182 0.125000 50.599658 
71.391116 0.551065 70.375682 24.364369 3.427075 0.125000 27.436248 
111.884711 2.503534 88.101454 2.131913 3.730013 0.125000 32.895604 
69.406984 25.699045 46.855671 25.085691 2.974868 0.125000 25.258669 
86.192334 1.915045 83.345778 42.243505 9.256353 0.125000 83.841175 
124.461479 75.697102 101.813092 77.178535 5.747143 0.125000 10.316423 
114.289712 25.623762 114.652927 0.592756 4.003514 0.125000 20.494369 
46.716283 15.779053 45.050998 0.551075 7.028276 0.125000 31.581213 
66.011655 70.175887 53.045302 67.225225 4.379218 0.125000 3.885675 
46.838594 21.526055 65.658880 22.286466 3.153989 0.125000 28.160374 
36.132443 36.147879 27.315069 29.994419 2.551780 0.125000 0.797908 
67.439587 20.637887 67.897163 0.591267 2.556398 0.125000 19.129474 
63.706160 1.846478 63.118596 15.624727 2.817272 0.125000 10.529091 
61.905356 17.128892 49.378896 16.747157 2.841517 0.125000 14.614024 
66.099492 53.060376 65.802207 68.128496 4.974370 0.125000 13.121880 
161.858943 23.935476 174.387887 23.477773 4.021305 0.125000 4.057129 
122.385619 98.061148 124.449229 74.165512 9.040199 0.125000 14.422414 
101.979572 77.095376 79.355158 76.057543 4.032461 0.125000 17.521146 
81.797904 42.788974 101.871995 41.813179 3.624197 0.125000 1.930492 
54.219196 33.778409 50.323872 51.118948 7.618115 0.125000 18.316925 
0.255321 103.335772 39.783896 89.274471 3.454004 0.125000 59.329382 
147.663645 64.200593 148.924443 51.829083 3.120782 0.125000 2.680153 
84.945576 121.870372 84.843408 136.869676 11.258253 0.125000 26.328444 
126.370164 119.287321 125.174012 143.227378 6.179835 0.125000 32.645908 
145.469727 53.078040 142.038169 64.424349 3.951291 0.125000 5.468486 
83.561554 100.678925 84.727534 118.267361 11.804149 0.125000 44.969416 
19.820068 26.108050 0.367143 14.819344 3.136988 0.125000 17.915388 
113.305974 118.238534 111.482085 101.064992 12.243182 0.125000 32.019534 
159.752779 23.141449 160.732986 0.629702 1.792577 0.125000 14.614024 
113.102166 143.246535 113.958539 116.983699 9.234209 0.125000 55.229894 
154.706053 140.760521 153.913475 128.075734 12.631573 0.125000 36.779876 
114.090057 99.410297 114.458656 89.332341 7.586365 0.125000 3.315834 
58.133080 78.049826 69.121769 79.230954 5.238540 0.125000 2.835356 
50.358786 5.848989 62.418554 2.719902 6.991486 0.125000 19.163995 
59.020957 84.652814 52.996750 76.975637 2.526695 0.125000 1.697763 
113.984590 89.189772 113.331108 81.747150 4.063626 0.125000 5.219043 
123.494864 110.724556 122.486035 101.805883 3.046146 0.125000 0.883796 
148.297594 132.191136 144.762806 120.144429 7.548534 0.125000 9.649660 
85.185695 94.179891 82.249380 100.791274 6.101735 0.125000 0.434640 
20.566885 32.002083 34.775310 38.499627 4.352947 0.125000 13.137834 
140.425226 116.788970 128.586886 113.296293 10.376901 0.125000 8.643245 
155.457465 118.650349 151.851495 108.920452 6.556996 0.125000 10.297348 
144.376801 79.354771 128.033764 77.899846 2.157626 0.125000 4.232717 
43.063308 95.527276 25.471936 106.632538 9.176455 0.125000 27.488473 
44.727372 135.651164 43.961817 109.387044 3.008818 0.125000 27.263089 
174.371589 79.538417 148.106942 78.990263 1.301892 0.125000 6.102063 
146.914691 87.720821 127.979042 85.861325 4.831519 0.125000 11.956726 
146.881062 93.315337 128.117374 93.207993 3.807146 0.125000 11.314525 
107.896848 98.181363 107.274493 81.859767 2.450556 0.125000 9.438675 
11.556017 26.162115 19.295682 30.758559 3.862547 0.125000 1.855669 
25.669029 108.145160 16.821768 116.820714 4.427866 0.125000 1.269599 
85.750210 83.151383 83.015726 96.128754 6.696678 0.125000 26.408166 
13.120543 108.111982 0.782943 112.336292 1.992429 0.062500 2.527919 
