53.059216 50.464113 75.401598 41.328633 4.993122 0.125000 28.289260 
92.894889 28.128124 92.942380 50.628024 3.781652 0.125000 30.257893 
81.756754 64.379236 82.293455 79.360008 4.728272 0.125000 5.682535 
146.052662 51.648194 152.581835 27.975191 4.404111 0.125000 26.964370 
23.017992 0.615242 23.572991 65.621175 5.138550 0.125000 64.355982 
52.521600 75.667294 52.064146 55.620684 5.169800 0.125000 20.905616 
146.485696 73.093356 145.659588 50.623728 5.409957 0.125000 19.581622 
163.120949 78.981576 115.587379 79.470971 6.159586 0.125000 62.439432 
96.431772 64.377649 96.050713 0.607517 5.223988 0.125000 85.137525 
153.498085 27.682169 158.786797 17.209199 3.944248 0.125000 6.126021 
92.280691 54.656331 87.144986 62.062225 5.218496 0.125000 1.486207 
75.637811 28.510986 94.386661 28.364174 6.357474 0.125000 14.869443 
86.127218 64.689768 83.524729 68.842088 3.445993 0.062500 0.465614 
110.545783 73.304434 156.866164 74.673884 7.023006 0.125000 87.497132 
22.960077 62.871685 13.957110 68.733136 6.236234 0.125000 4.092379 
13.283827 68.463657 0.536331 69.738095 4.602149 0.125000 9.079857 
100.709321 0.608114 101.563982 68.144754 4.540559 0.125000 148.881170 
34.339253 77.298147 53.270939 78.897475 9.964506 0.125000 20.268608 
25.616217 26.977945 74.372277 27.294458 3.879754 0.125000 54.249700 
1.934277 49.365001 4.668626 65.575472 3.281943 0.125000 1.668182 
7.477523 65.724204 5.736036 54.357987 2.660474 0.125000 3.370729 
86.963125 49.736464 89.090507 56.574627 7.161440 0.125000 5.882676 
3.411853 6.956092 3.747662 0.591898 2.562392 0.031250 3.914505 
25.621824 49.994422 54.383685 49.849581 2.487379 0.125000 31.772734 
21.866230 35.755996 10.499800 34.994989 1.785912 0.125000 0.164584 
156.728365 18.116607 157.374301 6.832030 0.906650 0.031250 1.970764 
74.433286 86.551160 24.351419 85.517432 6.093896 0.125000 86.851170 
51.875959 52.167109 25.622138 52.253312 1.332078 0.125000 8.292394 
104.374374 26.729102 151.878864 26.525221 1.453848 0.125000 22.741834 
155.627984 5.840131 104.370507 6.551015 1.943258 0.125000 57.025014 
163.743860 66.863271 163.557657 76.883040 1.435587 0.125000 0.164584 
0.594762 12.173636 20.660333 12.565434 4.139728 0.125000 40.881460 
0.466929 36.435543 20.635911 37.982768 4.025846 0.125000 8.821999 
104.375632 49.428967 144.384781 48.960738 1.498587 0.125000 18.226384 
82.526162 88.093784 81.937929 99.378280 3.875058 0.125000 4.658263 
144.387228 51.313370 104.377648 52.024077 1.538413 0.125000 18.532534 
157.580102 108.125279 157.587509 89.374294 5.000987 0.125000 12.259834 
50.628042 29.891589 25.621548 30.038836 2.514677 0.125000 22.991712 
104.374532 4.326651 155.619739 3.831048 1.600506 0.125000 30.869644 
96.566372 71.412255 106.933260 75.476389 5.772458 0.125000 4.634728 
159.005811 0.843984 163.272610 8.037445 4.300406 0.125000 1.855669 
150.625791 28.667431 104.374067 28.734868 1.315611 0.125000 29.966554 
88.121092 12.471549 30.623560 12.094890 1.528380 0.125000 38.194039 
52.263885 105.650659 53.260145 90.551441 2.988359 0.125000 10.225809 
9.067216 54.415576 10.546359 65.635368 1.566033 0.062500 2.873854 
84.372922 72.999554 98.098445 72.772160 5.020020 0.125000 8.959915 
50.627696 58.083229 25.570714 56.466193 2.575311 0.125000 19.754330 
89.934238 10.633712 90.060342 20.632122 1.360250 0.125000 1.970764 
65.625235 10.085167 88.125231 10.094970 1.259802 0.125000 3.776944 
74.400515 34.768667 55.567595 35.989310 2.494765 0.125000 13.192832 
174.523659 98.554760 160.552917 96.022727 3.466972 0.125000 15.860896 
28.190862 65.182050 40.420485 67.000458 4.577949 0.125000 4.557628 
102.129513 86.880205 101.644042 110.620277 2.857268 0.125000 32.822801 
18.115011 76.739998 34.460502 75.530542 6.001001 0.125000 9.209635 
27.453772 11.868151 27.572100 21.866750 1.353457 0.062500 2.957812 
0.608475 82.501857 19.378424 82.004098 1.580931 0.125000 5.219043 
31.875000 33.125000 51.875000 33.125000 1.250000 0.125000 3.776944 
30.631904 9.215239 50.648541 10.080228 1.626600 0.125000 8.292394 
145.602471 124.374082 146.621106 99.364659 3.746893 0.125000 27.273964 
96.294611 109.360215 96.803772 89.373185 2.594688 0.125000 11.948253 
51.879467 35.126065 31.869879 34.946913 1.417818 0.125000 14.614024 
56.875000 23.125000 86.875000 23.125000 1.250000 0.125000 11.001664 
172.356077 70.723018 171.375327 63.029352 3.877962 0.125000 1.720471 
85.625000 20.625000 70.625000 20.625000 1.250000 0.125000 0.164584 
71.869744 94.838574 56.871672 94.668525 1.363293 0.062500 2.873854 
