87.706524 30.595159 88.783354 60.601374 4.016566 0.125000 19.113786 
66.765305 5.629483 67.687518 28.193968 4.383289 0.125000 20.114163 
67.420564 34.400246 69.122336 81.884055 4.060984 0.125000 49.242463 
134.331500 35.417619 133.065218 43.315822 3.504835 0.125000 0.050694 
40.654219 -0.356337 67.281816 34.353994 3.709192 0.125000 35.221703 
114.415649 23.667140 101.893739 23.951159 3.947450 0.125000 2.402083 
66.447434 28.766477 45.183057 0.027115 3.839194 0.125000 21.342017 
133.610343 44.366222 133.724219 66.878292 3.851119 0.125000 16.187706 
84.462193 43.128940 85.482011 20.562050 3.633315 0.125000 16.898940 
130.512609 74.384628 127.180748 35.491723 5.621915 0.125000 36.728491 
48.787468 59.367781 49.032776 81.878729 2.527093 0.125000 20.315323 
59.789156 55.631289 59.629211 34.373087 1.400439 0.125000 4.680034 
116.417583 44.449052 115.500035 23.293060 6.623267 0.125000 32.496343 
101.069209 25.607006 101.255476 43.144856 3.922368 0.125000 32.822801 
128.239965 78.779550 100.613567 77.058523 4.442224 0.125000 11.596191 
95.694189 58.183068 96.205020 35.581605 7.441595 0.125000 47.256817 
98.226012 75.666111 97.731464 61.844355 2.811280 0.125000 11.184171 
132.220304 16.811684 131.523860 26.762943 5.336874 0.125000 3.294530 
52.366389 98.124221 52.304926 59.374318 1.311461 0.125000 12.933632 
89.246292 0.469426 90.824917 11.847262 3.370846 0.125000 7.697740 
144.774724 74.606723 140.445635 35.368965 9.930949 0.125000 86.011003 
162.139617 19.357563 162.801112 29.396342 1.573347 0.125000 0.164584 
159.350428 46.669361 174.581055 44.849420 3.871822 0.125000 10.529290 
121.380659 18.123138 121.528521 78.122773 3.870127 0.125000 49.585684 
18.452887 93.135228 17.454460 3.118573 3.248482 0.125000 131.588496 
108.342881 46.874224 108.445209 75.623860 1.343423 0.125000 7.870688 
94.547599 105.728892 96.662590 76.768201 6.779668 0.125000 21.990593 
57.406605 29.391868 58.697963 84.390897 4.159747 0.125000 45.692231 
84.879294 19.389439 85.274699 5.579181 8.603318 0.125000 26.686389 
132.818077 69.256167 132.234471 76.902437 2.397619 0.125000 1.067674 
160.621260 29.316388 148.092509 30.115773 2.733706 0.125000 5.096564 
174.676530 58.996897 167.045459 52.911254 3.513305 0.125000 5.096564 
18.151700 16.024961 53.086928 41.926350 4.795461 0.125000 60.534284 
174.495159 33.406739 166.796214 36.690270 3.280346 0.125000 2.576231 
164.434479 31.385351 174.470846 30.600246 2.589870 0.125000 3.776944 
159.742399 33.143217 159.182890 44.427454 3.869205 0.125000 6.009503 
48.848014 84.375299 48.859376 104.375293 2.503550 0.125000 8.614963 
116.867518 133.269796 115.419027 95.681106 9.174316 0.125000 81.873028 
99.374386 16.227747 119.375639 16.248130 1.269107 0.125000 10.098574 
68.743472 81.868778 68.856766 93.130214 2.600471 0.125000 0.883796 
163.595460 78.135266 163.233161 50.623576 3.716755 0.125000 36.718847 
105.767983 75.626821 106.118128 48.131280 2.563465 0.125000 20.504031 
87.683535 85.566315 86.421343 121.945998 6.983066 0.125000 72.730551 
149.208726 65.630985 149.614775 76.911364 2.678246 0.062500 1.005729 
15.849651 96.925974 0.026377 99.658324 6.371553 0.125000 11.017588 
46.876655 81.971961 20.612971 82.420193 2.606287 0.125000 28.160374 
164.393355 43.144869 164.272070 35.626660 2.580325 0.125000 2.873854 
97.204436 35.678659 97.504242 26.853911 2.456116 0.125000 2.873854 
140.522094 33.231112 142.721666 9.453321 5.439303 0.125000 25.447035 
74.848095 26.865441 75.226797 45.607789 1.578020 0.125000 11.416468 
12.750373 1.879474 13.825319 91.881565 2.992458 0.125000 139.776613 
66.925550 83.055752 60.633568 83.325124 3.853500 0.125000 1.970764 
158.778534 50.608390 159.477826 78.122387 3.134385 0.125000 30.776105 
144.306506 33.960059 158.093515 31.684262 4.310673 0.125000 1.232649 
168.189098 80.540227 153.097243 81.370421 3.812997 0.125000 0.186775 
92.996721 130.614994 94.957649 105.475443 4.127471 0.125000 28.341287 
52.000814 43.132550 52.084756 55.631986 2.558704 0.125000 7.389304 
50.640838 34.354497 40.927720 26.851280 2.656697 0.125000 0.218275 
0.510014 0.625518 0.875884 81.879499 1.311900 0.125000 47.125264 
75.486741 21.879697 74.764167 0.611778 3.007887 0.125000 16.275264 
100.771789 99.380946 99.605021 128.184951 4.303444 0.125000 52.851467 
100.625000 56.875000 100.625000 73.125000 1.250000 0.125000 1.067674 
108.125000 26.875000 108.125000 41.875000 1.250000 0.125000 0.164584 
156.009338 74.714366 151.520439 63.263999 4.152462 0.125000 9.378608 
88.924500 63.111824 89.069002 71.880043 2.540855 0.125000 2.873854 
118.937485 73.132978 119.158524 50.622874 1.458594 0.125000 5.583124 
132.933565 80.586993 134.055742 111.841582 2.767500 0.125000 25.554186 
47.256960 88.325901 19.385098 95.663358 4.642955 0.125000 47.670303 
77.815309 80.606561 78.334439 71.887470 3.891956 0.125000 2.560371 
128.970672 103.183753 130.192655 85.594963 2.320718 0.125000 13.710934 
85.464365 127.641500 87.352355 136.776340 5.149515 0.125000 6.953153 
76.179305 66.878215 76.104187 50.622786 1.319303 0.125000 1.067674 
105.625000 41.875000 105.625000 26.875000 1.250000 0.125000 0.164584 
165.905372 53.117123 166.327421 68.140383 1.600531 0.125000 7.389304 
113.143480 85.409352 105.485481 84.753108 4.269938 0.125000 1.855669 
58.505915 89.374342 58.509953 99.375349 2.503533 0.125000 4.680034 
20.608753 85.133058 46.871390 84.265686 1.703190 0.125000 13.192832 
113.125985 7.127539 93.126289 7.205550 1.328003 0.125000 3.776944 
23.125200 43.261092 49.375143 43.222482 1.272062 0.125000 6.486214 
125.360275 15.984003 114.490327 7.968602 2.062854 0.125000 3.776944 
67.668571 105.617675 67.427577 120.633868 3.849810 0.125000 2.651501 
