0.532145 27.477187 25.531979 28.730495 5.494426 0.125000 30.918990 
46.485345 70.690915 42.440415 46.779353 4.948414 0.125000 34.348892 
43.850099 45.520495 50.435658 48.538202 4.024778 0.125000 0.050694 
66.446572 50.619254 66.630213 76.876712 3.776135 0.125000 44.466299 
21.588623 7.483423 29.703609 3.861191 3.301903 0.125000 2.510782 
35.612385 16.839703 21.042902 22.046773 4.874107 0.125000 3.307159 
19.436376 19.366527 18.204257 10.441493 6.704112 0.125000 9.886491 
65.642462 77.988159 50.613367 77.798926 2.672916 0.125000 9.642303 
69.405297 76.353489 171.850020 82.304982 5.095004 0.125000 148.722732 
21.383123 40.561156 22.298774 69.361527 10.074392 0.125000 50.696524 
36.889194 4.374474 37.815582 29.386460 2.868411 0.125000 20.504031 
165.684415 87.290658 68.056398 80.338340 6.415568 0.125000 151.863581 
19.375409 70.646270 3.083390 70.959292 5.119138 0.125000 32.015933 
84.802375 48.124517 84.748734 0.624578 1.303639 0.125000 22.741834 
174.090189 0.621764 173.209638 78.125962 2.727051 0.125000 98.418777 
151.879040 43.177571 86.878671 48.172775 2.109536 0.125000 60.318531 
46.637440 44.378770 45.942625 0.600120 2.539358 0.125000 50.743602 
22.759013 -0.170170 0.394191 10.123528 3.496742 0.125000 21.402828 
81.875750 0.622335 81.979643 49.374777 2.601218 0.125000 73.191634 
50.632524 80.969260 64.375959 80.668896 1.413576 0.031250 3.475914 
66.761113 80.622392 66.303377 100.611911 2.671041 0.125000 10.225862 
83.136653 50.777302 150.624146 45.613832 2.022613 0.125000 64.207914 
48.949961 0.605415 50.018389 45.609726 3.062976 0.125000 60.795455 
42.971947 105.594950 48.073653 79.610338 4.665508 0.125000 20.619654 
66.446123 46.876456 66.289118 0.622746 1.402742 0.125000 27.457351 
43.125000 81.875000 26.875000 81.875000 1.250000 0.062500 0.966439 
0.574100 83.332965 18.154270 82.474223 2.070119 0.125000 8.292394 
73.125000 49.375000 73.125000 74.375000 1.250000 0.125000 7.389304 
153.125000 0.625000 153.125000 25.625000 1.250000 0.125000 7.389304 
26.587974 83.073097 24.320019 95.615058 2.237672 0.125000 4.336995 
7.567741 10.585719 8.352923 24.432955 3.062113 0.125000 12.933632 
170.603106 92.072394 155.648437 90.413696 1.517979 0.125000 1.067674 
