96.308624 25.620767 95.850828 86.876688 4.104876 0.125000 91.951289 
119.370427 24.185493 96.870846 24.088481 5.032291 0.125000 30.932485 
144.345963 25.273610 121.829082 24.546004 4.151755 0.125000 20.114163 
145.399475 74.378095 145.299837 26.873060 3.810293 0.125000 82.945342 
118.121936 86.874911 119.868002 26.889350 3.857522 0.125000 49.363274 
149.340864 0.595768 151.475518 89.384604 5.221059 0.125000 205.041435 
173.296906 54.391532 172.472305 0.615841 4.209527 0.125000 36.561708 
149.409482 89.477175 124.356988 88.724571 3.212026 0.125000 24.701078 
123.124399 75.696928 136.883877 75.811818 2.593846 0.125000 6.102063 
122.516654 26.864507 121.718783 73.122306 3.900343 0.125000 52.614276 
122.066437 78.089751 121.774012 86.871637 2.748216 0.125000 5.219043 
98.119326 86.220691 116.879530 86.399372 1.416614 0.125000 11.904754 
120.729684 13.287175 122.110425 1.753541 3.426250 0.125000 4.339063 
101.482577 1.849424 100.660757 14.458800 4.148544 0.125000 6.677210 
3.324298 29.453095 4.879864 0.584848 3.744568 0.125000 27.779858 
128.110233 32.716992 140.627256 32.805345 3.732260 0.125000 1.486207 
94.430578 86.032263 0.581823 84.471876 9.039716 0.125000 181.757680 
116.856637 89.135071 94.341353 88.725740 3.658495 0.125000 26.747503 
111.854988 0.537335 102.724730 2.621544 4.490517 0.125000 0.426994 
154.374871 89.106990 174.374866 89.097340 1.259047 0.125000 2.873854 
80.748981 33.742848 70.647233 31.761639 3.439320 0.125000 4.232717 
103.096309 81.223586 111.886030 81.644890 1.607639 0.031250 2.447038 
93.281230 77.109630 86.800007 76.112394 3.041206 0.125000 0.164584 
0.612769 79.217576 93.143153 80.253419 3.693795 0.125000 90.744263 
83.824419 13.174345 82.501931 31.919231 3.564759 0.125000 8.717065 
151.951957 91.844234 151.295000 116.892572 4.141989 0.125000 27.514630 
124.459627 85.476694 143.141200 86.607317 3.250562 0.125000 5.101639 
69.593752 29.447431 68.888701 19.409156 2.844175 0.125000 2.510782 
89.754822 71.754031 91.506976 59.150069 3.508878 0.125000 7.653196 
56.910056 40.590099 44.351197 40.247454 4.929958 0.125000 9.505731 
96.418520 90.591030 96.813907 114.376016 3.915693 0.125000 23.990843 
23.309622 37.818927 15.615007 39.323907 3.200387 0.125000 2.576231 
12.682294 34.134742 3.375255 30.054208 3.073447 0.125000 0.218275 
118.576237 106.849206 117.650348 90.652133 3.957903 0.125000 14.495760 
95.650872 12.303305 84.366539 12.984930 2.796925 0.125000 2.576231 
41.513429 30.412741 29.201486 26.123001 3.183360 0.125000 6.829207 
57.497753 18.144313 58.112977 38.125370 3.863633 0.125000 4.367750 
31.789917 120.963560 49.485774 119.311649 6.222945 0.125000 23.717815 
155.637035 57.617769 170.628595 57.973479 1.486855 0.031250 0.255185 
139.122305 0.592842 138.984514 23.099651 11.364578 0.125000 121.066692 
125.209283 9.340206 124.161663 21.857144 1.558412 0.125000 1.067674 
0.562138 121.594370 30.665373 120.358052 7.391096 0.125000 53.438421 
38.316714 142.057092 51.703923 127.962509 2.085589 0.125000 11.184171 
61.758445 120.596583 74.494473 119.435423 6.337679 0.125000 5.045066 
96.353393 126.864752 96.033769 143.133031 1.519854 0.125000 4.248691 
104.368495 119.910038 115.651679 119.807381 6.340720 0.125000 4.367750 
