85.612021 73.128860 81.208476 58.323240 3.950739 0.125000 1.602836 
82.997545 61.380637 86.859677 50.619501 3.619794 0.125000 0.434640 
118.123940 96.013814 38.124535 95.795759 1.461237 0.125000 41.225522 
25.627101 20.466736 18.111832 20.366972 2.582740 0.031250 3.114218 
27.272005 39.382539 27.117260 21.872859 2.610370 0.125000 13.192832 
0.621794 93.656437 83.125729 93.288338 2.656129 0.125000 90.354970 
17.090429 21.851389 16.689944 39.399305 2.870116 0.125000 22.608456 
32.406479 35.868862 34.277054 22.203811 5.970974 0.125000 2.012408 
80.620183 12.424324 64.360472 12.281742 3.848504 0.125000 18.883306 
52.356058 16.849487 51.691836 36.868923 3.161838 0.125000 19.596780 
29.375000 28.125000 29.375000 34.375000 1.250000 0.007812 1.067674 
50.673422 38.406785 34.339247 37.589891 3.183677 0.125000 16.275264 
31.384041 66.893133 31.951817 43.126835 2.827680 0.125000 29.245104 
30.270844 0.557001 29.155631 26.865701 2.656575 0.125000 5.552885 
4.098314 14.372643 3.821443 46.880932 1.526745 0.125000 18.226384 
34.356405 35.060710 48.130173 35.434234 1.588397 0.125000 1.970764 
49.069887 34.367635 49.432469 19.346215 2.529435 0.125000 11.904754 
45.682943 70.337248 36.790114 68.546553 3.437815 0.125000 2.510782 
65.621457 18.313581 79.390081 18.572243 2.687389 0.125000 9.195484 
29.316837 35.624056 28.951238 58.138417 1.493380 0.125000 5.583124 
34.319681 13.915656 50.664584 15.059238 3.191853 0.125000 15.564217 
48.143618 17.502410 33.119673 17.053123 2.536247 0.125000 11.001664 
80.627156 21.759676 64.359473 21.455559 2.779932 0.125000 13.710934 
171.312868 91.849394 170.853122 101.942330 3.859876 0.125000 1.702576 
44.442600 32.093694 36.893102 31.598840 2.821685 0.125000 3.776944 
75.651826 73.276564 50.636219 72.665627 2.743404 0.125000 17.249225 
91.344694 41.864345 91.997432 9.377460 1.902618 0.125000 20.032564 
79.386707 82.540676 63.118193 82.214728 1.550222 0.125000 5.219043 
166.002901 103.216744 171.795679 79.355743 4.198824 0.125000 13.304138 
61.498644 15.686963 60.841645 38.204265 6.648361 0.125000 28.177391 
6.346534 48.121226 6.587563 14.372947 1.482076 0.125000 15.517114 
88.018013 40.634274 88.200631 18.125614 1.250000 0.125000 5.583124 
46.905440 58.095919 46.772807 69.359077 3.749740 0.125000 6.009503 
90.193343 50.620869 89.918212 79.368236 3.845530 0.125000 12.297783 
149.143359 93.507290 163.632833 102.286894 3.012384 0.125000 8.614963 
28.061191 59.755208 14.279788 57.442327 1.844851 0.125000 0.820776 
116.503518 14.405698 115.325635 48.114539 3.529453 0.125000 49.674496 
83.300681 40.659636 82.735767 23.137549 3.828611 0.125000 8.959915 
84.367693 93.660661 99.391693 93.506985 2.499869 0.125000 4.339063 
6.838256 79.144227 28.339284 75.720836 2.579214 0.125000 17.321641 
118.943148 48.176444 121.468073 8.020815 5.076143 0.125000 54.797678 
40.060193 42.668055 36.653363 56.198662 6.374706 0.125000 10.912266 
83.170340 91.945840 82.722209 84.325180 7.633824 0.125000 14.495760 
29.206659 79.843586 0.549867 82.218350 4.253353 0.125000 22.871451 
170.985531 78.199582 171.279694 71.847432 2.555148 0.031250 6.486214 
10.328723 6.872762 10.045365 44.380064 2.660462 0.125000 36.418285 
29.374284 95.994062 0.624392 95.938253 1.298527 0.125000 9.195484 
37.996426 23.485984 45.873999 22.346691 5.664193 0.125000 3.851484 
60.556823 111.749302 61.478953 129.589305 13.538094 0.125000 45.261588 
13.795889 38.118358 14.154255 6.872468 1.550965 0.125000 14.081748 
14.485081 59.883002 28.301868 61.932831 2.241884 0.125000 5.219043 
60.358538 37.672950 58.309592 49.827552 9.874976 0.125000 32.829287 
45.624417 80.155599 74.375926 80.119861 1.285735 0.125000 1.855669 
61.655210 97.663731 58.937739 113.686831 11.113285 0.125000 54.941985 
151.894146 66.715567 169.441317 68.822762 2.530941 0.125000 9.438675 
86.624564 130.563394 84.600682 97.725883 15.338766 0.125000 112.502188 
120.626442 95.010366 144.376312 95.066100 1.302798 0.125000 10.098574 
101.799121 44.474388 102.762427 33.094309 2.912825 0.125000 5.096564 
106.344552 76.999557 114.131974 80.004758 3.048500 0.125000 2.873854 
31.250198 91.909261 31.735753 83.048869 2.564653 0.125000 2.873854 
1.419074 59.554140 3.210709 51.612341 4.483314 0.125000 4.248691 
160.893437 103.846326 146.934185 96.758438 2.298261 0.125000 1.034919 
99.358327 93.692809 118.092175 94.242892 1.799782 0.125000 3.508045 
144.622422 84.335127 141.613970 65.667066 3.064789 0.125000 0.532358 
169.162843 113.187288 166.698573 104.793789 3.598132 0.125000 2.510782 
105.043405 34.366964 104.922283 43.132562 1.370777 0.125000 1.970764 
32.822307 112.051233 31.093738 96.821797 3.047939 0.125000 6.126021 
115.068080 47.889399 116.167989 56.960726 1.998196 0.031250 1.681407 
68.969928 133.729920 78.359669 131.722872 9.340563 0.125000 6.790762 
118.793702 114.377772 118.716179 98.122181 1.327482 0.125000 12.807844 
15.914245 105.596768 18.343180 130.481696 3.489401 0.125000 21.500653 
115.005431 103.121618 114.930343 116.878031 1.318210 0.125000 4.680034 
0.801566 78.122527 0.556459 60.625960 1.267387 0.125000 1.970764 
124.875648 6.863728 124.142210 55.621498 1.250000 0.125000 15.342551 
27.564994 123.147135 26.971066 108.121203 1.742725 0.125000 2.510782 
