93.529551 66.971498 94.418375 51.731723 6.312177 0.125000 8.147501 
72.431257 49.368629 72.224435 71.889688 5.091620 0.125000 20.063090 
95.621136 47.237825 119.381753 47.490867 3.869589 0.125000 14.393573 
72.426468 21.880916 72.144774 48.141303 3.749784 0.125000 32.359550 
109.360857 25.803383 94.257586 24.605948 1.570798 0.125000 1.970764 
86.876377 21.606357 74.370297 21.542231 2.557652 0.125000 7.389304 
113.916730 44.554548 112.213772 28.352157 5.364595 0.125000 17.093108 
88.259367 41.875198 88.261139 51.874976 2.500664 0.125000 2.873854 
71.269972 81.870923 70.974997 125.644205 10.134544 0.125000 94.263608 
118.200260 75.819309 91.817010 73.938443 6.945275 0.125000 37.034551 
121.370895 49.371359 121.181269 75.629017 3.822118 0.125000 21.597948 
94.107167 100.651166 93.762114 80.635566 5.106986 0.125000 29.844582 
110.720211 19.343189 98.238784 19.824663 6.245355 0.125000 8.077908 
100.444288 45.624343 100.503369 29.374558 2.518162 0.125000 2.249350 
149.420308 77.793496 135.587024 75.902863 2.476973 0.125000 6.985969 
106.839076 52.119403 119.434417 53.970772 1.963840 0.125000 3.776944 
91.254594 35.448416 87.730878 22.884949 2.310540 0.125000 0.050694 
94.717486 25.102523 86.605980 19.785402 3.821528 0.125000 1.034919 
74.375000 79.375000 90.625000 79.375000 1.250000 0.125000 1.067674 
91.882772 81.203274 74.370654 81.000665 1.437910 0.062500 0.275019 
135.656740 78.903452 149.428483 79.830417 2.242516 0.125000 2.576231 
74.354613 26.337995 85.666849 26.661458 2.498979 0.125000 4.336995 
83.124126 29.415336 74.351152 29.225165 2.661952 0.125000 0.883796 
111.140223 124.291757 113.844306 100.423264 6.491700 0.125000 34.444704 
119.413290 51.614368 108.041449 49.943714 1.928383 0.125000 2.873854 
0.635599 75.894445 24.447094 74.957805 6.883880 0.125000 39.259619 
165.712954 79.405209 169.048953 69.692343 5.540942 0.125000 4.824161 
107.744186 100.568502 105.304495 117.012900 4.626610 0.125000 15.101392 
88.332985 125.625694 88.391412 108.117546 10.004116 0.125000 15.961546 
74.374023 67.692165 83.127000 67.702634 3.755977 0.125000 1.855669 
23.275360 84.240927 0.769380 81.795971 7.023446 0.125000 23.523604 
123.284642 49.376132 123.461831 24.377387 1.374004 0.125000 7.389304 
69.373903 80.748947 51.875274 80.594059 1.272079 0.125000 1.067674 
121.269065 80.591493 120.576141 93.122298 1.593177 0.125000 0.164584 
133.101191 73.438175 149.352294 74.673667 1.625435 0.125000 3.776944 
121.357080 33.089168 120.576503 44.371645 1.678394 0.125000 1.067674 
156.875000 51.875000 156.875000 16.875000 1.250000 0.125000 14.614024 
156.970140 65.631552 156.193092 76.914125 1.590590 0.125000 0.164584 
155.625000 0.625000 155.625000 19.375000 1.250000 0.125000 2.873854 
159.375000 0.625000 159.375000 31.875000 1.250000 0.125000 11.904754 
46.875000 0.625000 46.875000 34.375000 1.250000 0.125000 12.807844 
89.375000 11.875000 116.875000 11.875000 1.250000 0.125000 9.195484 
158.125000 41.875000 158.125000 63.125000 1.250000 0.125000 4.680034 
