140.624000 6.811618 174.405038 6.278558 4.143980 0.125000 62.095145 
125.912498 49.761782 122.274906 40.709672 4.867097 0.125000 1.967896 
139.217045 40.694941 139.444160 33.089737 3.748329 0.125000 3.370729 
119.990608 75.476629 125.858491 50.387260 3.494491 0.125000 5.049777 
128.360761 44.265244 126.579209 60.728260 3.292394 0.125000 1.269599 
138.644275 55.631326 138.796914 43.102728 5.090996 0.125000 13.821835 
138.771826 33.121406 138.639841 9.365195 8.763754 0.125000 40.797536 
76.993161 0.611113 76.655429 28.137643 2.791186 0.125000 44.415994 
114.565690 40.620039 115.248961 66.884783 1.867219 0.125000 14.495760 
141.445400 0.531074 141.622875 4.443145 3.916095 0.062500 2.873854 
137.414836 94.499362 125.509876 88.347797 4.516311 0.125000 10.390293 
138.131953 8.283558 137.150574 0.589849 2.479907 0.125000 1.067674 
112.779801 83.138319 112.424808 40.620410 3.770742 0.125000 28.766610 
69.444555 32.334134 89.551206 29.288136 4.365095 0.125000 3.033181 
161.514277 40.879844 170.852399 25.765494 3.691442 0.125000 9.505731 
50.648523 3.400292 11.830631 2.463487 4.154124 0.125000 42.875127 
120.929739 19.379784 120.834779 0.617612 2.575885 0.125000 17.323294 
16.903760 19.377213 15.645907 35.722801 2.972173 0.125000 5.664267 
16.879058 37.639738 26.878359 37.723361 2.531272 0.062500 1.407712 
174.999547 17.553146 167.204158 24.732406 1.984292 0.062500 2.957812 
167.063696 28.486384 156.172355 34.173275 5.059826 0.125000 4.634728 
90.602919 29.387264 114.367513 29.802982 2.761975 0.125000 25.670416 
123.136263 76.550028 134.372766 76.939453 3.791045 0.125000 5.172956 
156.319341 34.927099 146.356546 47.456682 4.667802 0.125000 12.105041 
157.151003 51.567342 160.495574 40.978957 4.142801 0.062500 1.160094 
19.940439 35.656268 19.254121 20.630521 1.590912 0.125000 1.067674 
70.260271 0.622870 70.085025 30.629147 1.417885 0.125000 11.001664 
76.178745 125.507423 75.558643 135.772021 7.938615 0.125000 30.047395 
117.538515 143.225441 120.083292 126.414556 6.667160 0.125000 36.595355 
78.429386 114.471767 75.083151 124.997515 4.386294 0.125000 5.468486 
137.257371 130.645920 138.488424 108.144883 5.470539 0.125000 23.899005 
154.749648 95.897971 143.851642 98.578856 8.775851 0.125000 16.437095 
89.376336 84.865051 74.373040 84.905939 1.290874 0.062500 2.873854 
84.374367 71.764323 110.630658 71.614124 2.564314 0.125000 6.434302 
108.628534 89.261090 88.642160 86.656523 9.807349 0.125000 46.008823 
125.625000 23.125000 125.625000 0.625000 1.250000 0.125000 3.456020 
160.862937 102.215139 152.925121 100.139331 2.474337 0.062500 2.957812 
70.625000 81.875000 110.625000 81.875000 1.250000 0.125000 15.860896 
80.633907 65.395412 109.437543 66.512831 2.546577 0.125000 9.990166 
124.547989 143.091791 122.144738 130.573217 1.934579 0.125000 1.697763 
173.975802 135.767039 170.001352 124.596900 2.987432 0.125000 0.426994 
63.125000 14.375000 63.125000 30.625000 1.250000 0.125000 1.067674 
102.939214 54.367056 108.543309 59.108092 7.193556 0.125000 4.557628 
