141.189982 23.121647 140.718811 119.369340 2.555043 0.125000 126.597183 
0.630578 100.496682 138.142436 106.473859 4.235669 0.125000 163.135179 
138.918654 104.375565 138.942850 16.874880 2.524196 0.125000 101.579978 
144.071755 0.602663 142.691315 19.343054 3.923523 0.125000 7.030996 
135.824566 110.929422 115.517359 113.536581 4.515351 0.125000 24.921977 
123.128459 116.840727 134.389904 117.977327 1.996819 0.125000 1.067674 
35.330169 0.259473 15.272429 16.437888 3.295201 0.125000 15.497817 
114.179606 117.672919 89.079890 120.554294 8.021305 0.125000 52.411150 
32.214539 99.379454 31.755854 5.625583 1.408987 0.125000 57.059254 
57.816491 -0.806625 66.794047 5.097355 5.551245 0.125000 4.067599 
143.042606 117.856952 174.490734 120.495716 5.296046 0.125000 46.916889 
28.906557 8.131259 30.125867 99.381670 2.232556 0.125000 102.866594 
84.787043 122.561528 76.594091 124.304776 4.708468 0.125000 12.807844 
66.008978 2.944942 94.382163 25.910485 9.716101 0.125000 93.322259 
109.714933 79.291169 107.514061 103.183867 3.848849 0.125000 23.269499 
76.209400 123.607813 54.101433 131.063843 6.335665 0.125000 43.766376 
66.905298 100.624961 66.788515 10.625112 1.271085 0.125000 54.349984 
53.634542 131.071850 22.559169 140.403384 6.830504 0.125000 55.857920 
134.377310 120.607935 115.798504 118.093172 1.452038 0.125000 0.797908 
64.375000 6.875000 64.375000 46.875000 1.250000 0.125000 18.226384 
107.437495 51.838639 109.142894 78.220806 5.231489 0.125000 17.154833 
88.077491 116.809088 45.595726 115.104598 3.696872 0.125000 34.981108 
95.614745 30.934954 102.928754 60.673266 8.139200 0.125000 69.776593 
105.625000 100.625000 105.625000 75.625000 1.250000 0.125000 7.389304 
69.375000 31.875000 69.375000 86.875000 1.250000 0.125000 29.063464 
