85.025136 62.416688 88.524366 53.277917 3.675639 0.125000 4.248691 
89.277444 54.471291 88.382427 41.945926 3.740463 0.125000 1.486207 
56.417029 21.820121 55.813900 40.590906 3.346632 0.125000 11.124244 
81.876695 17.178049 66.875349 17.194423 2.515006 0.125000 10.098574 
38.122275 25.045439 30.622399 25.014956 2.520302 0.031250 1.681407 
92.918652 44.369827 93.701537 13.139453 3.000419 0.125000 25.865094 
54.390093 41.179506 44.367687 40.962014 2.526531 0.125000 3.776944 
145.678742 63.218221 169.390784 62.269503 2.897781 0.125000 10.297348 
53.318747 70.843446 43.205942 68.944049 3.224073 0.125000 0.426994 
85.227625 41.900435 83.703477 18.087974 4.510722 0.125000 8.840661 
81.898994 26.047129 66.875385 25.611701 2.716232 0.125000 12.304394 
65.145600 19.625271 62.746397 50.978636 9.010613 0.125000 70.914905 
91.972003 53.109776 91.641741 78.121920 2.730833 0.125000 23.018413 
44.397487 19.036832 54.436218 19.704370 2.909177 0.125000 5.219043 
81.873068 87.114734 44.375503 86.812533 1.350697 0.125000 16.420204 
30.498857 26.997626 27.624258 53.343142 5.399617 0.125000 22.688341 
156.507039 70.517311 152.504533 84.193411 3.452664 0.125000 2.246834 
44.374671 84.441986 81.875016 84.431555 2.502781 0.125000 8.168637 
42.414747 68.136544 42.869603 46.869538 1.677374 0.125000 1.967896 
41.825416 78.668142 24.323850 79.895814 3.828276 0.125000 10.297348 
68.126967 22.666251 81.876714 22.725194 1.303574 0.062500 0.465614 
52.283274 59.205176 51.552970 68.200340 4.680144 0.125000 1.702576 
53.477208 36.888465 54.003928 23.110814 1.726615 0.125000 6.102063 
76.899471 73.293549 56.881436 72.840582 2.725582 0.125000 6.633937 
109.063596 29.371797 109.114798 44.375888 1.296914 0.125000 0.164584 
27.866800 11.899439 29.307268 27.118041 2.365526 0.125000 2.680153 
88.547414 120.596696 86.273774 86.664018 15.705916 0.125000 78.807091 
142.742195 70.440384 139.100072 77.992410 2.291731 0.125000 0.164584 
151.885516 81.622954 135.507570 80.939651 7.389269 0.125000 13.335637 
142.235255 78.316256 146.958539 69.419350 2.930673 0.125000 5.583124 
26.747856 77.443971 40.711268 74.837085 2.228135 0.125000 5.219043 
26.908863 53.116866 29.168704 62.525051 4.569771 0.125000 1.198571 
40.985177 26.853883 40.183975 60.614534 2.439983 0.125000 11.284283 
111.646516 0.602204 108.892935 28.201617 3.108129 0.125000 14.928004 
63.524077 102.963630 65.267717 120.782280 12.197105 0.125000 48.556435 
111.847410 53.124548 112.441905 16.863801 2.561137 0.125000 24.095057 
108.824131 44.370846 109.009826 75.627170 2.551939 0.125000 21.333662 
141.795154 90.161348 148.283266 89.044026 2.888015 0.125000 1.067674 
164.249942 86.785097 174.401472 87.879429 2.619573 0.125000 0.797908 
145.664149 56.463166 165.678869 55.528328 2.555598 0.125000 12.933632 
159.375534 68.091286 174.391570 68.329206 1.934095 0.062500 0.616176 
22.467862 76.881141 22.895081 35.635566 3.840426 0.125000 26.119476 
58.896309 62.576642 78.606691 67.411125 12.689813 0.125000 3.887627 
42.128052 4.303470 41.133748 18.161502 2.761960 0.125000 5.946800 
24.375000 0.625000 24.375000 44.375000 1.250000 0.125000 20.935654 
30.620863 84.493971 43.149180 84.929586 1.553302 0.125000 0.164584 
126.394336 81.367147 129.870677 69.520454 5.149666 0.125000 7.405795 
0.625000 84.375000 20.625000 84.375000 1.250000 0.125000 2.873854 
174.474530 92.555384 164.368022 92.002574 4.154029 0.125000 11.416468 
27.444377 87.950524 31.398331 129.180965 6.698762 0.125000 71.461812 
23.125000 86.875000 0.625000 86.875000 1.250000 0.125000 5.583124 
40.487199 120.639672 38.090349 98.128689 3.464232 0.125000 18.906105 
94.612262 131.850274 93.439018 120.592275 1.631965 0.125000 0.164584 
87.781050 143.077383 89.502547 130.642658 1.250000 0.062500 1.669734 
21.875000 34.375000 21.875000 0.625000 1.250000 0.125000 13.710934 
25.625000 39.375000 25.625000 18.125000 1.250000 0.125000 4.680034 
69.375000 5.625000 90.625000 5.625000 1.250000 0.125000 4.680034 
43.676511 115.634942 43.879238 104.388596 1.430028 0.062500 0.805318 
0.625000 79.375000 14.375000 79.375000 1.250000 0.062500 2.873854 
104.375000 19.375000 104.375000 4.375000 1.250000 0.125000 0.164584 
