94.978801 65.289745 109.647364 37.016305 5.139124 0.125000 58.694102 
115.564555 29.891911 144.222792 27.528982 5.894364 0.125000 25.204588 
108.976369 36.960327 118.108211 31.138108 5.559999 0.125000 12.049956 
83.885396 71.132566 95.450494 63.505877 4.484313 0.125000 19.081657 
134.374423 13.097814 173.160003 12.275029 5.343520 0.125000 64.951859 
106.638996 85.512738 101.837323 95.607078 4.515197 0.125000 4.304398 
98.564066 87.054668 97.139252 70.710936 4.655425 0.125000 3.653403 
73.126968 70.710455 83.179221 70.478904 3.749006 0.125000 3.508045 
133.067531 23.173222 132.603735 10.598123 4.069951 0.125000 11.074856 
114.680504 69.043093 103.428569 72.787279 2.931132 0.125000 0.664633 
103.803540 74.324291 103.123687 81.985804 3.735323 0.125000 2.510782 
97.606911 71.107639 84.311242 76.724067 4.784563 0.125000 11.091767 
54.278978 0.594960 54.443258 6.905763 2.629267 0.125000 2.873854 
83.268571 75.933443 75.566446 74.759006 3.225133 0.125000 3.776944 
125.494156 86.968035 113.871393 70.621884 3.598635 0.125000 2.962376 
53.165166 8.392951 13.078848 6.753427 3.951196 0.125000 51.085275 
15.645896 2.484727 49.400738 3.586347 3.829551 0.125000 50.599658 
122.361843 84.559235 116.807789 82.022133 5.067338 0.125000 2.510782 
0.562342 4.961105 9.477714 5.914216 2.751587 0.125000 1.697763 
10.565999 5.623497 10.694068 0.594924 2.594665 0.015625 0.674597 
113.856460 98.986744 123.445954 86.179378 6.747794 0.125000 6.501495 
25.617362 40.859156 35.647463 41.186314 2.783924 0.125000 2.873854 
135.598115 0.600738 135.407273 10.644614 2.689523 0.125000 7.389304 
131.771821 14.479720 133.037672 0.617026 1.807987 0.125000 3.776944 
77.487183 0.619435 77.225340 30.628057 2.510811 0.125000 29.245104 
169.921081 13.643506 151.442483 31.425540 2.973709 0.125000 9.569680 
155.639595 82.950999 131.847293 80.955325 2.909179 0.125000 23.491411 
37.811021 45.602887 38.076916 71.888131 5.176760 0.125000 16.784274 
153.662525 33.643803 168.838080 18.856818 3.626930 0.125000 15.910044 
34.442705 83.865266 18.120680 83.237286 5.428820 0.125000 10.613974 
71.478935 0.621181 71.165386 33.142262 2.499884 0.125000 34.612635 
125.315631 97.381502 134.547698 93.540040 3.701737 0.125000 1.034919 
75.320176 115.617701 75.455602 133.155266 11.307578 0.125000 54.602006 
111.078505 127.906814 96.223314 98.443106 12.352504 0.125000 122.710328 
136.884864 85.929861 155.615255 85.323812 2.579541 0.062500 0.538800 
118.535448 143.706972 116.062538 129.516585 13.975050 0.125000 18.178244 
18.121130 80.121363 31.879923 80.015629 1.346020 0.125000 2.873854 
95.743367 83.823410 61.893107 81.599400 4.151683 0.125000 24.772343 
174.503850 92.714887 166.605334 90.233308 2.010383 0.062500 2.873854 
0.916140 69.097082 10.678521 79.323909 1.347603 0.125000 0.164584 
2.629492 54.367126 2.747020 65.628945 2.591174 0.125000 2.510782 
94.418095 90.176329 76.959105 88.499372 2.488547 0.125000 0.434640 
91.834864 99.594956 85.344778 98.410702 3.689087 0.125000 2.873854 
65.646187 16.875883 64.967620 33.149710 1.613445 0.125000 4.680034 
77.956201 101.162717 74.189954 108.664721 8.950616 0.125000 8.524990 
174.564245 136.741284 166.764778 125.702880 3.062629 0.125000 3.048414 
165.074631 128.657264 160.027759 123.737696 4.430346 0.062500 1.347188 
