115.981420 55.816435 119.706195 48.881507 4.568286 0.125000 0.664633 
157.920456 25.272444 174.418800 15.700494 4.217658 0.125000 7.648728 
130.618302 25.062455 156.877988 25.318306 5.011941 0.125000 45.959375 
129.176810 49.442885 129.829920 39.323684 7.001371 0.125000 5.983381 
125.473296 50.585337 125.970840 64.362510 2.904385 0.125000 0.294986 
129.689386 61.796846 129.063347 49.265673 3.930622 0.125000 0.731012 
130.083912 40.513743 129.565968 25.575040 7.755374 0.125000 22.929543 
162.661317 21.887137 162.989840 0.603619 3.749553 0.125000 27.436248 
89.553638 0.617774 89.317457 35.633043 2.736016 0.125000 59.768524 
114.798821 71.940155 114.481618 61.832426 5.232791 0.125000 8.084162 
132.841473 0.565931 131.970535 23.176828 4.372683 0.125000 35.782118 
119.179922 20.641080 119.485581 0.588578 5.208985 0.125000 20.826130 
71.907035 20.743768 43.109333 19.928250 3.029764 0.125000 35.892993 
61.900260 65.365232 41.867615 65.181874 4.965468 0.125000 16.958752 
73.639908 0.597770 72.944598 19.368317 3.007273 0.125000 25.451104 
112.873388 27.564677 117.230575 21.257140 3.023769 0.125000 1.067674 
32.537992 44.370621 32.249003 0.614274 2.590756 0.125000 41.199100 
18.294166 0.609992 18.505928 20.634191 2.658481 0.125000 14.686571 
45.643458 16.343665 68.159709 17.125845 2.975859 0.125000 30.869644 
69.930595 15.636491 70.241232 0.617063 2.551160 0.125000 11.001664 
65.488164 0.620192 65.531404 10.630804 2.537771 0.125000 2.576231 
68.351322 49.338570 68.090382 65.624445 3.769544 0.125000 20.844003 
44.937777 0.613340 44.682989 15.630226 1.483080 0.125000 1.970764 
110.613337 74.755169 80.603233 73.834533 5.150964 0.125000 30.348633 
64.427519 11.856784 50.649383 11.286208 2.808181 0.125000 8.756152 
34.413152 22.602013 54.397986 24.059903 4.622966 0.125000 14.393573 
58.059701 46.701084 66.853173 47.234689 5.217959 0.125000 2.742210 
49.591174 9.438389 49.973431 0.596830 2.659643 0.125000 1.970764 
132.939090 56.782269 138.428690 45.776478 2.239851 0.125000 0.797908 
41.223824 18.132022 41.429182 0.619772 2.529142 0.125000 13.710934 
17.669828 19.519511 0.440355 7.131815 4.092999 0.125000 17.705453 
157.092727 26.856487 140.445019 40.403830 3.155920 0.125000 4.934975 
117.219708 116.929989 114.704928 75.529032 9.415994 0.125000 93.910220 
32.339967 64.380085 32.504133 49.368210 1.400282 0.125000 5.583124 
64.162550 92.167494 48.993795 81.149831 3.396213 0.125000 4.934975 
31.647312 67.979311 33.118685 78.304037 3.183425 0.125000 7.870688 
0.169328 101.865637 26.979872 92.164841 3.201447 0.125000 34.656173 
132.698867 80.997061 128.058877 75.682733 5.410654 0.125000 2.036308 
53.982544 30.663857 53.301698 45.689646 6.639666 0.125000 40.539510 
167.926112 16.914003 168.531704 0.593708 2.034766 0.125000 4.680034 
89.517919 124.211704 88.471760 139.312425 8.988251 0.125000 35.090730 
165.603110 143.756275 158.315816 124.303518 14.485224 0.125000 32.053593 
89.372870 115.093974 87.380398 124.482260 8.818867 0.125000 11.075185 
118.554286 128.175335 117.866906 116.967492 7.562453 0.125000 16.294391 
131.678781 120.621820 131.313942 143.136164 8.870371 0.125000 37.976142 
86.626221 94.345006 87.262238 115.575953 12.344677 0.125000 56.798560 
38.162980 94.783807 60.585574 92.700635 4.080820 0.125000 0.624812 
57.915743 77.163756 68.067970 78.544367 5.628151 0.125000 8.896623 
84.211232 0.613123 83.895864 38.152478 5.304349 0.125000 15.270429 
128.444958 108.077149 129.852796 80.713895 5.471014 0.125000 24.163590 
151.865056 73.308290 139.334123 72.628480 1.451306 0.062500 0.465614 
153.433855 124.530869 149.082025 118.330633 7.270032 0.125000 11.124244 
174.369545 78.212446 159.350014 77.275552 1.714506 0.125000 2.576231 
163.423627 104.123519 157.135062 96.655996 5.787206 0.125000 2.402083 
149.654881 84.815430 138.093243 78.180336 9.135195 0.125000 19.865581 
11.162886 0.618292 11.303351 11.882129 1.374598 0.125000 2.576231 
90.072459 82.065967 86.858277 93.804932 9.099582 0.125000 9.868909 
21.723052 102.792778 6.953979 109.547682 1.330592 0.125000 1.067674 
