124.064868 76.875633 124.106096 15.625660 3.758413 0.125000 65.228009 
141.797126 36.874613 141.977478 0.619292 3.787262 0.125000 51.305566 
165.665345 23.747501 174.459420 23.177540 3.822994 0.125000 3.403198 
138.055131 3.126369 138.349332 18.145092 2.719854 0.125000 7.098330 
130.750590 11.635547 123.733654 3.827981 4.554364 0.125000 1.486207 
164.583000 40.631714 165.030293 26.775103 4.957068 0.125000 11.888850 
174.379554 62.218356 159.373654 62.142975 2.537644 0.125000 7.697740 
152.183819 55.591020 152.589453 44.355665 2.723871 0.125000 1.653093 
0.614573 95.178735 85.632697 96.281665 3.440244 0.125000 96.897668 
170.544298 5.537417 156.932001 18.080283 2.865718 0.125000 3.294530 
123.872425 111.854129 124.597910 94.384257 2.601577 0.125000 4.658263 
141.869151 39.292701 162.033811 37.859640 3.651954 0.125000 7.776105 
164.428452 72.576614 150.566472 71.225461 2.348269 0.125000 1.855669 
124.355445 89.377827 124.330379 78.122316 2.525048 0.125000 6.486214 
91.869501 96.381575 121.865776 96.047304 2.583418 0.125000 30.869644 
132.835963 68.141647 132.042523 54.365352 1.822925 0.125000 6.486214 
144.981879 -0.127872 159.107000 11.258176 6.653228 0.125000 22.929543 
125.537923 92.633304 140.626045 94.365900 3.054089 0.125000 10.225809 
14.385747 99.199051 0.610787 98.357696 1.857325 0.125000 2.576231 
129.763524 53.102582 130.486529 65.632990 1.679956 0.125000 1.697763 
164.371964 76.324274 133.122914 76.496525 1.374003 0.125000 10.098574 
123.125000 98.125000 101.875000 98.125000 1.250000 0.125000 2.576231 
88.309702 0.622476 89.573834 93.122283 1.847729 0.125000 77.620192 
86.497120 50.612383 85.773901 0.622846 1.792340 0.125000 48.931444 
159.378127 97.110514 174.375483 96.911397 1.332863 0.125000 0.164584 
86.875000 78.125000 86.875000 63.125000 1.250000 0.125000 0.164584 
