13.686365 10.611533 12.756856 58.142246 5.121246 0.125000 69.956154 
74.025835 31.859077 74.556726 61.893883 3.859871 0.125000 37.443052 
74.370388 9.356200 74.710812 31.907669 6.400225 0.125000 7.695706 
29.658696 21.910499 29.290139 11.878118 2.819545 0.125000 1.855669 
70.471337 49.395166 68.150156 31.707658 4.043413 0.125000 8.233892 
128.112885 8.124888 128.182156 0.613999 2.557533 0.031250 1.896440 
60.681930 11.296912 48.060715 12.366286 3.423746 0.125000 0.731012 
67.203699 24.431232 67.653125 11.813668 5.041327 0.125000 4.092379 
47.783414 36.727537 54.899455 38.932217 6.709891 0.125000 2.742210 
7.724993 45.628848 7.620028 0.623262 5.072869 0.125000 44.946320 
70.330785 73.127336 70.151966 50.608904 3.829290 0.125000 14.382555 
105.836987 31.864424 126.690737 28.297668 4.328531 0.125000 19.501288 
58.017749 35.735139 57.018484 12.080155 7.809860 0.125000 42.495757 
28.094465 11.206825 15.628799 10.552615 5.255173 0.125000 3.369347 
21.236968 38.137468 21.554406 54.381265 3.627169 0.125000 5.336485 
39.366865 14.301192 39.999013 35.643541 5.367889 0.125000 52.804244 
159.269385 0.428692 144.507247 8.370810 4.145652 0.125000 6.907656 
84.329034 44.377764 82.985471 22.033717 12.627519 0.125000 47.906568 
79.756431 18.578802 92.006939 8.281972 3.827539 0.125000 3.042730 
127.574121 26.943568 128.812224 14.319805 3.854104 0.125000 8.614963 
19.288048 22.530864 28.212626 23.714055 3.135448 0.125000 2.510782 
127.605115 48.732498 118.127667 40.621884 4.063715 0.125000 10.225862 
105.642212 76.247242 85.622989 75.698357 1.694904 0.125000 6.102063 
109.388394 6.596628 91.868808 5.753694 2.797475 0.125000 14.614024 
36.187377 73.127617 36.274660 54.372206 2.552327 0.125000 16.420204 
142.867645 34.388207 143.568153 48.038108 5.121559 0.125000 4.820313 
63.346049 5.596033 63.839592 30.660157 3.281697 0.125000 11.550453 
174.444919 60.724648 164.330334 60.109882 2.874571 0.125000 5.219043 
38.119419 1.963745 61.932458 3.461429 2.502923 0.125000 22.099308 
61.881369 74.824615 38.118430 75.161234 3.891267 0.125000 9.585713 
34.132104 53.134309 34.291989 14.369502 7.597892 0.125000 75.284843 
127.422583 58.134629 127.554816 50.614973 1.359696 0.015625 5.451035 
73.143894 64.335439 72.741335 76.862671 2.819891 0.125000 4.339063 
31.898954 26.538430 20.591170 26.834971 2.695757 0.125000 3.370729 
48.353087 39.373765 48.529090 71.872812 1.412449 0.125000 12.807844 
129.850193 75.340755 126.776493 56.685279 3.917426 0.125000 7.030996 
127.114754 14.745096 116.648470 21.525317 3.767595 0.125000 4.658263 
139.354459 11.875282 139.577863 28.122211 1.926323 0.062500 0.966439 
93.116284 8.313617 120.672966 9.586974 2.555034 0.125000 16.311590 
168.236106 8.320629 160.418154 12.760800 2.931201 0.125000 0.797908 
23.111570 54.695306 34.394146 55.168386 2.759638 0.125000 0.050694 
63.730984 31.869835 64.082625 73.127492 3.930972 0.125000 26.645531 
144.966255 63.102089 144.485596 76.922321 2.802625 0.125000 8.756152 
107.894461 11.894873 107.553453 29.388225 5.096500 0.125000 12.593266 
135.684517 11.875664 135.558856 23.138209 2.597466 0.125000 7.697740 
45.902325 70.625796 45.988449 40.626043 2.510755 0.125000 27.912643 
114.233833 28.251628 116.222686 10.836004 5.109539 0.125000 4.372393 
157.146796 12.061881 150.471904 21.769734 5.214690 0.125000 5.865812 
149.853920 72.002322 148.180180 61.865889 3.903544 0.125000 6.799042 
29.451423 3.367421 19.349893 3.884692 2.750794 0.125000 1.697763 
106.930474 36.873680 107.852970 75.631475 4.046374 0.125000 48.829377 
113.283742 75.625454 113.268146 38.124421 2.515075 0.125000 41.777504 
22.156337 56.874811 22.167232 73.124804 1.260894 0.125000 1.067674 
164.370856 61.782925 165.218142 73.247450 3.924061 0.125000 2.742210 
160.270614 37.604062 168.031237 32.324641 2.884088 0.125000 0.050694 
94.161398 55.623240 94.027443 71.882435 2.602895 0.125000 9.438675 
84.943819 71.829360 82.827094 45.448312 5.883752 0.125000 31.381816 
150.126763 83.240129 149.817521 71.829132 6.518611 0.125000 7.884217 
142.200327 58.228394 141.601838 52.876001 3.726774 0.125000 1.970764 
8.947791 68.132805 8.559286 46.867066 1.615111 0.125000 19.129474 
82.412397 14.756374 85.436180 0.584712 5.590734 0.125000 9.277472 
116.479275 38.125226 116.472653 63.125225 2.502980 0.125000 18.013092 
38.803944 48.105969 38.664373 70.628342 3.749928 0.125000 9.430952 
143.113947 79.043641 93.127869 80.711024 3.540435 0.125000 32.332341 
59.889675 125.667560 58.723433 105.518014 8.157554 0.125000 50.590445 
19.471470 80.427379 16.895088 128.058474 12.448835 0.125000 137.268094 
48.125000 14.375000 48.125000 34.375000 1.250000 0.125000 3.776944 
56.255441 137.404112 58.850109 126.175989 7.962448 0.125000 13.631855 
45.625000 34.375000 45.625000 15.625000 1.250000 0.125000 2.873854 
31.473462 123.189228 34.707956 80.460957 7.836187 0.125000 40.437818 
39.979841 91.876966 40.086484 126.880449 5.091375 0.125000 23.307269 
88.125000 78.125000 108.125000 78.125000 1.250000 0.125000 1.697763 
15.724965 127.226889 18.979572 137.863517 9.098557 0.125000 34.993339 
40.418380 125.597227 40.784121 139.337492 5.031491 0.125000 2.619268 
73.521501 79.354701 75.248107 113.080301 2.688463 0.125000 23.159421 
163.115453 87.067537 149.275521 86.381307 6.551847 0.125000 1.793200 
61.421503 70.624443 61.453769 44.374482 1.282265 0.125000 7.389304 
70.173188 103.125511 70.146345 79.375541 1.275430 0.125000 6.486214 
20.624833 6.663331 34.375811 6.652477 1.258879 0.062500 0.616176 
131.804783 56.882920 133.630461 73.067984 4.165585 0.125000 9.505731 
174.439981 87.089599 166.813123 86.610947 2.886563 0.125000 5.583124 
89.565931 71.923447 90.535703 43.079970 3.243839 0.125000 32.663791 
100.357062 63.898868 96.290767 55.922851 3.908627 0.125000 1.855669 
103.601905 72.237812 99.589384 63.687767 4.987908 0.125000 7.689797 
28.925256 136.778953 32.207010 121.412006 5.590049 0.125000 14.632986 
164.345762 81.077538 174.465044 81.731339 2.736580 0.031250 2.758250 
10.635689 79.695785 0.605175 80.030004 1.540697 0.031250 3.914505 
6.875000 20.625000 6.875000 66.875000 1.250000 0.125000 22.741834 
11.673182 59.379692 12.080504 76.899284 1.903379 0.015625 1.017550 
104.359337 22.060025 93.084319 21.105570 1.561859 0.031250 0.255185 
60.738707 87.870440 51.582240 83.780410 4.953358 0.125000 1.783865 
141.914306 87.832840 131.761728 86.466943 2.144338 0.125000 2.873854 
