74.497153 4.907803 81.992618 6.184430 4.719141 0.125000 1.034919 
78.106728 89.373210 81.174354 58.056369 4.707017 0.125000 33.731373 
86.169134 67.918727 83.767301 90.692739 5.691119 0.125000 32.678996 
94.021808 81.251297 97.893737 71.298732 4.659788 0.125000 6.953153 
107.544334 69.043493 97.782141 86.142895 5.423783 0.125000 21.358529 
119.340214 83.056232 120.007369 70.591941 4.145505 0.125000 11.074856 
76.670403 56.156935 71.600246 66.121237 5.609711 0.125000 3.770729 
97.666523 71.425846 91.511619 58.295334 5.588379 0.125000 12.054691 
88.577997 58.319683 87.574494 67.097862 5.109618 0.125000 3.274964 
127.459569 72.081757 124.971288 94.160451 3.761947 0.125000 13.911462 
123.370317 17.276704 128.196211 29.346527 6.731456 0.125000 12.593266 
67.748284 79.377199 67.427179 24.364481 4.049073 0.125000 58.551262 
91.496452 13.683857 102.783623 7.501722 8.483998 0.125000 9.178894 
126.939343 30.613467 127.191882 59.394156 4.934001 0.125000 17.100149 
156.039228 29.377115 156.186073 0.621482 3.871233 0.125000 42.294314 
135.624975 65.626910 144.390067 65.743641 2.583007 0.125000 0.820776 
114.076198 8.797150 123.702290 13.076395 7.234417 0.125000 8.524990 
120.523385 69.502387 109.537122 60.738792 4.095146 0.125000 9.563678 
61.685539 56.873881 61.589568 73.123314 3.764700 0.125000 18.013092 
150.660229 72.185952 130.773861 74.438942 4.968217 0.125000 22.737566 
68.297544 24.469420 69.795378 1.902902 4.486837 0.125000 10.628407 
119.072364 13.416972 122.753927 17.232998 8.837414 0.125000 0.294986 
14.551009 41.876757 14.483532 0.622778 3.811332 0.125000 52.729518 
162.072628 38.734326 153.054977 41.659107 3.149341 0.062500 0.850453 
74.258054 64.167040 73.634417 72.014815 6.626444 0.125000 4.341659 
105.576105 93.428046 118.042868 92.784338 3.076783 0.125000 4.480242 
128.029741 58.038340 135.116731 66.233573 4.343912 0.125000 6.281913 
170.274347 53.103481 171.425368 34.347407 4.049222 0.125000 0.993903 
118.130756 95.978995 104.364071 96.202845 1.453061 0.125000 1.067674 
51.764770 38.126037 52.094215 73.134700 2.805713 0.125000 45.248119 
151.863678 30.805547 168.128103 31.825518 2.492648 0.125000 1.454630 
21.872374 70.625112 20.799758 45.564020 3.746570 0.125000 21.116024 
43.123716 18.139021 65.550096 20.192883 2.822364 0.125000 4.191864 
54.377036 20.551123 16.871068 19.517704 4.265009 0.125000 20.900715 
103.257797 97.986024 106.541493 130.658519 5.724934 0.125000 51.461457 
69.375048 94.377093 89.422191 93.912860 1.220391 0.125000 1.697763 
127.971645 8.075284 130.528454 0.188466 4.370821 0.125000 2.680153 
16.860906 23.467163 58.118738 23.832384 5.276423 0.125000 52.044618 
132.568041 18.294087 129.471889 8.095586 4.314527 0.125000 4.067599 
85.625023 95.637369 13.122949 95.772179 1.368534 0.125000 41.706724 
58.776569 71.877310 58.878528 43.123240 2.513281 0.125000 31.772734 
37.147152 57.783275 35.217043 49.185960 5.700003 0.125000 3.012505 
174.411099 63.966552 164.269366 63.070227 2.160155 0.125000 0.820776 
86.107578 96.821069 87.044137 126.908645 5.503161 0.125000 59.497838 
131.856746 6.180044 149.377491 5.719837 3.781529 0.125000 13.821835 
174.375291 29.335107 158.126156 29.216581 1.341143 0.031250 6.486214 
94.311829 129.371564 96.017616 98.010376 6.580221 0.125000 60.534284 
143.591365 63.134206 143.459050 51.871076 1.367381 0.062500 0.465614 
155.052546 75.657972 154.470214 65.547520 3.070881 0.125000 0.218275 
162.624622 4.359551 162.392088 11.890965 1.442283 0.031250 2.447038 
30.460384 48.182846 29.131761 73.112036 2.829084 0.125000 1.579054 
58.151290 76.819865 33.108407 77.370877 2.884350 0.125000 7.776105 
140.084315 51.864342 140.253598 63.130581 1.400099 0.031250 0.983154 
132.429459 59.437725 130.721942 40.503531 4.408473 0.125000 11.832720 
113.049582 119.540390 116.153686 97.495404 10.076606 0.125000 53.974139 
174.470446 75.474426 165.591312 74.869332 2.919154 0.062500 0.293299 
38.119894 48.063139 49.380429 48.111527 2.542947 0.125000 8.292394 
38.751525 11.959814 39.586289 18.096258 6.926083 0.125000 0.434640 
16.868148 37.822362 50.628524 37.673363 2.632377 0.125000 29.176401 
52.890252 13.811726 58.481898 11.481371 2.500192 0.062500 0.465614 
100.124920 3.599799 105.363851 0.220179 4.879217 0.125000 2.576231 
9.503909 97.278689 0.476913 100.161254 1.671073 0.125000 0.164584 
56.971651 35.625744 56.856254 50.624856 1.278813 0.125000 0.164584 
113.166798 128.124528 113.067608 119.347396 4.360555 0.125000 0.426994 
80.111387 110.615892 80.332983 98.119822 2.588259 0.125000 5.219043 
50.627384 72.849315 34.367790 72.708709 1.379662 0.125000 1.067674 
50.652421 31.631140 16.893430 32.551212 4.555429 0.125000 25.352377 
56.875000 54.375000 56.875000 74.375000 1.250000 0.125000 1.697763 
129.180972 91.843661 130.818629 81.704379 3.702023 0.125000 0.149785 
174.376719 96.395733 138.122702 96.265729 1.371016 0.125000 21.207173 
73.988879 98.055395 75.005662 110.674901 3.938667 0.125000 10.225862 
50.641257 92.874421 66.903903 93.929500 1.571085 0.125000 4.680034 
155.625000 94.375000 174.375000 94.375000 1.250000 0.125000 2.873854 
174.470550 92.830131 164.321115 89.541290 3.534235 0.125000 1.855669 
