88.501301 55.678258 87.585709 40.657873 2.799587 0.125000 2.486513 
45.246207 44.450042 44.608759 30.614230 4.148732 0.125000 6.145961 
92.223574 48.116171 92.529502 16.881410 1.556002 0.125000 10.529290 
40.965066 19.460711 38.945892 56.919250 3.572898 0.125000 22.081478 
81.883895 21.265480 61.870395 21.543436 3.819074 0.125000 14.294847 
58.461938 24.336393 57.718852 41.910680 3.184246 0.125000 16.190856 
44.581899 48.122275 44.763214 61.886352 2.598573 0.125000 4.248691 
135.606064 86.875538 135.215529 73.136639 2.676578 0.125000 1.229414 
84.763122 43.098831 83.409443 23.021543 3.573329 0.125000 8.712693 
54.555646 61.867176 54.534534 68.125538 4.991538 0.062500 2.485330 
91.234215 54.368675 91.024372 75.628942 2.647925 0.125000 16.442587 
66.101928 24.533126 63.573641 52.144993 7.924674 0.125000 55.635934 
78.127466 72.853239 60.628907 72.694453 2.556609 0.125000 3.048414 
69.371081 26.383165 80.627242 26.441349 1.308135 0.062500 0.465614 
81.898355 29.441523 68.129050 29.169794 2.721482 0.125000 14.081748 
80.640674 82.290902 55.626018 81.820826 1.461152 0.125000 6.486214 
46.875000 61.875000 46.875000 45.625000 1.250000 0.125000 1.067674 
130.747231 77.027203 120.514656 76.494477 5.188205 0.125000 5.595353 
86.810981 129.397234 87.244903 81.855558 12.818917 0.125000 102.645054 
151.187286 61.876500 151.350752 0.616930 6.283333 0.125000 115.286760 
48.154260 77.164679 38.130272 78.177191 1.871781 0.125000 1.067674 
48.343237 15.617170 48.011186 59.374136 1.506069 0.125000 20.032564 
165.685534 71.271123 143.033035 73.393389 3.771692 0.125000 27.263089 
150.628109 64.226287 169.396037 64.618600 1.275850 0.125000 0.820776 
141.886840 68.672767 153.158593 68.429126 2.063505 0.031250 0.566731 
35.312689 79.374691 35.300336 41.874695 2.506176 0.125000 21.116024 
138.014922 79.889967 154.457743 77.427506 5.374850 0.125000 9.010332 
169.378508 62.146912 148.115921 62.421187 2.677144 0.125000 9.449320 
128.107101 60.290701 139.391679 59.686517 2.496424 0.125000 4.336995 
64.396932 89.374395 65.225304 119.420482 12.288555 0.125000 103.777124 
104.155873 21.915096 103.035563 50.718758 3.747167 0.125000 17.505874 
157.781273 28.123337 157.684476 48.128917 2.572547 0.125000 12.811411 
156.625599 87.012117 138.027336 83.668188 3.469617 0.125000 4.191864 
159.006925 49.064527 174.333574 45.449373 3.144652 0.125000 3.012505 
114.934579 80.492229 117.065425 69.411619 3.918582 0.125000 3.851484 
105.568585 51.873746 106.235967 21.860790 1.638733 0.125000 14.971112 
155.627317 76.666005 166.889791 76.790865 3.846769 0.125000 11.416468 
105.052558 0.599687 104.112276 21.863382 1.890127 0.125000 8.756152 
49.079219 0.594502 49.321234 8.166670 2.698379 0.125000 1.970764 
161.876879 81.671018 150.627833 81.567421 0.659481 0.062500 0.465614 
39.016960 83.066895 41.216822 116.836447 3.823325 0.125000 46.877352 
103.715343 55.601468 103.312936 66.881704 1.516588 0.125000 0.164584 
9.505833 5.625802 9.076736 75.623172 1.295952 0.125000 37.298484 
53.632235 120.960349 39.099104 142.942597 2.068121 0.125000 4.557628 
33.125000 81.875000 10.625000 81.875000 1.250000 0.125000 5.583124 
45.474205 115.628241 45.178811 101.884590 2.553143 0.125000 0.426994 
34.375000 30.625000 34.375000 1.875000 1.250000 0.125000 10.098574 
18.125000 80.625000 33.125000 80.625000 1.250000 0.125000 0.164584 
13.087382 0.625064 13.200465 66.877005 1.250000 0.125000 34.612635 
164.650855 45.531123 160.067990 32.064559 3.196912 0.125000 0.731012 
