53.113582 92.467683 98.145032 93.335238 3.941924 0.125000 50.321198 
114.361290 93.304406 141.894725 93.568487 3.893690 0.125000 49.834534 
106.637147 92.786996 114.015320 94.711262 3.553612 0.125000 1.653093 
174.400423 101.954349 0.617079 100.129196 5.068193 0.125000 208.584446 
99.142729 92.578309 106.639195 95.054052 7.110712 0.125000 3.782874 
0.610453 92.851351 51.886319 93.615314 6.454146 0.125000 41.216472 
143.044156 93.481979 174.528897 95.065924 6.736855 0.125000 40.498676 
174.392941 27.160129 6.871996 29.117922 2.917113 0.125000 227.373967 
5.512532 29.401781 6.190395 0.608883 3.028872 0.125000 35.537042 
1.873825 31.731478 174.382730 30.319398 2.592001 0.125000 244.308045 
58.116912 97.784276 71.859169 97.458079 2.558621 0.125000 7.389304 
1.881042 0.608248 1.476666 30.636469 2.870069 0.125000 38.558193 
