75.765790 103.125010 75.772808 0.624925 3.756162 0.125000 200.822289 
20.091542 88.719655 0.247214 94.275666 6.259542 0.125000 20.741317 
13.144683 0.616145 13.763749 89.379263 5.243975 0.125000 143.700293 
174.382262 101.518885 78.095832 99.555270 4.870628 0.125000 117.453751 
95.266354 90.865188 129.159072 99.022192 4.230871 0.125000 46.900404 
0.135255 114.515703 25.213850 103.443724 2.718856 0.125000 27.912643 
20.638293 0.619501 21.030106 90.628678 2.864540 0.125000 142.387986 
139.419260 89.033566 109.355009 89.650018 6.761191 0.125000 60.619659 
26.339110 104.375843 26.175829 0.624133 1.411309 0.125000 120.179774 
86.864759 82.501927 174.382244 83.931505 3.234633 0.125000 124.009159 
174.415297 89.050956 140.559482 88.184218 7.401572 0.125000 60.596111 
55.604002 101.520328 71.903669 101.902607 2.470004 0.125000 0.923527 
98.309903 87.592351 88.223584 84.091009 2.410650 0.062500 0.293299 
123.351874 26.231752 105.435389 19.912597 3.326183 0.125000 18.883306 
78.198178 81.712949 96.585455 90.016189 1.801230 0.125000 6.985969 
169.369482 29.220595 149.350378 29.935996 4.015456 0.125000 23.879069 
169.973171 15.616732 170.129124 26.899133 2.655252 0.125000 4.336995 
28.123707 48.236338 73.132154 48.759192 1.656476 0.125000 31.928121 
30.613982 101.174072 54.379496 101.650946 3.874631 0.125000 10.373848 
24.128837 106.325405 0.616699 116.856468 1.378544 0.125000 9.195484 
53.120275 104.802515 69.382104 104.982234 1.415687 0.125000 3.456020 
171.412899 1.859396 170.988446 14.429481 2.498576 0.125000 4.232717 
146.656112 14.859044 137.983754 10.937349 1.871745 0.062500 2.873854 
