86.919532 139.555497 116.942407 132.148212 3.309571 0.125000 27.514630 
55.415907 98.860126 24.232414 111.523892 6.696012 0.125000 54.214767 
21.875392 139.414408 88.131270 138.754586 5.049543 0.125000 74.071280 
148.237889 131.244339 133.058671 134.011098 3.465069 0.125000 12.811411 
120.970310 128.171635 84.634228 137.848396 2.579846 0.125000 12.259834 
170.641044 142.345125 141.877502 141.753380 2.807997 0.125000 17.301091 
49.342277 137.184142 14.206699 133.464967 3.919581 0.125000 36.538915 
0.484826 78.903397 59.454551 74.102042 6.099351 0.125000 99.402389 
5.597962 135.858158 28.085469 138.465888 4.102780 0.125000 16.733064 
68.629736 64.414174 73.592882 0.467280 4.888282 0.125000 86.856394 
131.735518 130.042912 150.317158 125.590311 3.938047 0.125000 14.294847 
146.841981 115.562020 126.886037 116.063881 5.092696 0.125000 18.772676 
21.842893 129.689906 58.224480 133.399304 5.354583 0.125000 43.931053 
103.435677 105.497790 73.546769 98.755324 4.639265 0.125000 25.524927 
115.564976 133.028062 128.517054 125.008165 3.441637 0.125000 7.917544 
67.022071 18.052186 61.736371 98.115848 5.047238 0.125000 95.246093 
104.383272 120.072437 97.781242 108.318078 7.151280 0.125000 17.213362 
72.859363 99.419279 75.282397 45.553360 4.096204 0.125000 65.872480 
68.129553 135.765241 48.150607 136.413813 1.614356 0.125000 10.098574 
123.666545 116.695979 109.572160 111.354737 3.949607 0.125000 15.342551 
151.032386 140.338633 149.636837 132.261715 5.945921 0.125000 5.468486 
16.037939 133.177134 0.255749 128.000816 5.102431 0.125000 17.705453 
72.161217 106.495712 49.235295 109.589859 8.937303 0.125000 33.521596 
131.715434 113.185469 137.965593 0.477524 5.273719 0.125000 257.859407 
86.813868 130.222811 105.511874 127.380743 3.222974 0.125000 3.141359 
130.615607 140.161810 143.110469 139.908431 1.477831 0.125000 2.576231 
105.473077 112.093861 115.149150 118.810514 2.851165 0.125000 3.403198 
24.789240 109.997918 11.027180 113.041725 9.353360 0.125000 27.247372 
174.586439 115.847245 147.922028 110.361595 4.428734 0.125000 22.358550 
108.014099 110.624643 108.062445 95.624798 3.766096 0.125000 15.407743 
11.055330 115.496436 0.666434 119.482976 2.605434 0.125000 4.336995 
10.574005 109.224643 0.464977 112.653171 3.571986 0.125000 4.248691 
65.850631 101.899364 67.747358 84.334221 2.888145 0.125000 13.809694 
28.508882 112.248356 19.073807 121.570147 5.345910 0.125000 10.526739 
94.953964 110.553732 95.541366 125.628259 4.136526 0.125000 5.682535 
114.277244 13.126070 114.140142 0.600207 5.068106 0.125000 10.082962 
67.486838 80.581554 68.424377 66.810282 2.833837 0.125000 12.807844 
53.003151 112.914476 26.048178 128.515809 9.907184 0.125000 66.928598 
55.560540 129.308621 77.761032 107.750192 9.760575 0.125000 27.013239 
0.547910 107.796316 36.853007 99.281232 2.433950 0.125000 23.159421 
37.973556 98.738723 58.027548 93.965566 1.853192 0.125000 3.508045 
79.250410 60.244901 108.124241 64.380299 1.775373 0.125000 13.675756 
39.740416 73.362071 44.310917 18.119698 6.340723 0.125000 109.734477 
104.291380 -0.059270 110.576218 10.653619 3.608215 0.125000 6.848509 
160.620009 135.805204 174.463258 136.188646 6.039942 0.125000 6.455911 
144.370804 53.706118 174.377465 53.517866 2.515635 0.125000 23.963988 
76.098441 43.146295 76.605955 31.862899 2.609809 0.125000 0.883796 
82.450745 0.561676 80.101485 25.575833 1.670872 0.125000 4.339063 
