19.412136 72.788901 7.062897 71.424427 2.683545 0.125000 0.218275 
21.715654 49.422558 22.263383 65.654075 4.042965 0.125000 12.882770 
41.945376 71.901921 36.976398 84.891941 3.049782 0.125000 0.923527 
39.363778 70.453020 59.360200 69.148185 2.738875 0.125000 8.739380 
87.941022 52.262594 97.996901 45.436296 4.136869 0.125000 3.521151 
84.665688 63.207116 87.885950 51.807471 3.425285 0.125000 4.339063 
92.344286 44.858132 82.844221 54.085936 2.741309 0.125000 1.034919 
79.202870 70.738476 77.989818 55.536045 6.727326 0.125000 9.184843 
18.076500 59.161020 8.156757 58.696638 2.964892 0.125000 1.970764 
77.054781 55.631463 77.303483 0.609986 6.481589 0.125000 39.624667 
73.263327 0.615865 72.749606 63.132187 2.982671 0.125000 86.983274 
72.670770 75.609053 72.846549 84.380580 2.599677 0.125000 0.820776 
37.130481 79.529758 29.341732 80.279310 7.465510 0.125000 7.149246 
59.828766 59.376823 59.694280 0.621408 5.040043 0.125000 108.656104 
119.330278 41.875631 119.630255 63.121396 2.711521 0.125000 18.779381 
81.867184 41.462356 118.151520 40.775052 3.844021 0.125000 42.830952 
35.624629 59.445730 58.130571 59.563888 2.585278 0.125000 9.711716 
95.935488 78.025657 87.011268 70.739031 3.260078 0.125000 1.855669 
164.406765 87.909577 80.505583 90.485630 9.052768 0.125000 194.218416 
84.511477 0.589299 85.510254 39.377955 3.137416 0.125000 47.903466 
59.431330 73.334712 45.353971 77.115981 6.540002 0.125000 6.418972 
41.844274 83.455159 59.410550 83.796733 6.491834 0.125000 21.375938 
95.797949 80.405044 109.579191 78.091113 3.077283 0.125000 2.249350 
145.659839 65.608522 145.820334 78.122495 2.515825 0.125000 1.720471 
4.755436 13.122198 4.590292 64.375694 2.653036 0.125000 45.104796 
145.539011 81.296856 161.841926 83.383420 4.166097 0.125000 13.821835 
112.510077 52.816013 114.803017 66.804843 3.094041 0.125000 1.198571 
54.045937 58.155781 52.423185 40.807573 3.420469 0.125000 3.586135 
58.124704 63.054417 39.375033 63.132926 1.270925 0.125000 1.067674 
54.304751 41.883768 56.493931 59.422565 2.171105 0.125000 7.697740 
59.378455 87.431249 49.371077 87.493406 1.304322 0.031250 0.255185 
162.343192 0.583352 163.222823 36.872629 3.991222 0.125000 33.731373 
52.433300 42.175962 57.736016 32.339147 1.865402 0.125000 1.067674 
112.132882 25.618505 111.503595 0.634355 2.184464 0.125000 11.184171 
161.878577 65.327380 146.865723 65.146961 2.650029 0.125000 8.756152 
172.491073 30.619251 172.763115 0.621718 3.783852 0.125000 19.302251 
143.100103 58.805837 160.621256 58.039413 1.631189 0.125000 2.576231 
129.807499 68.649736 139.383731 74.360359 3.013951 0.125000 1.034919 
70.573463 86.874927 70.610577 60.624980 1.265905 0.125000 8.292394 
30.783104 84.561953 18.007961 82.661937 3.392234 0.125000 0.294986 
145.889706 14.375114 145.871460 56.875106 2.514490 0.125000 39.456678 
160.643533 13.197617 148.107287 13.000287 2.676752 0.125000 11.184171 
139.217765 53.120047 140.674552 6.876561 3.826858 0.125000 70.953861 
120.796475 55.446411 125.271488 59.743177 4.508292 0.125000 0.797908 
140.672675 70.499528 138.984702 53.041876 4.695000 0.125000 10.516855 
121.900716 79.199169 137.989397 81.552184 2.473684 0.125000 5.096624 
20.247047 43.121992 20.376348 26.873021 1.339479 0.031250 6.858025 
134.505330 74.110167 121.471100 67.695732 1.761835 0.125000 1.653093 
70.616552 59.374993 70.665054 0.625033 1.260319 0.125000 29.966554 
119.589211 66.863323 120.132713 76.833696 1.656378 0.125000 0.164584 
60.999914 112.170435 71.016881 109.740375 5.448452 0.125000 6.677210 
79.375000 21.875000 79.375000 38.125000 1.250000 0.062500 0.966439 
1.875000 45.625000 1.875000 9.375000 1.250000 0.125000 15.517114 
56.889441 92.921061 48.095024 92.298330 2.670338 0.125000 1.067674 
142.854794 11.525594 156.903240 0.661518 3.414726 0.125000 6.905508 
58.878900 139.333702 60.325668 121.954139 3.114886 0.125000 5.091660 
21.771845 20.621062 22.296029 6.891074 0.767153 0.062500 0.465614 
83.091392 111.596330 124.369767 112.220861 5.283078 0.125000 54.992112 
158.122752 106.893792 168.129094 108.090780 2.005773 0.125000 0.164584 
162.848031 80.641074 162.120826 68.110733 1.754858 0.125000 4.680034 
94.661423 38.733795 90.620546 32.338055 5.173248 0.125000 0.664633 
30.514721 106.913238 26.108997 94.207178 3.638068 0.125000 1.783865 
13.125000 41.875000 13.125000 26.875000 1.250000 0.125000 0.164584 
89.854175 3.111403 90.351348 20.632765 1.639500 0.125000 6.829207 
34.383331 112.025593 48.160319 111.263435 2.078321 0.125000 3.776944 
144.139025 110.836352 154.475053 112.505388 4.499108 0.125000 3.521151 
