168.277366 26.948087 174.320856 14.349028 6.267462 0.125000 6.455911 
162.374314 35.903112 168.044666 25.722724 8.376937 0.125000 5.401110 
173.215160 14.237496 171.819075 0.630738 3.730416 0.125000 15.860896 
175.249717 21.164563 156.462984 51.620851 3.420090 0.125000 29.897934 
152.028559 53.759367 161.896234 36.185068 3.881812 0.125000 22.147897 
156.877823 0.514297 169.401554 0.833641 1.313321 0.015625 1.232791 
170.571348 18.847812 133.092277 16.065846 4.479947 0.125000 22.637213 
123.679300 83.116961 122.500712 1.847798 7.916108 0.125000 187.860665 
131.382727 0.613587 129.816569 68.164219 5.433258 0.125000 100.404886 
140.530477 83.492429 153.153436 82.140512 1.635125 0.125000 1.067674 
153.533775 70.569349 154.856557 50.574164 2.742087 0.125000 20.935654 
157.748790 50.561499 157.013945 69.380426 2.400550 0.125000 14.971112 
153.163442 76.992870 139.629925 81.406649 3.978421 0.125000 7.475045 
129.387479 71.079268 153.131639 71.451649 4.023958 0.125000 18.759088 
156.866916 71.513840 170.610031 71.206232 3.805004 0.125000 1.349337 
160.685902 87.918492 145.591410 88.799466 5.355661 0.125000 14.141600 
144.819909 87.821274 126.992039 82.716271 3.610453 0.125000 4.092379 
174.423301 88.694678 160.650647 88.350053 6.248044 0.125000 9.010332 
0.627488 83.418740 120.629467 82.402383 2.394045 0.125000 97.855057 
53.122799 1.908134 28.149961 0.249236 1.250000 0.125000 2.510782 
143.613541 95.058275 128.371212 90.959417 7.983234 0.125000 17.364708 
83.141500 60.263916 119.372966 61.919506 1.591051 0.125000 20.032564 
63.132035 47.950153 116.895584 50.113429 1.643637 0.125000 32.663791 
51.913607 0.209758 86.844097 3.457384 1.250000 0.125000 11.184171 
134.190369 44.626688 150.797071 41.555400 4.824085 0.125000 15.291999 
