24.287156 63.789837 31.658469 64.763794 3.717689 0.062500 1.900835 
82.478316 55.150451 93.848041 42.645865 4.204594 0.125000 9.214542 
34.604910 71.968177 28.936788 85.953999 3.725461 0.062500 0.101839 
72.578745 49.411431 73.488759 0.608475 3.656131 0.125000 66.280813 
93.885396 39.997953 81.875384 49.375491 3.387632 0.125000 4.304398 
13.569195 49.361318 13.840817 58.179955 3.902154 0.125000 3.662037 
75.238663 78.120901 75.180479 48.121013 6.305749 0.125000 28.253544 
68.111608 3.124898 67.741246 51.872084 2.813320 0.125000 61.346449 
29.502040 80.405281 21.735922 79.733992 7.902723 0.125000 11.349210 
84.154015 68.146315 83.067367 56.880559 1.964302 0.125000 0.820776 
79.365246 37.105830 120.635392 36.710844 2.870735 0.125000 63.105992 
51.967734 68.124687 51.986013 0.624692 2.518279 0.125000 74.565241 
104.458512 40.950981 94.315417 40.034255 2.152305 0.062500 0.966439 
121.432799 38.131465 121.779965 61.876389 2.792115 0.125000 22.991712 
95.630987 78.579013 85.535975 71.209157 3.846370 0.125000 2.742210 
51.934948 85.647147 51.748910 75.650609 2.662379 0.125000 0.426994 
81.693393 70.842836 93.986291 81.091253 2.560971 0.125000 0.434640 
79.310958 59.396350 83.186461 71.021235 3.557844 0.125000 3.048414 
34.365294 82.782904 49.388666 82.356641 1.639473 0.125000 8.292394 
35.567840 87.336861 50.579537 86.248140 2.403032 0.125000 4.248691 
28.166527 58.054879 50.638689 57.263945 3.879583 0.125000 25.554186 
47.793645 55.670739 45.715074 40.612567 2.092880 0.125000 3.403198 
138.210284 89.808329 108.054062 90.685094 9.923122 0.125000 55.015216 
150.567991 82.831567 174.382400 84.250839 3.892087 0.125000 14.393573 
21.836077 85.870947 5.597143 83.301022 2.140787 0.125000 5.096564 
82.993919 0.626922 83.489105 34.406311 3.749597 0.125000 37.659976 
102.000438 82.081125 114.452949 74.503089 2.553621 0.125000 1.034919 
115.351848 67.716075 107.300262 77.067415 3.368420 0.125000 3.662037 
33.125000 63.125000 49.375000 63.125000 1.250000 0.125000 1.067674 
51.889623 88.733685 41.865379 88.974509 1.459790 0.031250 2.457839 
38.052918 68.482972 44.543165 69.789862 2.812807 0.125000 0.164584 
49.404251 75.956205 36.862295 76.188219 6.387650 0.125000 11.797682 
119.083796 58.261085 113.424487 46.150897 3.016168 0.125000 2.847294 
50.990304 106.809316 52.381616 88.069808 3.048446 0.125000 4.824161 
113.379513 49.312498 116.777406 63.148967 3.067057 0.125000 4.480242 
0.594392 90.238598 9.486628 89.534217 2.393486 0.125000 0.820776 
114.819757 73.640111 119.174110 59.313941 3.329868 0.125000 2.246834 
50.632622 61.013046 30.615792 61.406241 1.617998 0.125000 15.517114 
107.243356 90.142271 95.251931 92.331916 8.051621 0.125000 19.324666 
65.108059 98.123851 65.324823 0.624333 1.466761 0.125000 52.332758 
60.637061 99.912558 53.121980 99.866371 2.546046 0.125000 0.164584 
113.038182 45.769668 104.031438 40.364565 3.216060 0.125000 0.218275 
113.008335 15.644501 112.793835 0.611889 2.481911 0.125000 8.756152 
151.200353 64.358584 151.664625 80.631002 1.641637 0.125000 3.370729 
153.265296 92.314643 138.864873 89.821508 8.882740 0.125000 19.998635 
144.787164 78.085065 144.311594 88.062397 2.675706 0.125000 5.583124 
77.445584 46.884289 77.325747 38.118838 2.585205 0.125000 0.820776 
172.013227 89.013224 156.753769 89.999682 8.290765 0.125000 20.300265 
5.992355 80.957980 13.729079 72.422552 4.630766 0.125000 0.553250 
131.213277 67.230251 144.256211 75.805673 3.519969 0.125000 8.084162 
151.854046 6.868161 151.598426 54.373512 2.607580 0.125000 40.026131 
151.849321 56.582163 164.362711 55.484858 1.791192 0.125000 1.970764 
174.420163 64.745151 151.851302 63.586681 3.329736 0.125000 13.693766 
109.835558 28.265538 113.295471 16.927019 2.026326 0.125000 1.697763 
79.421528 34.374413 78.995839 0.614019 1.628144 0.125000 13.710934 
144.254968 63.094711 145.636045 0.625244 4.605561 0.125000 79.696872 
125.758697 79.807258 143.002137 82.626476 2.289026 0.125000 5.946800 
171.878990 5.090023 153.120711 4.950134 1.380467 0.125000 10.529091 
149.804317 74.237909 146.559564 64.076572 2.761766 0.125000 0.883796 
121.966200 66.870586 122.391648 75.660496 2.053372 0.125000 0.164584 
95.598568 95.437868 79.320220 97.737178 6.027670 0.125000 19.324666 
139.169625 74.783118 122.689706 66.490008 2.254787 0.125000 1.454630 
76.023768 13.130453 75.716130 35.626246 1.403717 0.062500 0.805318 
67.473241 103.122257 67.519109 113.127778 1.295830 0.125000 3.776944 
115.431036 0.616791 114.475962 23.182179 2.392047 0.125000 4.824161 
122.254581 52.796270 129.924779 60.043103 5.251015 0.125000 10.285789 
89.834027 29.579308 84.981088 10.791322 4.841111 0.125000 9.649660 
52.503667 127.673777 62.323670 119.945075 3.301506 0.125000 1.702576 
49.479212 95.043065 35.702685 94.259372 3.388983 0.125000 2.486513 
76.316989 110.686859 77.213746 100.655282 2.776212 0.062500 1.347188 
13.125000 44.375000 13.125000 13.125000 1.250000 0.125000 11.904754 
92.744411 34.670874 91.786381 29.391080 3.912921 0.125000 1.970764 
174.403975 104.294244 160.632824 99.353194 2.442998 0.062500 2.485330 
88.608611 0.608894 89.108982 15.633859 1.623754 0.125000 6.486214 
