69.927899 66.900608 69.405278 78.184298 3.745984 0.125000 2.486513 
171.355123 89.399740 172.464580 0.601131 4.218790 0.125000 192.682518 
70.613010 77.859278 109.396853 76.109312 2.948210 0.125000 42.071000 
68.083733 105.242429 108.156807 100.919870 3.289918 0.125000 46.877352 
28.714034 91.850382 29.783370 63.140210 4.763910 0.125000 22.982729 
33.233222 97.655926 67.559630 105.575518 4.028112 0.125000 31.147469 
108.175885 91.188534 65.683726 95.025380 5.991448 0.125000 73.171887 
31.866653 65.170209 110.636003 63.724503 4.254009 0.125000 90.744263 
66.822010 108.371997 20.556086 98.446220 4.795613 0.125000 61.572793 
65.205382 94.193489 31.868674 88.159953 4.580522 0.125000 44.709223 
65.602642 90.219263 105.618891 88.014139 2.977657 0.125000 46.436886 
106.963164 104.063209 68.086609 107.716456 2.948047 0.125000 42.776318 
108.121827 66.678612 71.861096 67.264547 4.214019 0.125000 58.145323 
103.182618 79.502536 64.448101 81.122688 5.100108 0.125000 57.129921 
108.861716 81.980617 112.468708 99.510044 6.408986 0.125000 11.960853 
17.719020 97.382858 22.647320 77.062309 5.117446 0.125000 24.089710 
163.059936 110.342211 174.563759 107.695405 2.436345 0.125000 2.576231 
133.115664 108.195657 107.153744 104.765355 4.045163 0.125000 16.468221 
162.615402 0.600699 161.130337 108.131979 3.490719 0.125000 171.593866 
114.343102 102.060833 158.091510 109.570112 2.151474 0.125000 35.284902 
154.321183 111.026680 134.344818 108.350279 1.647910 0.125000 4.336995 
0.597229 48.521692 29.381177 50.536768 2.581191 0.125000 19.604676 
59.373160 79.404066 35.639140 77.901635 1.879267 0.125000 13.710934 
34.300560 75.337951 65.653089 77.761640 1.818162 0.125000 13.631274 
68.807844 0.623061 68.641136 49.376765 1.412413 0.125000 53.446894 
30.642962 50.277032 61.874268 51.889181 1.506093 0.125000 1.967896 
