29.281024 38.828957 43.282118 40.698051 6.360445 0.125000 9.741766 
30.560299 76.077633 9.210499 73.025804 3.358501 0.125000 19.604676 
45.499151 48.907563 36.773785 47.504384 6.170716 0.125000 2.835356 
46.655586 45.640051 46.406386 0.613757 7.700509 0.125000 123.997158 
10.675884 73.164042 0.592910 73.562058 2.843184 0.125000 6.486214 
34.412014 52.849475 0.600521 48.307215 2.829323 0.125000 30.691227 
66.637701 -0.097882 63.225868 12.821530 7.000329 0.125000 22.582372 
36.503421 47.605746 15.522785 43.669870 4.222853 0.125000 22.445353 
77.212657 6.618896 77.942654 0.455356 6.500660 0.125000 2.847294 
23.624027 33.768395 28.917037 39.946424 6.236843 0.125000 5.664267 
0.548923 51.249676 24.551846 54.172901 3.269147 0.125000 24.738389 
0.582558 88.713658 45.717546 85.817066 5.023191 0.125000 43.754558 
25.354056 54.710321 34.063298 56.198801 7.424163 0.125000 2.278091 
174.334080 41.046176 155.639101 39.229858 1.359159 0.125000 1.970764 
32.886205 56.664506 40.765549 55.970335 6.225885 0.125000 6.467797 
8.783468 35.340981 15.902894 32.595663 6.014373 0.125000 1.967896 
69.171922 11.581237 75.155004 7.445129 4.112898 0.125000 4.336995 
154.378992 36.807967 174.382487 37.999290 2.792830 0.125000 2.089640 
174.368776 50.407004 151.851443 51.049857 2.356294 0.125000 3.521151 
140.609501 17.966126 158.065312 16.263179 1.389944 0.125000 1.067674 
42.014934 91.507979 31.812825 92.177289 6.318424 0.125000 7.673113 
146.803384 48.603981 174.357374 47.627590 3.349248 0.125000 10.694409 
148.147570 54.661926 174.431588 52.594378 2.786374 0.125000 16.423266 
149.361907 43.214680 174.386930 42.932300 2.683193 0.125000 2.675768 
86.875271 48.128714 131.909392 44.846946 3.104131 0.125000 33.076012 
104.366351 57.089875 124.373034 57.208005 2.499956 0.125000 3.012505 
166.851224 45.146835 153.073135 45.831929 2.372760 0.125000 3.456020 
41.919088 80.804571 29.261390 83.912263 3.343797 0.125000 10.310893 
57.929383 64.966779 73.077430 60.464933 2.040317 0.125000 0.218275 
3.913125 30.469707 5.712956 39.603971 8.083478 0.125000 3.307159 
103.085754 56.615208 81.940645 59.809542 3.334498 0.125000 5.552885 
141.786489 8.670094 153.170909 7.240624 1.857595 0.125000 1.970764 
121.941848 42.615099 85.649222 45.893168 2.947672 0.125000 20.819437 
110.621461 49.239019 85.605873 49.889978 1.737327 0.125000 6.829207 
86.927758 22.250019 100.755788 20.304680 2.146206 0.125000 1.697763 
86.876944 52.046096 108.124201 51.804710 1.278319 0.125000 3.776944 
101.862571 19.618077 121.874167 20.641290 1.886673 0.125000 9.642303 
171.858113 19.839232 145.642801 18.885641 2.816422 0.125000 7.030996 
99.372535 43.109596 109.512935 41.487055 2.221786 0.125000 1.067674 
85.625022 38.120187 103.124660 38.199816 1.892038 0.125000 0.164584 
131.838822 47.586170 111.845027 48.928594 2.075689 0.125000 5.172956 
85.615572 33.251871 101.868704 34.459721 1.640583 0.125000 0.797908 
87.026558 26.648015 110.628907 23.151372 2.793584 0.125000 3.770729 
123.148057 35.246983 133.186952 35.859294 2.571464 0.125000 0.797908 
120.557954 37.594183 104.252318 39.653703 2.010375 0.125000 0.883796 
131.886759 32.102440 120.537841 32.689195 2.432125 0.125000 3.456020 
62.936263 12.974515 53.566024 24.726639 5.864166 0.125000 13.088432 
83.057575 43.348698 98.074879 42.362100 2.330732 0.125000 4.232717 
53.896440 26.962264 51.910285 44.520390 6.350895 0.125000 8.511164 
114.337582 61.569915 138.037688 58.663115 2.329235 0.125000 21.838744 
115.555196 7.694544 130.552862 8.971954 1.854481 0.125000 2.576231 
131.884268 54.403872 145.804826 49.935182 3.232462 0.125000 5.468486 
125.602313 22.521842 103.129958 21.733653 1.468308 0.125000 3.370729 
91.808697 0.511698 85.904595 3.966734 4.235523 0.125000 0.797908 
83.128896 64.309292 98.150202 65.199969 3.743425 0.125000 2.402083 
129.391678 52.280659 106.878342 53.206280 2.960036 0.125000 4.092379 
138.106209 58.268694 159.320361 61.042830 2.640975 0.125000 7.475045 
109.386438 15.434631 123.086981 16.257782 1.970733 0.125000 0.820776 
119.375000 13.125000 100.625000 13.125000 1.250000 0.125000 2.873854 
154.356904 9.229554 141.894298 10.780105 1.703428 0.125000 0.164584 
174.482149 100.918519 66.871706 95.692842 6.595191 0.125000 349.137285 
74.606261 59.275296 96.715250 54.830402 2.457359 0.125000 5.882676 
121.888589 9.660306 100.625200 9.360778 1.408334 0.125000 1.697763 
163.148221 59.577723 174.535180 58.273372 2.285522 0.125000 0.820776 
28.987356 65.642614 41.761448 63.647838 9.301679 0.125000 16.008820 
88.060411 94.995128 82.006279 94.364566 3.234316 0.125000 0.164584 
39.321347 96.406068 11.894355 99.544161 2.094457 0.125000 11.124244 
71.715233 121.435025 46.820519 130.474967 1.706601 0.125000 0.731012 
45.956690 120.598458 44.847499 106.737164 4.037173 0.125000 3.141359 
133.145559 101.991212 120.596050 104.211355 1.884158 0.062500 2.108726 
