27.549797 64.092339 35.488369 66.151696 3.587055 0.125000 0.050694 
38.754236 72.108426 33.665625 85.825554 2.948797 0.125000 1.198571 
94.539728 42.087670 83.272251 50.815107 2.964675 0.125000 0.434640 
88.233816 50.290038 96.729580 44.173029 3.327273 0.125000 3.403198 
29.378142 70.672472 56.840585 68.854985 3.072361 0.125000 10.320792 
18.268790 49.401265 18.595079 63.143518 2.677322 0.125000 9.195484 
83.744964 61.657485 88.000254 49.331933 3.136771 0.125000 5.172956 
71.302124 0.620966 70.862001 63.126669 3.494665 0.125000 45.211582 
74.759085 50.639889 75.214945 0.609874 3.909293 0.125000 53.052607 
15.564461 58.754348 6.894683 57.920379 3.732770 0.125000 0.218275 
77.663488 69.383486 77.601417 56.865200 6.293309 0.125000 4.000928 
80.625958 39.461841 119.385028 39.034461 2.899538 0.125000 47.841344 
106.957034 43.388912 95.577809 42.442264 2.387763 0.125000 3.456020 
56.534108 59.373966 56.712288 0.620716 3.844754 0.125000 110.971640 
120.511326 39.396913 120.872790 61.891105 2.780852 0.125000 23.963988 
5.655638 71.827584 5.285894 61.841274 2.683287 0.125000 1.653093 
75.675257 57.255058 80.444741 40.937680 6.700375 0.125000 11.260016 
96.823489 78.669210 86.706543 71.330426 3.869023 0.125000 0.294986 
39.362933 86.651557 55.632986 85.772875 2.698590 0.125000 5.172956 
31.884243 58.913216 55.616321 58.634908 3.881663 0.125000 15.924938 
96.911731 44.845533 106.889574 45.315722 1.601647 0.125000 0.164584 
146.864805 89.098747 80.382437 91.552222 10.772395 0.125000 141.251948 
81.290967 63.395513 86.685321 75.041832 3.761030 0.125000 1.967896 
56.492791 95.636068 56.748233 75.607441 2.659207 0.125000 2.536664 
57.210467 72.942416 41.771181 77.794661 7.018634 0.125000 4.696310 
38.127581 82.405187 54.377196 82.326070 1.329103 0.125000 0.164584 
84.068706 0.609686 84.657465 36.890701 3.087850 0.125000 48.526624 
51.545962 39.413206 53.584203 56.966824 1.962534 0.125000 1.034919 
95.800979 80.564008 109.618316 78.518973 3.665032 0.125000 1.036501 
149.350814 82.165964 168.075338 83.722438 3.633562 0.125000 22.608456 
118.028415 65.433254 115.534622 50.432223 3.084266 0.125000 1.967896 
110.199877 77.776363 117.003376 69.480279 2.280878 0.125000 1.697763 
112.796126 50.419355 116.163986 65.504669 2.854143 0.125000 1.198571 
51.877572 61.966031 35.605246 62.425713 1.602478 0.125000 1.970764 
51.353328 56.926877 49.728701 40.589826 2.364034 0.125000 10.529091 
148.488317 65.616715 148.802367 79.388059 1.534659 0.125000 5.583124 
168.142064 65.244607 149.373758 64.402685 2.665539 0.125000 12.933632 
2.416942 10.626141 2.306441 63.125908 1.355236 0.125000 27.257284 
142.566802 75.599544 142.052228 86.883082 2.611296 0.125000 2.510782 
68.470786 99.047385 60.530319 97.306974 3.395419 0.125000 0.797908 
110.627908 36.875203 113.153443 0.714288 3.305438 0.125000 15.594179 
166.882843 87.458879 159.372288 87.491000 4.989262 0.125000 1.454630 
158.988506 88.640996 147.680616 90.843831 8.110527 0.125000 13.631855 
68.252003 68.119016 68.611671 0.620933 1.609655 0.125000 42.609814 
165.632326 9.307810 150.617418 9.400805 2.592853 0.125000 17.641629 
68.343054 88.126150 68.448512 68.126706 2.539513 0.125000 3.012505 
128.759997 67.046850 142.248357 74.991084 3.482272 0.125000 3.294530 
168.262559 0.591640 169.104277 35.601456 3.929182 0.125000 18.246374 
148.763043 11.874269 148.710752 55.625700 1.302288 0.125000 45.319084 
141.706357 50.660661 143.315004 1.881266 3.953963 0.125000 75.877376 
125.565165 79.786630 140.610659 81.973656 2.315868 0.125000 9.195484 
25.703031 85.117807 11.895230 82.993507 2.851076 0.125000 1.454630 
145.609120 57.620836 165.628630 56.990255 1.760975 0.125000 9.642303 
80.777832 35.622241 80.145753 0.611085 1.475430 0.125000 14.614024 
142.262415 71.868515 141.927389 51.853200 3.937756 0.125000 9.752547 
114.865175 0.625646 114.835540 23.125607 1.276341 0.125000 4.680034 
147.032990 75.585938 144.267712 64.401526 2.726943 0.125000 1.720471 
78.125000 19.375000 78.125000 34.375000 1.250000 0.125000 0.164584 
136.907184 74.308275 122.817559 67.512406 2.172185 0.125000 6.102063 
120.881510 68.091357 122.192041 78.083418 3.093156 0.125000 2.510782 
168.092940 93.317099 160.593215 92.065452 2.260125 0.031250 1.681407 
57.923671 120.339237 67.302395 113.731638 2.858584 0.125000 0.218275 
91.018464 32.451799 86.125011 14.580357 4.822486 0.125000 8.604442 
145.332769 7.745134 155.239501 0.123896 2.438628 0.125000 5.583124 
72.913390 120.196464 79.923147 116.735065 5.590101 0.125000 3.048414 
94.300566 117.753147 109.456905 118.283256 5.346491 0.125000 4.725987 
17.659525 23.108461 18.280535 5.630526 1.382369 0.125000 1.970764 
18.125000 45.625000 18.125000 25.625000 1.250000 0.125000 3.776944 
0.625000 44.375000 0.625000 29.375000 1.250000 0.125000 0.164584 
110.332517 117.049921 123.065764 119.663584 4.897884 0.125000 4.191864 
89.356600 0.625829 90.146369 18.146575 2.891481 0.125000 4.304398 
55.047724 140.731562 57.071098 127.958058 2.408006 0.125000 3.370729 
