11.473202 9.368472 10.640097 60.645554 5.141484 0.125000 56.591559 
73.204506 31.856363 73.625454 61.885507 3.854756 0.125000 32.586469 
73.465152 6.889171 73.855034 31.922035 5.155123 0.125000 13.672899 
69.926126 70.599511 68.247858 34.311507 3.479063 0.125000 46.017645 
24.405272 10.697447 16.878112 10.503943 2.627669 0.125000 3.776944 
28.660238 21.907331 28.206274 11.871324 2.836352 0.125000 3.456020 
46.557354 36.690659 53.666124 38.809603 7.060784 0.125000 5.091660 
67.553536 29.343076 66.555964 8.140010 6.360585 0.125000 14.350877 
62.719368 8.121187 62.849220 36.876245 2.533842 0.125000 30.869644 
6.487354 68.129393 5.722134 0.609733 3.693096 0.125000 54.736471 
57.449537 35.778048 56.307506 12.083091 7.325933 0.125000 47.890834 
35.303863 58.159908 34.214941 48.142399 5.375964 0.125000 0.553250 
35.188473 73.125129 35.184398 59.374760 1.254075 0.015625 4.679098 
128.333343 26.816794 129.099274 13.109593 3.883637 0.125000 11.925485 
38.496854 13.142315 38.940323 35.633571 5.171522 0.125000 47.018313 
109.425890 4.753895 90.666888 3.657988 2.860251 0.125000 16.442587 
32.579227 50.689624 33.135667 23.100005 6.601605 0.125000 65.432004 
106.917255 30.856667 126.935270 27.205434 4.362024 0.125000 17.893882 
18.084136 22.301653 26.991867 23.154829 2.726969 0.125000 0.797908 
129.895222 75.581943 127.634631 48.269044 3.831852 0.125000 32.348060 
128.168684 48.255495 118.073450 39.433993 4.112530 0.125000 9.563678 
36.831594 1.178206 61.873583 3.143063 2.858512 0.125000 22.232338 
19.591427 39.367426 20.029867 51.895827 2.760778 0.125000 6.102063 
144.052965 28.175705 146.195796 41.785127 6.300090 0.125000 13.859387 
60.631438 74.920885 36.870001 75.201133 2.661986 0.125000 21.207173 
79.511053 17.027361 90.738264 7.001840 3.729486 0.125000 4.824161 
33.927602 21.915089 34.618906 8.074747 2.185098 0.125000 2.576231 
174.469872 60.629134 165.581042 59.952257 2.777518 0.062500 0.805318 
30.630214 26.436971 18.122703 26.517294 2.556139 0.125000 2.560371 
127.353363 13.875341 117.732302 20.009030 3.359836 0.125000 6.985969 
47.282046 39.371237 47.582501 71.868459 2.523006 0.125000 30.569928 
84.490828 50.615151 81.958201 20.830503 12.586339 0.125000 67.535214 
114.051390 76.880747 113.318708 35.621560 4.954824 0.125000 49.363635 
146.956476 63.123387 147.426407 86.864085 3.922432 0.125000 14.632986 
173.306022 4.735192 165.312219 8.752637 2.806560 0.125000 3.776944 
63.462305 49.383000 62.898652 73.149277 5.472792 0.125000 15.032000 
108.126254 6.856529 134.509245 8.648295 4.395630 0.125000 19.302251 
21.861763 54.646136 33.145893 55.197048 2.801799 0.125000 0.797908 
105.629636 76.611537 85.613838 76.259354 1.579666 0.125000 11.001664 
116.777622 73.749466 126.920819 75.331171 2.277553 0.062500 0.805318 
161.795926 9.277225 146.292720 25.032056 3.620799 0.125000 5.729293 
108.126811 10.649936 107.778347 28.142995 5.123485 0.125000 12.116880 
107.377895 34.382922 107.828475 76.878144 3.842561 0.125000 46.916889 
20.350964 56.847354 20.811903 73.119706 2.782150 0.125000 13.675756 
45.106940 70.627169 45.141148 39.374470 2.499999 0.125000 30.569928 
146.507756 18.381378 150.244656 5.514537 2.246289 0.125000 0.218275 
136.332683 10.620962 136.239536 23.129576 1.333737 0.125000 1.697763 
114.329027 27.046443 116.671424 10.596013 5.126281 0.125000 4.349582 
152.321009 73.361272 150.994841 61.832457 4.153973 0.125000 7.782856 
2.309642 38.128839 2.552720 10.608904 2.499902 0.125000 23.245778 
93.928192 55.625478 93.946920 73.125458 2.509362 0.125000 10.310893 
163.957997 36.246799 174.063451 29.538745 4.848116 0.125000 0.891631 
145.638564 79.707959 103.107302 81.440568 3.187218 0.125000 28.108197 
117.089251 36.874192 117.192920 64.373801 1.334812 0.125000 9.195484 
59.039649 123.423470 56.875176 102.861813 7.851371 0.125000 41.647343 
165.962844 61.753042 167.027410 75.613294 3.643261 0.125000 9.449320 
46.875000 14.375000 46.875000 34.375000 1.250000 0.125000 3.776944 
83.930142 10.663191 84.409032 0.567322 3.982693 0.125000 2.847294 
91.912821 6.322925 106.927985 7.351576 2.066984 0.125000 5.583124 
17.734162 80.294833 15.117578 123.017365 12.960141 0.125000 118.689604 
60.625000 70.625000 60.625000 43.125000 1.250000 0.125000 9.195484 
55.164805 142.638051 58.266696 123.781438 9.039756 0.125000 12.474044 
37.417419 49.358458 38.066042 70.626798 1.706664 0.125000 9.642303 
83.847243 71.877600 83.748668 51.871927 1.348531 0.125000 11.904754 
68.140539 78.483627 41.885669 79.621225 1.627602 0.125000 14.614024 
151.314542 83.134357 151.168150 74.365932 2.520518 0.125000 2.873854 
41.157994 96.798080 38.051926 125.751259 4.752410 0.125000 25.242931 
101.906496 81.188228 88.128149 80.556346 1.535015 0.125000 1.067674 
32.499690 121.919035 30.816952 98.023457 7.218048 0.125000 27.685880 
30.341306 139.283793 31.308675 123.016985 5.719542 0.125000 7.110377 
164.393876 86.467332 153.110189 85.944874 2.555140 0.125000 4.336995 
38.792108 125.676722 39.143567 138.131531 6.212254 0.125000 2.965374 
133.294243 53.204340 133.974263 73.181192 5.294787 0.125000 19.897954 
174.507779 88.409030 164.524583 87.036777 3.034188 0.125000 2.510782 
69.640550 98.118536 69.184394 79.379640 2.681776 0.125000 1.668182 
18.128903 5.558688 33.150435 6.442897 1.761999 0.125000 5.583124 
157.856720 92.255847 149.066123 86.063477 4.807496 0.125000 1.349337 
72.449405 79.341026 74.152632 108.138152 3.307473 0.125000 22.582372 
89.449623 71.875422 89.456386 50.624628 2.506762 0.125000 20.935654 
45.126153 34.370070 44.994882 14.370931 1.381247 0.125000 11.001664 
59.364878 5.698721 48.154586 4.159521 1.578447 0.062500 0.616176 
100.086867 63.953953 96.340543 55.872767 4.536257 0.125000 0.923527 
103.659330 72.244785 99.283683 63.776310 5.090050 0.125000 10.225862 
89.357238 78.620562 108.127927 79.293350 1.920813 0.125000 2.249350 
32.645408 98.258088 31.843674 87.838857 7.381994 0.125000 16.720712 
6.892922 79.942841 0.609729 80.141153 1.446544 0.031250 0.983154 
9.230619 61.884531 10.221913 76.901608 1.658959 0.125000 4.680034 
156.531170 80.406645 154.823113 73.318226 3.020653 0.125000 1.067674 
4.375000 41.875000 4.375000 66.875000 1.250000 0.125000 7.389304 
58.053869 87.150206 49.246100 84.873715 3.317888 0.125000 0.218275 
145.800086 89.545001 131.809837 87.276951 2.667816 0.125000 2.036308 
