35.345523 85.536331 0.306920 92.851426 4.692685 0.125000 46.106582 
85.677317 93.130676 86.080557 0.605195 6.260836 0.125000 124.170591 
56.496625 79.375830 56.359572 16.873389 5.005470 0.125000 100.431410 
57.237145 5.678232 62.706565 9.404394 3.802926 0.125000 1.697763 
58.783338 17.657464 64.838403 26.183622 4.800349 0.125000 1.036501 
53.940804 17.789131 40.249146 -0.046061 4.176417 0.125000 17.521146 
64.150736 26.864518 63.777370 79.379638 6.605318 0.125000 176.538183 
123.394763 48.134382 122.940084 0.626770 4.192451 0.125000 64.596793 
44.901027 0.208890 54.223947 11.994489 3.306864 0.125000 15.517114 
174.389521 82.412185 88.101205 84.744762 5.842380 0.125000 163.457327 
35.595759 0.611153 36.574304 86.878411 4.231813 0.125000 189.589408 
101.832400 6.489364 111.711845 5.398024 3.033874 0.125000 0.883796 
12.005099 84.015322 28.273048 81.638152 4.947458 0.125000 20.569150 
105.473479 10.624541 105.486534 41.876102 6.254699 0.125000 57.942967 
0.567901 85.263286 11.892256 84.862089 4.101705 0.125000 11.964570 
89.375155 94.015484 174.376221 94.052243 5.028650 0.125000 180.456752 
173.887053 63.130456 174.026805 75.628893 2.513820 0.125000 7.389304 
115.382171 33.157939 114.338023 25.460456 5.122645 0.125000 2.249350 
134.367483 50.431585 125.533667 50.774898 3.844257 0.125000 9.195484 
173.523127 45.561121 172.383648 60.756875 3.832972 0.125000 16.200067 
109.851290 49.533571 98.568078 44.609677 3.499700 0.125000 9.438675 
91.069597 25.660716 92.183142 11.799336 2.692163 0.125000 5.946800 
37.522390 13.560129 48.680932 22.425248 2.506784 0.125000 0.426994 
0.371254 111.231392 39.453119 95.823144 2.504908 0.125000 43.480279 
51.867523 98.105775 61.156992 94.492845 6.278050 0.125000 1.232649 
0.498196 51.294918 28.189105 56.536329 2.092280 0.125000 14.495760 
0.494910 57.891468 26.951478 61.277431 2.033303 0.125000 17.641629 
26.973075 63.567500 0.655835 60.371122 1.914099 0.125000 14.971112 
0.537571 44.726133 28.190613 51.611484 1.841484 0.125000 10.225862 
105.625460 79.422158 120.636218 79.275839 1.250000 0.015625 10.098574 
11.896532 67.592263 0.614440 67.136272 1.703303 0.125000 0.820776 
28.125886 78.134357 13.141925 79.553681 1.833809 0.125000 0.820776 
0.409113 38.901433 24.390449 45.569437 2.009153 0.125000 12.933632 
28.251116 53.847612 0.542145 47.221481 1.797162 0.125000 14.686571 
135.227353 34.369327 135.318926 48.127037 2.566504 0.125000 5.096564 
28.235499 58.751495 0.499002 53.835957 1.963165 0.125000 11.964570 
28.184004 49.166069 0.753658 41.419430 2.038358 0.125000 18.201342 
0.609791 64.616862 26.912990 66.270850 1.789048 0.125000 18.226384 
39.070076 96.106992 66.032733 85.401952 2.802067 0.125000 19.023505 
121.876005 79.574848 158.125088 79.392494 1.325442 0.125000 13.710934 
13.132770 76.994165 26.905717 76.096078 1.735364 0.125000 2.873854 
3.276300 20.302052 29.603901 32.636412 2.161496 0.125000 10.695739 
28.625334 34.511707 1.072613 22.129016 2.344605 0.125000 7.949579 
28.748196 29.376721 0.740345 15.393961 2.250266 0.125000 7.190052 
12.803015 30.042706 29.410541 38.051298 1.708897 0.125000 0.050694 
13.356904 36.317588 28.360253 42.559540 1.590665 0.125000 1.697763 
28.518861 44.467491 0.822868 35.043491 2.292907 0.125000 8.959915 
26.882503 73.585255 11.871982 73.442638 1.368702 0.125000 0.164584 
1.825428 13.223561 27.297534 26.034899 2.273028 0.125000 10.695739 
0.896942 6.364893 24.579983 18.990494 2.129311 0.125000 5.882676 
0.741822 32.719445 11.794827 35.903323 2.056318 0.125000 1.970764 
28.389185 40.073415 13.266206 32.830179 1.714769 0.125000 3.456020 
0.488375 26.027510 12.097947 29.968178 1.628765 0.125000 0.164584 
0.997637 -0.017957 24.741258 13.743049 2.224592 0.125000 8.275987 
26.012468 22.399377 1.818714 9.480409 2.066108 0.125000 6.677210 
56.892716 108.210203 56.272754 99.243784 5.246758 0.125000 1.783865 
26.039056 12.535403 8.440158 0.176229 1.655291 0.125000 2.560371 
166.993395 7.060898 173.138949 3.146902 3.162987 0.125000 1.067674 
69.331952 84.940579 83.130753 84.633506 2.499381 0.125000 2.680153 
26.095658 17.317748 0.911130 2.634242 1.976546 0.125000 7.475045 
10.615788 71.505138 26.886828 71.099904 1.623076 0.125000 7.870688 
68.090863 96.193914 83.178264 95.437721 3.122590 0.125000 11.086358 
68.131051 64.135766 83.121461 64.514914 0.845841 0.062500 0.616176 
141.380992 16.894123 140.992598 6.860770 1.539175 0.125000 1.067674 
158.963517 75.483267 164.112493 60.534581 3.177877 0.125000 6.281913 
84.830830 123.177272 86.860254 105.479966 6.066897 0.125000 28.460202 
30.588410 29.374651 30.278191 61.871689 1.464719 0.125000 12.807844 
64.781404 104.340175 65.045199 116.887190 3.827996 0.125000 3.294530 
167.778411 54.364481 167.877183 39.373367 2.557596 0.062500 2.034583 
51.875000 50.625000 51.875000 29.375000 1.250000 0.125000 2.576231 
