147.733684 104.376892 147.298450 14.378997 3.895036 0.125000 130.228575 
147.186956 14.415659 147.546326 0.609937 6.377992 0.125000 8.542745 
148.047746 119.430655 147.415480 104.352337 2.707282 0.125000 8.567595 
169.295842 69.181129 174.454241 69.567755 2.773286 0.125000 0.164584 
174.467021 64.264348 168.077172 63.832203 2.662992 0.062500 0.616176 
150.617065 39.301982 172.021808 36.975983 3.728053 0.125000 10.033387 
90.612727 121.394662 146.857946 119.957559 3.429497 0.125000 62.931282 
166.490143 25.567449 164.789961 36.937052 3.708763 0.125000 0.434640 
174.520731 75.046840 155.592082 73.537947 4.036127 0.125000 8.524990 
0.617721 121.280399 84.381215 120.949851 4.777989 0.125000 108.005862 
174.378810 80.452577 150.612793 79.927369 1.663952 0.125000 15.517114 
150.008900 -0.138169 163.674873 11.212993 4.970678 0.125000 7.963887 
174.824729 6.211536 165.089240 13.676263 3.042376 0.125000 1.229414 
174.386790 117.684743 151.836013 117.080836 2.432178 0.125000 18.201342 
87.209428 0.619738 89.038684 116.880292 1.839801 0.125000 84.099850 
154.357417 115.279991 174.432685 114.256861 2.942123 0.125000 22.741834 
148.124976 123.161761 113.124991 123.138802 1.259019 0.125000 12.304394 
85.139211 38.126468 85.025867 0.623033 1.363328 0.125000 24.548014 
150.625000 109.375000 174.375000 109.375000 1.250000 0.125000 6.486214 
87.016766 116.871041 85.306746 55.633887 1.633326 0.125000 42.609814 
147.851543 140.623102 147.955666 125.623825 1.900971 0.125000 0.164584 
