128.162864 18.410012 158.144621 17.670462 4.906008 0.125000 41.178160 
159.108407 19.206123 163.214791 12.723712 4.549626 0.125000 0.218275 
163.561716 13.053524 167.194405 8.372894 3.749149 0.125000 1.067674 
119.183908 40.520672 118.180628 54.379027 3.649953 0.125000 3.782874 
127.140935 48.189517 127.676481 35.605911 7.174313 0.125000 2.882123 
126.969247 55.631453 127.005223 48.137627 4.392945 0.125000 2.576231 
112.531177 71.744754 116.888647 51.877993 2.827790 0.125000 2.402083 
168.091404 10.711973 167.399789 0.504745 4.819556 0.125000 1.349337 
127.906740 35.689864 127.182954 19.306174 7.547860 0.125000 23.389951 
78.120839 0.618758 77.959025 33.130395 2.655501 0.125000 48.028354 
65.905798 43.429424 74.083951 69.466418 5.657022 0.125000 23.617113 
130.768140 0.586272 130.239367 15.698979 4.053670 0.125000 22.741834 
54.257316 42.129478 65.352800 47.260624 4.538216 0.125000 9.563678 
126.158689 61.968758 127.085631 56.692405 3.092296 0.125000 0.164584 
126.550068 18.125361 126.537551 6.873985 1.262515 0.031250 3.475914 
107.082967 76.898473 106.321842 43.109303 2.724566 0.125000 8.505876 
113.616204 18.160909 114.915314 0.390357 5.533518 0.125000 0.859619 
57.755484 0.600596 57.566887 13.116590 2.631551 0.125000 5.219043 
67.471629 64.925941 62.713208 80.875079 4.056793 0.125000 7.190052 
55.696249 13.867646 20.601898 12.444799 4.253299 0.125000 45.531538 
66.762145 36.842889 99.339817 33.975300 4.432716 0.125000 5.117963 
108.694449 45.607790 109.261751 64.378423 1.664804 0.125000 3.403198 
23.161520 8.373362 53.167207 9.467365 3.428698 0.125000 37.910273 
0.395949 14.346743 9.524793 12.710943 3.122234 0.125000 5.583124 
52.078146 69.437174 48.608714 80.773045 3.317797 0.125000 8.567595 
59.684652 71.125602 54.090300 68.814010 3.265236 0.125000 0.164584 
133.191946 79.674570 88.114072 81.622062 6.398125 0.125000 56.810818 
20.622847 98.166997 2.813382 80.906759 6.338675 0.125000 26.985008 
53.768431 8.142887 53.545287 0.575746 2.683137 0.031250 4.552599 
131.082940 58.347368 140.849625 38.234074 3.308487 0.125000 8.991506 
155.725697 20.731565 137.744619 37.722451 1.917156 0.125000 9.378608 
138.910055 37.839245 129.476929 53.187646 2.784407 0.125000 3.521151 
34.857148 22.942078 30.227506 42.375872 3.647916 0.125000 4.032282 
10.520888 12.482698 29.360384 15.710313 3.097330 0.125000 5.101639 
18.149653 11.875357 18.312650 0.609630 2.644407 0.125000 5.219043 
46.892053 2.665571 29.416129 2.016913 2.730103 0.125000 11.416468 
174.962174 24.818826 166.369041 36.187396 4.499032 0.125000 7.931512 
22.339311 0.592078 22.073499 6.935695 2.707136 0.015625 2.951974 
151.540453 30.421641 156.773242 21.813145 2.366713 0.125000 0.820776 
76.619361 110.597004 77.046304 125.760953 11.210364 0.125000 60.372056 
72.706782 0.622442 72.492693 35.628778 1.456378 0.125000 25.670416 
150.671934 65.846436 174.415065 60.814026 2.518747 0.125000 17.143730 
126.736789 103.224902 127.891050 90.379336 7.469904 0.125000 10.694409 
72.124857 83.150502 70.558105 98.500919 13.323855 0.125000 32.408067 
78.968951 125.921017 74.954602 144.340988 12.855187 0.125000 24.982336 
155.535594 80.195246 141.812387 78.699436 2.214388 0.125000 6.486214 
88.140974 81.142599 73.111732 81.021493 5.060271 0.125000 9.277472 
115.176562 133.502178 111.259730 102.883897 8.679271 0.125000 66.008158 
16.761732 108.031063 22.889105 100.642705 2.146631 0.125000 0.164584 
140.639334 78.676545 134.328626 78.840548 2.499156 0.031250 1.681407 
113.858227 143.189862 113.724376 134.384891 8.767989 0.125000 4.000928 
111.222255 103.064443 115.951271 90.750298 7.001462 0.125000 3.749070 
164.402527 81.724040 155.713503 80.139640 2.235213 0.062500 0.616176 
6.806029 91.953501 16.082765 100.103979 2.817140 0.125000 1.855669 
129.731096 133.059929 131.178495 140.980694 3.688916 0.125000 0.883796 
174.382710 86.318128 154.369240 86.041032 1.509458 0.125000 12.304394 
43.172187 80.926055 26.838261 80.113845 3.055635 0.125000 17.321641 
167.794029 141.843099 158.025614 129.164669 6.622921 0.125000 0.747318 
150.570500 104.442238 142.232515 97.683920 3.700309 0.125000 0.923527 
126.906114 119.375086 126.947772 104.371731 2.527756 0.125000 4.339063 
90.582707 69.138107 104.773067 66.604644 7.251181 0.125000 4.824972 
138.932913 88.567589 131.429372 81.072552 5.306307 0.125000 8.084162 
18.133749 78.231903 6.755359 79.163111 2.491670 0.125000 0.883796 
80.620944 64.486607 95.646527 65.032728 1.612396 0.125000 2.576231 
174.932738 38.611221 167.899772 46.678652 2.518905 0.125000 0.797908 
88.273093 51.505606 104.218223 57.898128 13.003026 0.125000 15.394742 
67.517777 28.121113 67.469722 35.628807 1.297979 0.125000 0.164584 
161.213110 56.496973 151.722085 62.898278 2.434232 0.062500 0.275019 
