132.063898 46.978381 111.761537 49.812077 4.750759 0.125000 20.494369 
57.050968 49.875835 0.368482 55.572718 7.481254 0.125000 116.974537 
36.872802 64.142305 18.124475 64.319397 2.547115 0.125000 2.486513 
174.426071 76.027468 154.348328 74.817624 2.871404 0.125000 14.486264 
174.370340 45.688432 143.014078 43.384885 5.261311 0.125000 20.900715 
113.188211 48.271640 103.095736 48.728419 2.723509 0.125000 3.776944 
66.824499 38.557977 128.115472 45.706693 5.194226 0.125000 81.921493 
156.883130 48.303003 174.403673 47.502821 1.647904 0.125000 3.776944 
121.921791 79.904969 81.685555 77.290249 8.020149 0.125000 71.727084 
76.884564 50.801533 64.421145 51.476754 2.766824 0.125000 0.883796 
162.236143 5.513295 160.631357 18.282889 4.805113 0.125000 4.634728 
34.349333 69.060088 16.762402 70.493495 1.866737 0.125000 0.218275 
80.768887 77.669067 36.879495 75.532654 6.485707 0.125000 66.750258 
24.396948 57.450110 43.119679 56.735584 2.736530 0.125000 10.285789 
16.946240 72.043804 5.662865 71.300338 3.906256 0.125000 1.702576 
165.620731 19.600091 174.380083 19.583652 6.261719 0.125000 12.806661 
151.846674 79.420829 174.393006 78.890470 2.910848 0.125000 13.956256 
131.569060 39.535616 0.260241 11.056816 6.799703 0.125000 256.537099 
0.382185 25.695173 66.688201 37.890614 4.818713 0.125000 139.063510 
115.668445 59.494208 116.455149 75.706032 12.061200 0.125000 34.442671 
64.316596 51.459020 48.036515 53.744771 2.301920 0.125000 3.403198 
124.886454 109.419563 130.140824 49.114987 11.801808 0.125000 170.210281 
0.643328 68.258077 16.928730 66.015115 3.329373 0.125000 4.557628 
19.317092 94.762046 118.465932 109.596282 6.804069 0.125000 176.561099 
166.891530 82.986636 150.614072 82.792830 2.663524 0.125000 12.807844 
61.900768 49.717899 103.105941 46.621381 1.714844 0.125000 25.670416 
73.030463 75.829566 74.975055 52.963424 6.968966 0.125000 48.120766 
98.080171 45.031221 58.025362 48.055242 2.516012 0.125000 17.991916 
0.493073 42.179723 46.715026 35.728767 2.677315 0.125000 52.332758 
96.124557 50.071180 93.266504 73.296237 8.073802 0.125000 53.076789 
87.805440 71.908007 88.561472 50.596140 3.924904 0.125000 30.257893 
153.448652 113.184312 175.532326 121.177545 7.823979 0.125000 44.293017 
64.613377 52.944196 63.787256 63.277874 6.528961 0.125000 23.245778 
104.447885 75.642743 104.585920 55.626455 6.301571 0.125000 28.898661 
169.893379 73.170945 171.671690 53.106980 2.821310 0.125000 11.964570 
145.219420 41.947776 143.748919 109.524580 14.071850 0.125000 328.306309 
44.233641 58.974667 42.426498 70.898041 6.179428 0.125000 22.163170 
161.798272 20.589154 162.113633 41.908451 10.109836 0.125000 38.399202 
55.645671 113.450836 83.114417 111.708180 1.643205 0.125000 13.710934 
39.223800 90.547333 68.296288 94.296917 3.758604 0.125000 35.748427 
160.893283 50.649715 159.169964 69.356111 1.250000 0.125000 0.820776 
13.813108 103.923054 21.403466 97.378399 9.891854 0.125000 24.365445 
8.110165 92.475803 18.165765 92.724102 2.499238 0.125000 0.797908 
155.447666 73.222344 157.503477 50.568597 3.847626 0.125000 35.892993 
167.984475 53.111657 166.080056 73.168209 2.906095 0.125000 16.275264 
69.265158 93.929040 99.218437 98.021034 4.053877 0.125000 23.646220 
53.900970 65.782940 54.795348 54.310322 3.835809 0.125000 7.689797 
66.837387 40.275056 0.547085 47.400088 2.352100 0.125000 65.459161 
24.372708 90.779938 39.387914 91.002066 2.647646 0.125000 5.946800 
46.741003 80.221939 39.987423 82.467159 5.139014 0.125000 4.248691 
28.522913 111.684057 35.344292 107.650302 4.940075 0.125000 2.847294 
159.385897 110.415021 174.410303 111.194754 1.377890 0.125000 0.164584 
