0.490452 25.463466 22.987895 26.757900 4.605437 0.125000 36.846700 
42.952780 70.889012 37.992373 44.167578 5.284025 0.125000 33.505797 
37.652063 43.976148 48.241017 46.359561 4.999495 0.125000 2.536664 
64.296976 48.125169 64.361894 78.127733 2.559496 0.125000 30.047395 
21.061717 4.253077 28.425866 1.402162 2.975928 0.125000 2.873854 
17.242144 18.099708 16.544708 7.975533 7.138640 0.125000 5.552885 
43.365310 89.507682 44.950395 71.703653 5.977938 0.125000 13.507197 
66.890345 76.650760 174.485267 84.013650 5.572009 0.125000 162.388067 
27.972523 17.400375 20.286773 19.017631 3.753068 0.125000 0.797908 
63.129303 78.406222 46.874072 78.334018 2.566603 0.125000 12.807844 
18.634382 38.057043 19.791414 68.012353 10.089040 0.125000 50.566273 
174.432847 89.906046 65.582925 81.147931 6.702439 0.125000 193.477770 
30.623146 70.737416 0.590081 70.242038 5.246703 0.125000 23.008649 
83.973025 46.874159 84.069752 0.624362 1.346724 0.125000 19.423771 
161.852469 39.115737 85.527114 45.748611 2.385480 0.125000 76.594594 
31.919606 31.995601 32.400897 21.840681 2.436618 0.125000 0.797908 
81.376073 0.624151 81.297387 46.876144 1.326555 0.125000 19.423771 
43.929291 43.127888 43.653879 0.621573 1.525339 0.125000 46.222174 
16.410163 -0.352969 0.246923 7.329566 3.442635 0.125000 10.390293 
64.422096 81.876219 63.937006 100.613661 2.693264 0.125000 8.739380 
46.879096 81.529573 61.876987 81.707406 1.368476 0.031250 3.914505 
83.132380 48.213692 159.374568 41.869810 2.284089 0.125000 62.922945 
46.462832 0.603897 47.533399 43.108417 3.034265 0.125000 56.379718 
21.875009 80.625193 40.642588 79.753802 1.828414 0.125000 8.756152 
0.616884 83.876314 15.633250 83.631939 1.493911 0.125000 9.195484 
39.364005 106.873496 41.736439 89.527009 3.376647 0.125000 9.711716 
64.603623 44.373841 64.381890 0.618631 2.594984 0.125000 35.831311 
40.598800 81.635592 26.876349 83.137328 1.650532 0.125000 1.970764 
72.962116 138.472934 60.789205 132.774244 1.348461 0.125000 1.067674 
5.491119 6.888074 7.098472 23.347318 3.853738 0.125000 0.542782 
162.672957 0.616285 161.949817 38.126442 1.731641 0.125000 29.245104 
71.520005 58.117460 71.174452 74.386670 1.515154 0.125000 8.292394 
