27.945252 16.991924 32.859993 24.547384 2.828091 0.125000 1.697763 
9.216868 38.967098 27.379372 31.926034 2.854644 0.125000 11.124244 
6.878175 83.294308 55.634469 82.379913 3.960291 0.125000 52.011510 
26.480021 37.481938 22.260480 48.275694 6.731249 0.125000 1.653239 
55.894310 86.115508 15.318453 92.393831 7.910949 0.125000 85.361942 
6.560513 10.599960 18.319145 13.618783 2.764912 0.125000 5.219043 
25.733612 44.248299 43.850475 59.778703 6.778682 0.125000 22.732525 
22.315822 46.287927 11.923734 53.198288 3.471374 0.125000 12.304394 
118.109191 92.257378 174.314795 94.581179 2.539850 0.125000 23.566930 
14.658199 92.719909 1.884691 94.446686 3.883654 0.125000 5.664267 
29.308001 113.920982 0.448614 118.179720 4.946432 0.125000 34.079326 
71.858838 85.939823 174.371425 84.168154 2.391628 0.125000 90.034915 
131.913606 95.341512 115.625227 93.123333 1.802455 0.125000 5.583124 
171.886770 96.448958 131.848262 95.342878 2.153861 0.125000 35.507777 
153.125000 88.125000 174.375000 88.125000 1.250000 0.125000 4.680034 
41.975136 60.190401 48.630075 80.864786 7.440584 0.125000 33.920454 
148.121201 89.254964 119.360447 90.165137 1.684294 0.125000 17.323294 
174.375000 90.625000 156.875000 90.625000 1.250000 0.125000 1.970764 
4.952969 60.592265 6.156678 81.844887 1.647787 0.125000 2.560371 
174.363140 86.465744 156.877824 86.972464 1.394313 0.125000 1.067674 
67.090018 30.613557 65.494453 0.631947 1.846092 0.125000 9.449320 
68.125000 0.625000 68.125000 15.625000 1.250000 0.031250 3.914505 
88.125000 65.625000 126.875000 65.625000 1.250000 0.125000 17.323294 
