66.801769 121.868960 67.064215 64.370158 6.335516 0.125000 81.217527 
66.870571 63.129292 67.085985 0.621419 2.715371 0.125000 104.019933 
159.395749 117.730161 123.114566 115.823558 4.204018 0.125000 41.894680 
115.636265 115.617166 105.614417 115.708055 3.795189 0.125000 3.508045 
123.112651 115.888501 116.863067 115.837511 3.760074 0.125000 2.873854 
106.977398 115.720031 69.220068 112.372501 6.667143 0.125000 63.733338 
127.946299 110.259654 155.581178 115.841939 4.158500 0.125000 21.844880 
0.613437 120.190330 60.636820 121.041582 2.038880 0.125000 34.902377 
104.586878 102.485662 127.473112 110.070205 6.691642 0.125000 38.114062 
90.826123 92.564474 73.335399 86.288620 2.865195 0.125000 7.917544 
73.107037 85.269454 174.391498 87.303504 3.573557 0.125000 158.681244 
90.645330 95.581319 104.338129 101.954221 3.399809 0.125000 8.614963 
174.385341 117.215928 159.376440 117.270560 3.786375 0.125000 5.595353 
103.077293 97.015681 91.086727 92.949503 3.236428 0.125000 0.923527 
145.704895 96.510524 129.309471 95.699172 5.426367 0.125000 17.893882 
139.178900 18.718534 109.152633 8.798037 3.571156 0.125000 27.125627 
114.209261 98.103715 104.222360 96.756605 3.215055 0.125000 3.370729 
69.405342 86.800494 91.125606 95.645717 2.273500 0.125000 9.449320 
128.084074 96.733897 114.260636 96.223715 7.310487 0.125000 22.494128 
174.472697 92.853014 146.626234 95.634677 8.209677 0.125000 54.706938 
0.623333 124.643424 55.628974 124.984955 1.591465 0.125000 44.466299 
55.625000 123.125000 28.125000 123.125000 1.250000 0.125000 9.195484 
0.624330 35.686815 64.380389 36.377615 1.764562 0.125000 59.768524 
174.415174 20.685956 160.596482 20.219068 2.878458 0.125000 9.438675 
63.832044 39.370078 63.503356 75.628430 1.510562 0.125000 23.963988 
61.627119 83.134166 62.367341 103.153015 1.341524 0.125000 3.776944 
102.125254 122.006522 94.324884 136.848661 2.269543 0.125000 0.664633 
