139.289302 91.401867 160.521938 87.556006 4.581107 0.125000 28.166460 
107.631537 55.943685 113.069494 0.374918 8.152931 0.125000 163.268218 
125.624445 91.858657 138.152441 91.433381 3.917474 0.125000 1.967896 
105.403241 75.186774 110.218440 59.015163 10.553329 0.125000 21.558277 
174.378188 93.808366 139.373118 93.971674 1.401606 0.125000 16.420204 
116.839286 2.273901 164.360515 0.279801 3.126683 0.125000 52.172723 
167.009242 82.607362 129.619856 89.460825 4.344619 0.125000 24.564401 
104.717217 88.363609 106.604229 75.771747 6.551491 0.125000 29.176401 
163.130737 85.663855 174.501965 83.984919 2.838348 0.125000 4.232717 
0.343562 127.393904 98.921194 89.446140 3.231234 0.125000 146.001525 
174.497678 101.635243 126.908647 97.716399 3.839937 0.125000 52.103053 
169.392577 57.254428 111.890779 56.093484 4.127716 0.125000 46.276750 
104.266797 108.114779 106.406545 85.462672 4.203594 0.125000 11.832543 
140.613576 96.418230 174.410573 96.904967 3.767612 0.125000 29.690649 
129.379867 89.275162 109.305698 88.296478 3.258596 0.125000 12.882770 
173.063419 48.114028 172.958773 60.623609 3.802150 0.125000 12.058439 
174.057908 11.860189 172.826331 38.227820 3.804237 0.125000 29.004996 
43.146370 114.431537 0.584843 130.518757 2.522957 0.125000 36.595355 
145.700123 73.880063 156.963000 72.759500 2.116457 0.125000 1.970764 
115.593146 12.577975 173.116461 9.228352 1.465882 0.125000 24.707834 
171.759837 69.441026 171.039241 81.826374 6.312052 0.125000 21.298988 
133.117562 59.586514 151.888307 60.246581 1.732443 0.125000 5.946800 
135.625000 19.375000 151.875000 19.375000 1.250000 0.031250 2.457839 
101.722776 92.633857 83.202208 98.374106 1.647820 0.125000 0.218275 
134.369355 63.639472 148.117700 63.790317 1.387065 0.125000 4.680034 
133.139878 26.795421 144.461544 28.912094 1.768271 0.125000 1.067674 
154.395170 16.077380 134.379228 16.969832 3.054304 0.125000 11.349210 
105.938336 0.655565 100.214296 59.334937 3.094983 0.125000 55.068599 
113.226119 68.061775 112.258429 85.646101 2.770964 0.125000 19.129474 
96.071512 59.310822 100.758177 0.635637 1.644137 0.125000 32.409963 
