48.010278 33.970165 84.188791 23.717901 6.334372 0.125000 59.126042 
92.408735 28.682688 101.298685 40.100465 4.825968 0.125000 14.776697 
150.018385 31.925229 148.063301 56.967771 3.349455 0.125000 25.554150 
148.323300 31.741806 124.349225 28.304786 4.599003 0.125000 21.844880 
115.137731 18.398608 117.207851 3.170247 4.112560 0.125000 13.650421 
119.733831 5.624147 119.693139 48.125305 2.529918 0.125000 46.565806 
83.555647 25.869673 92.306300 29.618150 8.370699 0.125000 6.188963 
4.421219 27.887246 48.217131 36.401069 6.850745 0.125000 61.837047 
147.207602 64.354372 146.617036 90.619200 3.005155 0.125000 22.582372 
122.917522 36.925539 124.679522 0.579165 5.417820 0.125000 48.584203 
143.213515 58.201841 144.723725 31.895019 6.311368 0.125000 52.885739 
154.102712 0.585033 153.346700 29.380821 4.240806 0.125000 33.301097 
101.681561 65.523296 103.385065 83.220291 3.087351 0.125000 7.149246 
31.857964 38.231454 8.115893 34.431907 3.505353 0.125000 15.497817 
117.318787 44.385633 117.618837 31.862872 2.678934 0.125000 8.292394 
142.251195 93.128601 142.538299 63.131348 4.001056 0.125000 40.153412 
81.700948 71.669152 70.210475 81.384748 4.477739 0.125000 8.959915 
153.043690 58.318431 133.065810 59.855866 1.917702 0.125000 4.248691 
116.862016 73.611973 104.337592 73.278050 7.497336 0.125000 18.311374 
34.331056 46.915413 34.017818 36.886156 3.865237 0.125000 4.339063 
70.628681 73.152892 58.125184 73.188908 3.767987 0.125000 10.225809 
95.667711 73.096973 80.598739 73.623669 4.140685 0.125000 23.644924 
49.371273 72.961757 0.589623 74.075487 4.827510 0.125000 54.958136 
124.681675 30.620612 124.571177 54.375913 2.581373 0.125000 19.081657 
118.969512 49.239286 117.604540 65.889751 6.229104 0.125000 29.169150 
152.098811 2.501577 130.877455 10.081769 2.774791 0.125000 15.342597 
130.714677 97.629106 0.475396 113.116966 3.213817 0.125000 107.232443 
97.734208 72.294359 86.725437 62.035496 3.284163 0.125000 8.533210 
64.539565 82.869111 43.270367 80.544787 3.476684 0.125000 8.712693 
101.597518 46.608417 103.771788 54.540350 2.741512 0.062500 1.407712 
59.509169 65.680248 53.761986 79.637296 3.943477 0.125000 1.602836 
128.123417 58.098549 140.653347 57.348623 1.994565 0.125000 0.797908 
153.005426 54.406680 153.602455 33.103349 2.954249 0.125000 29.966554 
79.306100 83.917613 65.551377 82.721941 5.089467 0.125000 2.986018 
174.323504 93.805441 131.719706 97.657409 3.298101 0.125000 33.076012 
136.472203 24.189442 148.201688 20.898315 4.961330 0.125000 4.341659 
13.072050 62.651253 34.197849 60.290035 3.595307 0.125000 11.314525 
134.262794 11.536944 150.768830 6.058334 1.983991 0.125000 5.962107 
120.557592 96.290288 140.579699 93.982051 3.342495 0.125000 2.278091 
74.380130 80.492441 94.398524 81.267117 2.981496 0.125000 21.207173 
65.384960 0.052370 49.335268 6.780217 2.491943 0.125000 8.567595 
149.389674 93.323355 161.913606 92.396846 1.523259 0.062500 0.616176 
95.617350 84.494505 79.433667 83.458523 1.806425 0.125000 6.486214 
13.078639 108.901890 36.845398 106.572913 1.634731 0.125000 10.529091 
65.604562 101.664320 23.140403 105.783774 1.726944 0.125000 22.371880 
151.613292 14.630233 139.922458 17.705916 5.408256 0.125000 26.354194 
114.343152 96.563220 69.428752 101.151208 1.751633 0.125000 21.298988 
3.362501 143.145664 2.800975 115.631613 6.376227 0.125000 68.352581 
165.595617 90.976781 174.388678 91.711244 1.765898 0.125000 0.164584 
105.491598 80.608849 115.643226 81.706425 2.922084 0.125000 0.050694 
105.449166 104.308980 100.306619 118.005459 4.680930 0.125000 13.956256 
138.125000 34.375000 138.125000 54.375000 1.250000 0.125000 1.697763 
116.787547 119.377986 116.190668 101.898368 1.590544 0.125000 6.486214 
142.798396 118.133213 142.326432 99.363649 2.750582 0.125000 9.378608 
164.375000 23.125000 164.375000 0.625000 1.250000 0.125000 4.680034 
