56.865247 80.280860 4.371983 81.768554 3.677672 0.125000 43.680667 
0.620205 71.919632 26.874762 71.815192 2.599429 0.125000 40.881460 
2.835992 83.659496 13.281658 97.689045 6.484216 0.125000 16.872798 
44.407863 107.524234 6.951564 105.475328 5.967572 0.125000 49.321433 
82.926998 93.728721 106.591339 101.489901 4.770119 0.125000 13.372504 
44.079266 88.027233 85.755587 84.824053 6.710574 0.125000 52.311140 
70.621920 107.792153 44.351037 108.035235 8.807454 0.125000 55.234500 
15.531883 100.578216 58.160252 102.196262 4.932605 0.125000 47.776725 
136.734254 101.743914 169.501957 105.865713 4.352528 0.125000 20.081346 
8.061510 87.181237 43.206999 88.615083 7.161984 0.125000 75.590756 
38.786391 50.651484 40.026269 78.208181 5.444429 0.125000 33.963355 
89.323335 102.939441 70.953326 108.054205 5.624288 0.125000 20.042958 
174.365721 109.454016 136.941457 105.059092 2.191353 0.125000 29.683823 
11.841244 97.378967 0.557785 97.889517 2.610448 0.125000 2.576231 
59.301855 101.604807 75.703413 97.164650 4.372959 0.125000 8.991506 
23.125000 68.125000 0.625000 68.125000 1.250000 0.125000 4.680034 
25.072739 67.058052 23.400821 50.596985 3.478185 0.125000 6.119189 
26.854854 58.923766 36.890658 58.475712 1.639016 0.125000 0.820776 
106.961326 101.033348 123.169030 102.695722 2.231874 0.125000 11.001664 
18.360802 4.342030 23.794725 43.206133 3.021516 0.125000 23.945032 
24.249182 47.374903 37.771802 50.778337 4.254938 0.125000 14.486264 
43.134650 58.278388 70.604563 56.550152 1.482994 0.125000 11.001664 
