94.837364 33.126919 94.624646 84.376036 3.936746 0.125000 77.738570 
156.468748 9.426029 157.005124 0.557271 4.045005 0.125000 2.680153 
112.906864 84.368543 114.386723 34.375347 3.933285 0.125000 35.303004 
135.646900 74.374844 135.361549 34.376879 3.830161 0.125000 57.232181 
134.380418 32.936129 94.341650 31.787654 5.463869 0.125000 51.399334 
138.626815 33.106317 140.398039 80.679989 3.979937 0.125000 82.475221 
116.653586 35.604948 116.108124 75.631584 2.976685 0.125000 39.662690 
169.559677 75.634915 168.873146 1.868037 5.348772 0.125000 79.507808 
163.517237 0.316349 165.276243 9.675479 6.068411 0.125000 4.057129 
99.311142 10.652391 99.080340 20.647061 2.701339 0.125000 0.797908 
138.133177 86.148705 118.121640 85.923392 2.513915 0.125000 11.074856 
135.600835 0.495440 136.146004 31.952623 12.996300 0.125000 161.107460 
116.430929 76.803081 116.161574 83.147779 2.709827 0.062500 0.616176 
140.364224 85.626515 140.339341 101.876477 2.521052 0.125000 6.799042 
116.061342 21.784732 117.172461 11.769324 3.589303 0.125000 1.229414 
161.276023 71.877457 161.229851 60.622519 1.296140 0.125000 3.456020 
96.873041 83.369849 110.625425 83.343049 0.651792 0.062500 0.616176 
106.897362 86.711668 89.047398 84.267751 4.157498 0.125000 3.662453 
17.602658 35.668710 18.377685 0.602957 3.638601 0.125000 40.986356 
88.149575 83.244637 0.607285 82.340830 7.101371 0.125000 130.132299 
118.120304 74.811904 128.132583 74.919527 2.553598 0.125000 4.680034 
171.731332 54.383033 172.497738 68.090181 1.940883 0.125000 0.820776 
81.937666 39.070174 73.049364 37.242916 3.203922 0.125000 1.697763 
0.611552 77.954671 91.894099 79.091618 3.220402 0.125000 101.258852 
84.214480 20.692310 83.209588 36.957453 4.359507 0.125000 9.479218 
59.406118 43.770928 48.001927 44.320336 5.294959 0.125000 11.349210 
28.118854 6.355956 38.117452 6.237559 3.080335 0.125000 1.697763 
94.999242 88.109528 95.092278 99.379398 3.822103 0.125000 15.860896 
89.051272 71.597013 91.444436 58.048944 3.549070 0.125000 4.067599 
71.834917 35.625803 71.659597 26.879318 2.674852 0.125000 0.820776 
31.827157 20.626542 32.472270 40.646034 1.531167 0.125000 3.456020 
95.623736 19.255006 83.138293 19.386563 2.592054 0.125000 5.962107 
46.578628 35.260260 35.709852 31.621548 3.952844 0.125000 6.126021 
113.350405 99.365628 112.831587 86.887199 2.809402 0.125000 2.847294 
143.096590 85.258985 158.121244 85.741863 1.409967 0.125000 0.164584 
61.329271 24.353652 61.860388 41.875443 5.262811 0.125000 6.418972 
0.603700 103.086443 91.889226 102.320512 6.312707 0.125000 152.016870 
156.377285 58.126088 156.418881 29.376149 1.291594 0.125000 9.195484 
119.523595 82.109947 133.164259 84.106823 2.835754 0.125000 2.680153 
95.015661 111.413654 92.096181 123.179880 8.793509 0.125000 9.184843 
120.612895 102.649152 130.649531 102.806084 2.031034 0.031250 0.964265 
124.010396 29.368849 124.495252 0.627029 1.376324 0.125000 9.195484 
139.621000 115.621403 139.601047 128.125361 3.751990 0.125000 4.864122 
96.861125 102.507207 110.631926 102.809437 3.776525 0.125000 1.783865 
168.999928 99.345626 169.225798 86.849709 3.930114 0.125000 16.420204 
93.634346 30.662964 94.389397 20.532904 4.204186 0.125000 1.967896 
70.667628 11.607032 85.685290 13.996001 2.076201 0.125000 4.336995 
144.329350 102.792010 164.404055 103.791352 3.118403 0.125000 23.491411 
75.685550 113.375721 88.352410 110.316648 3.275531 0.125000 1.967896 
88.081937 125.615163 84.096848 143.061464 1.602158 0.125000 1.653093 
