44.495372 40.716162 61.808569 42.514539 4.714949 0.125000 15.291999 
99.614860 45.797324 136.848299 49.634118 4.665045 0.125000 34.208616 
61.864775 42.444828 70.650372 42.312755 2.631241 0.125000 2.873854 
65.675262 126.095918 0.615915 133.039881 3.596159 0.125000 68.463391 
55.548719 50.172603 45.415285 51.881246 2.880870 0.125000 0.050694 
79.310282 42.577914 101.735273 44.642600 3.275791 0.125000 17.979779 
49.316407 68.929155 61.604182 67.314296 3.293059 0.125000 2.036308 
59.375338 86.960277 43.125592 87.024593 1.299464 0.125000 1.067674 
71.535650 43.801090 78.250900 42.551675 4.101845 0.125000 0.797908 
59.384333 76.087888 43.121798 75.895062 11.323311 0.125000 27.606155 
45.025042 20.591280 43.966651 39.422305 3.884381 0.125000 27.912643 
105.596854 51.020619 66.879559 50.358422 3.140918 0.125000 19.764509 
0.530585 129.851113 64.397483 122.059289 4.208837 0.125000 91.199687 
174.509437 83.158265 160.652379 81.627204 3.178211 0.125000 4.658263 
69.564976 15.506795 48.035795 12.517453 2.854795 0.125000 6.633937 
75.568530 47.285665 94.307963 49.862509 2.817262 0.125000 3.012505 
81.791647 123.871269 56.853939 127.997721 2.670525 0.125000 10.884515 
39.395022 120.771430 59.363529 118.041105 2.815631 0.125000 4.824161 
129.392776 76.131384 59.398341 75.507271 4.362843 0.125000 136.573719 
48.071163 9.796368 61.914595 11.565096 2.321421 0.125000 8.292394 
46.874811 15.626340 61.928452 17.745256 2.127137 0.125000 2.560371 
44.735351 73.404633 45.981305 60.659833 6.950080 0.125000 23.159421 
41.892921 87.020166 38.264315 118.713408 10.077281 0.125000 82.463848 
63.113965 20.743655 46.888055 19.234622 2.373506 0.125000 1.034919 
133.970435 56.933331 132.241877 81.986557 6.493296 0.125000 27.160394 
64.521074 39.429057 65.394733 16.866084 5.528270 0.125000 34.244782 
44.129580 61.062869 57.029743 53.384995 7.084177 0.125000 14.348050 
165.582006 86.174244 174.473221 86.870235 3.077674 0.125000 3.776944 
60.717700 115.652135 60.565450 88.118417 8.901928 0.125000 106.254523 
64.285506 6.813711 52.911757 5.957423 6.420047 0.125000 7.030996 
56.781607 52.975254 66.920761 53.835893 4.159456 0.125000 1.702576 
71.864890 67.426223 110.624862 66.865441 2.843319 0.125000 27.936484 
174.347224 115.327970 83.077108 123.862859 2.767008 0.125000 83.557006 
75.639253 117.040464 134.384065 111.980232 2.276223 0.125000 54.318989 
61.780403 66.603467 63.720711 56.995300 5.395932 0.125000 2.089640 
79.124023 53.870123 94.108173 58.917179 3.940414 0.125000 0.532358 
145.616896 84.196530 66.869431 84.643273 2.882888 0.125000 92.117685 
46.111156 78.531503 41.593285 83.934638 3.678658 0.125000 0.797908 
57.002838 143.534110 61.564928 128.169477 11.365342 0.125000 37.034551 
38.850208 131.207200 36.896395 143.714160 11.501055 0.125000 39.134233 
66.778554 58.065954 79.599384 59.104210 5.589068 0.125000 10.768851 
134.823085 7.832492 103.428852 22.524287 3.301708 0.125000 31.054837 
125.658055 117.145043 135.811932 115.902158 2.481479 0.031250 6.702577 
116.866259 61.985145 124.417898 62.584468 2.689950 0.031250 0.525569 
135.742529 114.743174 174.469811 111.930380 5.098398 0.125000 56.980414 
0.609518 87.380675 39.394738 86.573944 1.927584 0.125000 18.883306 
148.587195 112.927217 155.794673 109.761271 2.791625 0.125000 1.970764 
66.921132 123.513641 98.175885 119.803683 1.388627 0.125000 10.529091 
137.677700 18.525515 139.740675 7.952454 5.864983 0.125000 12.321533 
104.376087 119.385049 124.412106 117.218082 1.780385 0.125000 4.248691 
161.875795 78.112740 174.404158 78.925587 1.732961 0.125000 2.873854 
157.390910 41.911659 158.192565 30.629801 2.936702 0.125000 9.195484 
100.650246 79.039495 118.145246 80.355934 1.340269 0.125000 2.873854 
