55.019229 4.366803 55.274053 24.395369 6.360812 0.125000 16.165039 
123.083576 26.866463 122.868583 59.389831 3.741655 0.125000 54.106009 
100.671708 7.084250 91.850725 7.366595 3.908041 0.125000 1.034919 
122.113234 0.457198 123.352974 20.687631 5.220011 0.125000 20.042958 
103.101997 33.250345 102.189410 5.780663 8.325947 0.125000 45.115915 
69.411641 7.671824 59.335630 7.455058 5.133269 0.125000 2.835356 
117.386757 39.268555 115.787778 31.581143 7.342842 0.031250 5.794377 
116.186230 25.761640 114.408288 0.534557 7.481443 0.125000 28.968293 
64.606964 33.121494 65.192791 71.881532 3.522885 0.125000 25.981593 
55.095612 30.588683 52.944295 61.948355 5.330479 0.125000 32.970010 
79.884745 54.448162 77.890931 34.274593 7.572062 0.125000 21.367353 
48.855723 65.627389 48.556622 0.617263 3.732707 0.125000 49.440389 
84.122294 6.866056 84.226770 33.115640 5.089512 0.125000 49.572553 
80.201106 71.876589 80.232360 55.624245 1.281246 0.125000 1.067674 
61.856062 19.914535 73.136040 20.310463 2.630005 0.125000 0.050694 
74.389430 23.501376 63.108088 23.933892 2.689719 0.125000 1.653093 
117.618641 71.877024 117.493736 40.622527 2.584903 0.125000 28.501701 
74.373174 79.273533 36.862827 79.948528 1.632128 0.125000 20.935654 
77.610268 35.514539 77.270694 25.568812 6.544935 0.125000 17.915388 
121.006029 61.785927 120.422436 75.669030 4.271680 0.125000 14.541222 
169.408850 77.158331 138.109686 76.062322 2.804681 0.125000 36.781144 
106.896949 73.990381 83.098850 74.593984 2.942915 0.125000 32.822801 
90.157421 70.623025 90.305272 35.623649 1.392561 0.125000 10.310893 
66.849598 52.685103 78.127705 53.038744 3.904863 0.125000 6.009503 
92.227166 10.624226 92.209931 30.625289 1.267234 0.125000 3.776944 
108.647258 35.625622 108.604057 71.877061 2.499998 0.125000 36.781144 
150.624770 73.891726 168.124766 73.883391 1.257740 0.125000 0.164584 
109.347376 0.624455 108.681126 34.385975 4.316512 0.125000 20.327155 
134.383740 44.619304 131.918851 6.872137 8.298576 0.125000 60.413169 
90.134494 30.625794 90.155401 10.624509 1.270905 0.125000 3.776944 
80.547599 25.628881 79.794190 10.603980 2.684667 0.125000 11.904754 
92.869654 35.623324 92.639914 70.630020 2.688621 0.125000 31.791110 
102.849182 128.151040 102.506863 108.092884 10.041204 0.125000 40.972757 
76.661372 123.151591 77.754394 80.551347 7.978455 0.125000 61.316419 
84.849068 106.862779 85.008740 129.388229 5.123920 0.125000 20.826130 
78.141742 74.293026 66.894053 74.454243 2.607233 0.125000 5.962107 
106.502788 69.372434 106.709587 39.373860 1.439541 0.125000 11.001664 
62.407971 84.213067 60.760386 116.944735 13.489643 0.125000 77.593234 
136.912243 71.875242 136.907006 45.624744 2.505237 0.125000 28.160374 
172.512332 0.547842 171.989005 13.181501 4.160664 0.125000 20.315323 
149.592636 51.879205 149.205924 71.895883 2.861706 0.125000 29.245104 
116.884499 78.437452 98.113846 79.008110 2.726752 0.125000 4.864122 
44.795939 41.872377 44.554451 3.123882 2.507742 0.125000 19.897954 
35.645019 66.649950 46.917019 67.652615 1.688094 0.125000 1.067674 
100.407817 140.789312 101.302899 128.353737 6.772311 0.125000 6.838852 
74.952675 136.894581 75.504293 120.620908 3.959578 0.125000 8.959915 
62.721943 115.577324 62.847571 124.396758 6.320582 0.125000 19.081657 
46.908472 9.375074 46.783331 65.624796 1.258340 0.125000 29.966554 
170.960662 21.874073 171.112562 76.873653 3.894981 0.125000 79.989777 
94.378362 70.458950 106.873239 70.711948 1.773268 0.015625 0.674597 
166.862976 83.412917 144.350038 82.472724 2.706452 0.125000 3.042730 
82.542884 48.107438 83.102120 69.375602 1.610993 0.125000 9.195484 
117.083149 104.380012 117.655377 80.613693 1.700955 0.125000 13.809694 
146.086826 31.710067 139.836996 14.210006 5.129135 0.125000 14.393573 
62.699168 69.384925 62.290851 51.865308 1.570035 0.125000 9.642303 
120.924693 79.350435 123.078688 105.628796 3.533229 0.125000 12.406669 
138.091561 78.608449 174.341058 81.115724 2.494041 0.125000 17.893882 
0.618242 61.947999 34.310906 65.067305 2.143653 0.125000 16.311590 
61.436945 126.715755 62.042387 134.555149 6.520199 0.125000 0.940023 
144.006506 73.142340 144.794012 33.108654 4.118036 0.125000 56.179956 
63.129936 2.540683 78.129111 2.429466 1.361186 0.125000 4.232717 
161.973530 72.950023 152.170885 51.052112 6.606517 0.125000 24.658414 
20.646200 61.690492 0.623294 59.389852 1.284180 0.125000 0.797908 
53.571921 63.115472 53.438293 74.378717 2.588798 0.125000 4.336995 
111.875000 48.125000 111.875000 66.875000 1.250000 0.125000 2.873854 
104.102806 98.312651 99.974060 92.323759 2.532604 0.125000 0.164584 
96.969779 101.223413 86.868149 101.741382 5.377504 0.125000 11.074856 
114.375000 61.875000 114.375000 46.875000 1.250000 0.125000 0.164584 
165.625000 60.625000 165.625000 35.625000 1.250000 0.125000 7.389304 
