28.088863 59.563026 155.633967 62.768182 3.177102 0.125000 166.898561 
26.770311 0.606248 25.974072 58.129832 2.914980 0.125000 74.988964 
154.372159 65.752168 25.658465 62.876909 3.441988 0.125000 168.740957 
22.288272 58.130588 23.066088 0.607301 3.344042 0.125000 85.242020 
0.618133 91.206874 174.373436 93.257559 2.518555 0.125000 185.638817 
157.626929 26.904143 158.015801 16.870768 1.636350 0.031250 0.983154 
152.812688 10.519262 158.285821 0.055309 10.172946 0.125000 25.089673 
157.199763 60.629553 157.655502 28.118419 1.652853 0.125000 31.772734 
0.631245 60.451912 19.401910 61.129208 1.384409 0.125000 2.873854 
148.137898 96.562238 95.624109 94.396604 2.497877 0.125000 30.484120 
174.364129 96.130815 153.123940 95.674329 1.572011 0.125000 4.680034 
94.375000 94.375000 75.625000 94.375000 1.250000 0.125000 2.873854 
137.929196 41.787688 151.883602 10.493616 6.958268 0.125000 66.564015 
174.736102 113.662576 151.860593 109.453298 5.596080 0.125000 31.689591 
74.375000 133.125000 99.375000 133.125000 1.250000 0.125000 7.389304 
