124.364046 86.138500 174.394609 87.205727 2.952623 0.125000 70.097633 
174.400171 89.981603 156.774913 90.712957 3.954071 0.125000 25.258669 
91.871088 91.597633 0.533485 92.885718 15.121893 0.125000 337.768935 
96.647374 58.030843 95.394546 94.323895 7.754280 0.125000 93.867859 
109.689608 94.514722 112.950625 57.997801 8.804486 0.125000 103.152936 
110.592310 56.390992 98.061786 55.856236 10.204093 0.125000 15.513331 
155.633707 90.863753 125.612802 91.039333 10.021761 0.125000 63.475482 
126.365677 0.487860 122.536233 84.519063 7.833658 0.125000 267.794570 
126.783208 93.639049 111.830698 94.063196 6.601922 0.125000 9.545716 
159.362321 2.910947 174.457442 2.016809 2.939100 0.125000 7.697740 
124.372736 88.149333 114.343262 87.216083 2.095873 0.062500 1.407712 
0.617696 61.202954 93.147523 60.197297 3.654685 0.125000 76.419275 
174.557476 6.509974 160.589005 7.703860 3.842827 0.125000 7.274493 
3.488191 10.697750 3.142337 0.539295 5.252301 0.125000 15.407743 
174.414654 11.296829 160.638866 12.109928 1.395131 0.062500 0.616176 
160.666012 10.944742 174.351194 9.189402 1.250000 0.062500 2.873854 
16.875000 58.125000 0.625000 58.125000 1.250000 0.125000 0.164584 
40.336193 81.149207 24.589863 87.414968 2.797095 0.125000 2.742210 
92.087122 0.503192 87.499228 39.594963 6.347086 0.125000 55.497388 
147.832347 -0.328739 165.542782 40.660525 7.040708 0.125000 73.154810 
4.325760 14.958137 83.199519 9.134222 3.087555 0.125000 57.777191 
91.876670 101.320746 44.370942 101.434808 3.855033 0.125000 42.722861 
84.398423 24.783241 34.419510 27.650769 3.846179 0.125000 45.534643 
20.602286 66.483122 5.652510 67.349626 2.134162 0.125000 0.050694 
85.625000 104.375000 71.875000 104.375000 1.250000 0.062500 2.873854 
43.148153 34.875057 23.133185 35.801776 1.595550 0.125000 6.985969 
89.359008 50.566510 103.122229 50.398296 2.545642 0.062500 4.606112 
73.163338 134.012136 88.128354 135.593251 1.250000 0.125000 0.164584 
