0.723626 17.370521 39.304564 22.413831 4.520336 0.125000 64.631293 
40.153860 23.146441 40.610597 33.182542 3.177951 0.062500 1.005729 
80.502069 80.975814 153.054174 86.547294 3.260445 0.125000 90.136705 
30.525384 14.382135 29.621873 1.767785 5.612347 0.125000 13.956256 
153.005122 98.414328 174.417299 100.081841 3.447523 0.125000 11.888850 
16.680751 64.856279 1.728729 63.178669 3.738785 0.125000 12.806661 
150.797067 89.977909 76.974123 83.282138 4.643681 0.125000 109.283280 
174.388549 102.525660 155.619883 102.101357 1.560447 0.125000 1.855669 
0.903080 64.375808 0.855869 80.625671 1.293574 0.062500 0.966439 
32.458422 60.599371 32.290627 73.147273 3.883377 0.125000 20.032564 
33.940252 35.747050 34.617045 52.020888 8.898263 0.125000 31.932132 
32.699125 53.063985 32.466914 59.442060 3.883956 0.125000 7.389304 
49.400876 77.613498 21.844925 76.219512 4.060979 0.125000 15.278426 
34.360489 74.801703 53.131289 75.440059 1.844073 0.125000 6.799042 
20.626678 76.456573 8.124207 76.481796 3.765123 0.125000 9.378608 
50.973114 11.296430 40.027008 16.971611 2.219434 0.125000 1.697763 
0.942858 39.383140 1.423549 20.613438 1.633614 0.125000 7.653196 
53.536240 26.909827 52.912327 11.883831 4.006062 0.125000 5.595353 
174.435020 108.483570 164.504038 110.145892 2.259333 0.125000 2.873854 
135.728301 111.383214 174.440931 106.108926 2.308372 0.125000 20.136217 
30.597540 81.340184 4.352548 82.687727 3.009483 0.125000 25.698706 
39.587454 51.841306 42.997555 73.343454 4.486891 0.125000 39.946743 
17.153207 0.229321 -0.200572 10.476939 3.567664 0.125000 7.190052 
53.118780 82.827135 33.127497 83.244569 1.328013 0.125000 0.820776 
80.611360 124.299193 6.777769 137.584643 2.362525 0.125000 52.478902 
163.215268 109.906148 80.759983 123.919259 2.288418 0.125000 47.446714 
21.942657 122.351333 150.583031 104.079525 2.855112 0.125000 104.359301 
78.990924 69.379161 78.245890 0.610148 3.136305 0.125000 83.349857 
81.851664 0.625022 81.926129 79.376134 1.250000 0.125000 43.569927 
8.160889 132.058187 20.670525 129.607373 2.213037 0.125000 3.456020 
0.470927 125.976408 18.095756 122.954444 1.830313 0.125000 1.720471 
152.906668 61.872409 153.633619 0.616202 1.442744 0.125000 33.578914 
39.440926 127.390767 55.586903 125.326957 3.719736 0.125000 5.865812 
32.507814 84.368217 32.356576 98.130292 1.387285 0.125000 4.680034 
105.641172 116.963240 120.597012 114.222284 1.577341 0.125000 0.820776 
16.885892 6.874162 17.657958 16.910927 2.588508 0.125000 2.576231 
83.158123 119.751746 101.873360 118.106344 2.818819 0.125000 7.917544 
