78.007996 40.158866 99.342406 43.343364 2.915297 0.125000 12.995593 
46.684512 33.989262 59.393643 36.790415 3.662105 0.125000 5.468486 
77.210098 78.123012 76.995101 41.874288 1.427909 0.125000 15.517114 
131.874300 78.493155 120.624307 78.502082 2.507934 0.125000 4.680034 
46.019852 79.372423 45.726079 34.366181 3.986533 0.125000 78.111125 
98.119633 79.735690 78.120362 79.856383 2.567846 0.125000 14.971112 
59.401097 80.350613 46.843209 80.686529 2.766505 0.125000 9.642303 
45.831913 30.622690 45.511079 1.890230 3.917249 0.125000 34.069352 
119.000682 76.876666 118.872696 48.121672 5.050023 0.125000 59.329382 
120.515695 47.824051 131.902582 49.135513 2.769624 0.125000 0.218275 
78.890579 35.694689 77.254281 24.320437 3.364487 0.125000 8.756152 
74.556016 24.369892 74.823747 99.377860 2.754300 0.125000 81.856010 
99.987224 40.707947 101.529009 29.328124 3.883871 0.125000 1.198571 
117.021394 48.576176 100.634515 45.573082 2.459047 0.125000 6.799042 
132.123380 50.623315 132.301471 76.880586 3.809260 0.125000 44.466299 
145.737428 98.123705 145.190138 50.601217 3.922487 0.125000 85.242020 
118.873169 45.612753 118.709515 35.615432 2.561044 0.125000 1.697763 
101.917944 44.044133 116.828991 45.979482 2.157421 0.125000 2.510782 
137.943248 38.695549 131.134218 36.526486 3.946320 0.062500 0.805318 
145.081297 49.500771 145.667246 40.386628 6.076729 0.125000 9.886491 
91.816504 45.022948 79.305622 43.893485 3.051829 0.125000 11.904754 
26.868193 82.797683 0.619621 82.604026 2.619818 0.125000 21.725979 
98.844410 45.607914 99.115790 76.888094 6.282298 0.125000 44.955768 
124.624937 33.618561 109.087486 31.683102 6.356581 0.125000 10.694409 
99.496494 28.922018 80.753726 23.895053 3.709920 0.125000 9.214542 
15.573544 77.455403 26.948487 76.581288 2.109552 0.125000 2.873854 
83.533336 25.786443 82.689502 34.454294 7.585828 0.125000 3.369347 
0.571161 73.383669 28.125662 71.887183 3.106410 0.125000 15.947212 
76.870361 85.529570 133.230235 82.789757 6.641433 0.125000 72.447200 
41.411570 3.114553 42.640187 95.614837 3.263445 0.125000 133.737686 
119.343583 103.156745 118.938960 86.823868 4.151296 0.125000 25.451104 
169.343746 80.924032 155.608582 81.375447 1.700984 0.125000 6.486214 
161.784184 40.626754 162.073712 55.621163 3.773433 0.125000 8.896623 
169.100373 0.616565 169.781557 79.382294 3.180929 0.125000 86.594067 
54.207722 11.325427 48.012544 9.845877 2.721979 0.062500 2.873854 
131.998830 85.619270 132.869988 104.444646 5.225786 0.125000 19.897954 
174.422156 99.208852 149.363669 98.765648 3.749414 0.125000 12.701479 
153.759569 80.626508 153.667659 43.123670 1.341899 0.125000 27.027597 
79.366000 77.531506 86.883227 77.417508 1.363580 0.031250 1.681407 
151.022828 41.872448 151.279463 81.878820 1.498545 0.125000 36.288184 
2.408816 19.167144 7.913357 0.200792 8.789570 0.125000 36.243186 
44.297782 86.790218 58.317558 87.719293 7.979515 0.125000 25.089673 
166.018706 54.341674 166.553029 40.612469 2.887001 0.125000 1.855669 
98.330136 14.036467 164.063821 -0.757640 4.846825 0.125000 91.772750 
167.102928 2.928515 101.909215 17.033148 3.530027 0.125000 79.237528 
59.418622 31.908853 60.041434 8.109728 2.499144 0.125000 16.200067 
29.445107 73.122358 29.917327 85.651672 3.841496 0.125000 3.521151 
153.100144 84.116450 169.371255 84.524369 1.437182 0.062500 1.785718 
59.784617 38.122683 60.010955 78.128474 2.606039 0.125000 42.115070 
71.876215 92.652931 61.874287 92.668558 1.888668 0.125000 0.797908 
148.097384 20.214378 163.127802 20.413040 3.716632 0.125000 6.119189 
57.005870 14.059728 53.375758 26.945642 6.846355 0.125000 13.631855 
98.659704 86.911357 99.423379 101.936076 4.189336 0.125000 23.884372 
117.977859 23.576619 133.379282 28.594537 2.377019 0.125000 3.508045 
72.029210 100.854101 48.050251 99.225761 4.988511 0.125000 34.244782 
12.263074 0.621958 12.772670 65.627762 1.720302 0.125000 73.347360 
0.925152 33.152021 2.163071 19.400933 3.959048 0.125000 7.782856 
133.217806 23.897317 150.616775 21.806555 2.780412 0.125000 8.533210 
135.831373 66.867877 134.924965 40.606018 1.507959 0.125000 12.807844 
40.715525 98.695276 15.594890 97.516849 5.111655 0.125000 36.114887 
12.112999 98.388674 0.331289 97.134816 6.876320 0.125000 33.230150 
135.647990 79.639321 137.295900 71.702848 3.718424 0.125000 1.720471 
146.889587 29.475445 167.009844 26.553534 2.674172 0.125000 11.925485 
119.984659 114.443705 119.293250 107.999654 2.885790 0.125000 1.970764 
99.619940 108.049352 100.001682 115.593288 2.496805 0.125000 0.164584 
125.747283 22.759044 109.626505 17.372324 1.590407 0.125000 0.883796 
67.107992 50.623118 67.411014 88.130768 2.520115 0.125000 26.492683 
0.535340 91.401206 9.439567 89.716194 2.688826 0.125000 1.697763 
96.847132 104.573033 79.341983 102.109620 4.080265 0.125000 17.072773 
159.477233 109.545109 150.570385 108.701896 2.452926 0.125000 1.067674 
