40.250927 83.128512 39.476271 0.612314 4.266148 0.125000 160.983401 
56.980464 81.080107 40.459009 84.908701 4.499764 0.125000 9.277472 
49.074965 -0.028799 56.959393 11.427212 6.178194 0.125000 10.792579 
84.067230 106.877882 83.870622 0.623620 5.182714 0.125000 144.226081 
55.376759 10.623154 55.290529 80.626128 7.580062 0.125000 214.606938 
174.375303 87.539221 85.624680 87.493353 3.748707 0.125000 76.764794 
132.012677 34.382427 131.787215 0.617239 2.725300 0.125000 36.739846 
107.198836 0.605651 108.700629 25.739982 4.916543 0.125000 15.124149 
174.379543 82.986589 96.872193 82.732969 2.708589 0.125000 91.830952 
91.729587 82.744992 113.011817 86.302162 2.465794 0.125000 6.467797 
108.113004 28.086819 108.269437 33.159096 3.825283 0.125000 1.970764 
0.325840 112.410569 58.154515 88.195486 2.788796 0.125000 73.967041 
113.720357 42.929121 98.254367 36.560822 4.147462 0.125000 7.673113 
91.873831 79.877100 171.873398 80.063312 2.523270 0.125000 76.636822 
143.111857 44.179286 129.256453 45.109762 4.160355 0.125000 8.275987 
59.375000 86.875000 59.375000 63.125000 1.250000 0.125000 4.336995 
91.204870 13.162884 92.028679 0.553375 2.820648 0.125000 8.756152 
172.954540 36.792969 172.111768 25.701993 3.549799 0.125000 5.962107 
144.220555 25.623828 144.097190 41.882377 2.613740 0.125000 10.529091 
170.679304 25.190921 160.557750 25.864568 2.826525 0.125000 7.389304 
151.781226 105.153866 174.406217 106.199591 7.780568 0.125000 30.709616 
33.875723 65.605956 32.385570 6.862048 1.896925 0.125000 51.021031 
59.375000 60.625000 80.625000 60.625000 1.250000 0.125000 2.576231 
60.616249 87.416256 81.880900 87.760060 2.580502 0.125000 15.564217 
125.499623 104.707814 143.087299 106.100956 7.772696 0.125000 26.219476 
59.375000 55.625000 59.375000 0.625000 1.250000 0.125000 26.563777 
104.319124 104.483760 124.439309 105.311155 4.260432 0.125000 25.657518 
81.546625 114.105318 88.323794 107.066401 7.970266 0.125000 4.346719 
143.064173 105.261647 150.694710 104.973959 3.982808 0.125000 6.102063 
0.621107 95.608857 21.842708 90.491096 1.801257 0.125000 1.454630 
39.895850 129.430423 41.107533 118.043335 4.310612 0.125000 1.783865 
89.314815 110.215146 99.392214 109.849748 4.019302 0.125000 7.689797 
82.352942 125.425899 85.229118 114.272909 3.319056 0.125000 2.680153 
60.437707 112.642314 80.740947 110.447650 6.079468 0.125000 31.346245 
