92.923904 64.420813 93.584951 49.285897 5.158870 0.125000 15.497817 
94.374916 46.831216 114.377231 46.793017 3.766703 0.125000 18.816157 
113.214486 72.238874 80.667707 68.952104 5.489336 0.125000 33.370960 
74.518429 24.355570 75.215993 74.380703 4.772942 0.125000 48.505998 
115.927397 48.123434 115.865402 85.625397 2.535125 0.125000 28.117220 
85.616010 23.243584 75.484712 22.475538 4.985694 0.125000 1.783865 
30.939378 26.874386 30.951160 56.875363 3.756872 0.125000 48.788863 
31.036450 0.580395 33.490868 23.220847 4.940648 0.125000 29.414821 
94.192750 98.186823 93.054803 71.824074 5.588314 0.125000 35.085015 
106.873000 26.900721 93.012410 25.822942 2.492476 0.125000 0.426994 
16.886403 57.577143 0.600098 57.841634 2.621455 0.125000 13.710934 
104.464519 51.375538 114.370346 53.150969 2.240263 0.125000 1.970764 
74.390420 74.438280 72.320284 115.834796 9.862657 0.125000 104.419363 
10.483702 75.629485 10.006788 60.604946 2.538399 0.125000 5.096624 
87.702401 40.615360 87.474417 50.610160 1.449213 0.125000 0.164584 
18.183620 75.625165 18.229375 59.371775 2.535179 0.125000 9.438675 
173.052151 60.628716 173.206053 11.879202 2.649944 0.125000 87.667453 
92.201157 36.743125 87.154643 24.261932 5.103991 0.125000 1.921036 
138.083249 73.466071 128.080127 72.241579 1.696379 0.062500 0.616176 
111.339143 44.522478 110.091880 29.419026 4.457413 0.125000 13.956256 
98.992659 41.911781 99.470950 30.629067 2.391873 0.125000 1.697763 
27.084459 59.421355 23.656135 74.912644 6.912644 0.125000 23.499498 
108.136239 20.885079 96.881336 20.930909 5.010138 0.125000 6.677210 
90.635907 76.234353 78.118254 76.021240 1.462601 0.125000 1.970764 
0.562511 76.460897 9.302124 75.142065 2.285496 0.125000 1.067674 
11.895268 84.700898 0.533733 85.407497 3.820359 0.125000 10.310893 
28.267709 72.113596 42.011232 70.796025 5.573624 0.125000 10.248991 
40.750434 78.719238 30.411418 76.741596 5.615492 0.125000 1.602836 
7.391542 8.956274 16.860266 20.636944 4.487384 0.125000 8.181183 
110.207199 113.001208 111.051956 93.090081 4.435439 0.125000 21.333662 
148.272702 74.413987 150.204842 67.094041 3.625817 0.125000 4.680034 
106.638609 98.093468 105.284330 108.246295 2.643324 0.125000 3.456020 
117.489644 46.864397 117.865029 24.370661 1.541833 0.125000 9.642303 
26.302707 89.343807 27.051716 105.616866 2.842197 0.125000 13.809694 
18.967524 100.647848 17.985423 83.132826 1.667920 0.125000 1.720471 
115.482295 24.376392 115.677423 44.374488 1.262137 0.125000 3.776944 
85.675726 108.192801 86.009520 95.635221 7.729854 0.125000 22.102168 
91.103985 105.333323 93.485356 99.038445 3.507411 0.125000 0.820776 
94.375000 14.375000 114.375000 14.375000 1.250000 0.125000 3.776944 
137.805235 24.367188 137.163536 50.632049 1.707588 0.125000 20.935654 
140.924729 6.916879 139.359012 18.122766 1.410947 0.062500 0.465614 
