66.873283 94.579952 110.625219 94.508080 2.561599 0.125000 53.446894 
102.369402 21.884892 101.393877 70.640384 2.749556 0.125000 36.538915 
70.471724 11.879333 70.152982 0.603009 2.604959 0.125000 3.456020 
66.192714 0.556893 65.394435 23.204991 5.437212 0.125000 47.737596 
70.543156 15.627190 71.378716 46.854833 5.098514 0.125000 23.124212 
174.386608 98.362319 36.865717 99.435589 6.122992 0.125000 208.397866 
102.845853 23.039117 111.355262 25.079610 6.077707 0.125000 11.074856 
114.826135 21.910435 114.597181 0.595759 6.464459 0.125000 47.634464 
170.951219 24.378011 171.170429 0.630035 2.672961 0.125000 13.631274 
92.026766 0.585100 91.663998 21.935133 6.355279 0.125000 59.911855 
123.602481 0.606353 121.851998 73.124445 3.356770 0.125000 53.976605 
66.579118 20.563575 62.889643 38.335640 5.450289 0.125000 16.694391 
102.372416 0.609480 101.959621 20.626745 1.662085 0.125000 5.583124 
151.368927 91.875448 151.423908 0.625481 6.255271 0.125000 112.998929 
85.985245 71.878576 86.692547 0.623189 2.636357 0.125000 89.373428 
155.495742 69.203322 168.147556 68.591216 3.745619 0.125000 1.036501 
159.891809 9.399101 169.640343 3.568655 4.501531 0.125000 0.614840 
155.447635 25.319872 169.526712 17.135997 4.045922 0.125000 3.369347 
114.371553 94.052744 155.616833 93.611526 3.896866 0.125000 38.578333 
58.728924 61.860766 60.078342 0.612956 2.471860 0.125000 70.664644 
169.143428 19.377679 169.273547 30.626174 3.778666 0.125000 0.434640 
81.135398 45.661071 80.500652 10.649917 5.067154 0.125000 40.616417 
0.339407 40.177033 35.746115 52.784872 2.515901 0.125000 27.249975 
133.140860 75.148314 126.891388 75.090910 2.557302 0.062500 0.465614 
35.626776 94.835695 61.881205 94.734482 2.524075 0.125000 26.354194 
133.290499 16.946173 134.111817 0.611767 2.434073 0.125000 0.434640 
100.070063 20.629398 100.196645 0.622290 1.376510 0.125000 2.873854 
144.385896 75.045128 134.365946 74.856850 1.414166 0.015625 5.750091 
98.515117 69.386263 99.779208 25.600582 3.026990 0.125000 47.670303 
73.078538 82.689365 66.849504 91.895159 8.647919 0.125000 16.968635 
154.315254 51.877795 155.073710 68.092317 2.847709 0.062500 3.472415 
170.440446 49.376929 170.257520 31.878842 1.367533 0.125000 1.970764 
35.715622 50.379497 0.445809 37.360444 2.471243 0.125000 27.273964 
169.466230 32.078120 158.235989 37.122113 2.280534 0.125000 0.050694 
98.272878 89.030452 89.153669 90.519794 5.942020 0.125000 4.824161 
73.114494 47.051381 84.398913 47.723532 2.792872 0.125000 0.797908 
66.765733 102.994594 65.740578 143.159854 15.186480 0.125000 127.328003 
112.053870 88.179182 97.884644 90.122511 6.701581 0.125000 17.751826 
121.588848 75.641485 122.378354 89.346002 2.352077 0.125000 0.883796 
53.766146 29.355783 52.902959 0.556723 4.010461 0.125000 28.748723 
119.375660 74.108589 88.122756 74.031202 3.777845 0.125000 42.659503 
119.262646 69.410393 121.403093 0.610318 2.615401 0.125000 49.849698 
154.637906 29.376005 154.575793 45.625768 1.297771 0.125000 1.067674 
83.119709 74.277099 73.148835 74.815997 3.946917 0.125000 1.229414 
103.116711 70.886069 119.389994 71.402741 1.725377 0.125000 6.102063 
36.929988 57.919550 56.841851 63.248856 2.091817 0.125000 11.904754 
155.509554 46.989696 169.370447 45.580223 3.983675 0.125000 2.835356 
115.490925 143.658647 113.233841 116.656926 12.768931 0.125000 71.316381 
88.865753 40.623636 88.788725 69.376778 1.323666 0.125000 7.870688 
57.514189 0.607802 55.824140 60.630607 2.674920 0.125000 76.030865 
174.377617 75.270026 154.369488 75.122495 2.619749 0.125000 15.860896 
81.490616 126.844455 83.389609 102.947364 8.565647 0.125000 48.296555 
90.029527 119.186401 92.431408 143.441251 6.712303 0.125000 28.325909 
71.244642 50.612710 71.542517 65.631594 1.497622 0.125000 3.456020 
104.442487 113.734863 95.661687 114.706534 3.034769 0.125000 5.583124 
80.815729 143.133880 80.679339 126.864066 5.115087 0.125000 4.349582 
133.203650 68.123922 132.809719 39.379321 1.352657 0.125000 10.098574 
61.880923 39.374993 61.925471 76.876425 2.540090 0.125000 4.333552 
128.659293 43.119073 128.950737 69.393571 3.735905 0.125000 13.000786 
