120.726064 47.581495 106.761605 44.984820 2.040321 0.125000 0.883796 
0.147834 18.868793 89.183008 40.177220 5.205525 0.125000 150.978956 
69.615085 128.723904 93.530607 119.136810 5.341185 0.125000 19.039467 
94.016675 118.425750 118.108570 109.331475 3.663255 0.125000 19.693158 
148.066683 40.076494 119.506625 43.113008 4.971977 0.125000 28.272052 
109.588267 44.413067 110.729887 0.530172 9.234660 0.125000 159.415163 
29.794313 143.039027 69.185616 128.849264 5.222611 0.125000 51.642189 
30.484573 40.108304 0.391279 34.345484 3.500161 0.125000 34.925376 
118.000775 111.644003 138.158356 114.101383 2.784159 0.125000 17.321641 
82.142101 41.928993 0.497579 23.695556 2.830369 0.125000 83.294913 
136.901159 116.582532 116.948970 114.797975 2.267345 0.125000 16.420204 
39.541267 2.690530 71.644919 14.976224 1.614198 0.125000 8.084162 
141.778833 110.740363 145.028041 43.036362 8.840257 0.125000 138.585144 
51.912918 24.238987 38.184456 20.411730 1.875441 0.125000 2.576231 
69.492793 16.560654 36.887152 4.342571 1.461202 0.125000 12.058439 
174.416359 57.925473 147.055560 52.253936 3.209107 0.125000 9.867370 
72.905670 26.299365 43.201913 16.638520 1.990802 0.125000 9.711716 
115.199667 108.229065 118.148573 49.438882 5.369448 0.125000 123.911778 
151.867175 117.057259 138.088905 116.465708 3.961019 0.125000 3.294530 
47.025698 0.264075 72.934294 11.081746 1.825363 0.125000 9.378608 
174.399100 38.806709 154.379930 39.514441 1.558363 0.125000 2.576231 
156.875000 41.875000 174.375000 41.875000 1.250000 0.125000 1.970764 
