88.162158 123.975648 70.601320 124.286276 7.587257 0.125000 25.956586 
141.899616 123.365327 89.352013 124.233252 4.607095 0.125000 50.281784 
71.770717 124.196447 6.826088 122.300119 8.445373 0.125000 139.995684 
75.501787 116.355637 115.420531 123.087468 4.500077 0.125000 38.797233 
3.531845 131.990283 8.746591 0.500930 8.958865 0.125000 372.647538 
174.390299 122.270285 143.090426 123.481732 3.940572 0.125000 28.686196 
54.070315 110.718200 75.359095 115.547240 9.915814 0.125000 54.629022 
11.874996 87.246475 174.375009 87.248133 3.750982 0.125000 235.564953 
41.601979 98.894768 11.087220 88.071796 3.876682 0.125000 27.319300 
148.125646 19.235900 121.876211 19.114088 4.994146 0.125000 23.929742 
56.907703 99.996410 46.804118 100.528138 4.007592 0.125000 5.301648 
99.322149 15.760421 63.206683 1.665699 4.970067 0.125000 39.588911 
45.636929 99.785830 40.619232 99.821869 3.767859 0.125000 1.067674 
100.652217 98.253279 85.611164 98.080674 6.364337 0.125000 24.921977 
85.400555 99.098948 56.609216 97.238799 9.415051 0.125000 60.168482 
149.489570 95.060701 114.305076 93.745203 8.662341 0.125000 107.937861 
174.519194 99.371586 150.369791 96.593419 6.351907 0.125000 39.055691 
116.785987 95.203788 101.230659 98.491011 10.559264 0.125000 37.265622 
37.688486 101.830807 48.930306 105.900457 5.126908 0.125000 7.149246 
174.410251 91.989666 150.605577 91.250558 2.847927 0.125000 30.869644 
9.437249 90.462469 37.176939 101.086638 2.880954 0.125000 23.074217 
147.016290 3.112964 146.945999 16.888119 5.063718 0.125000 31.772734 
8.062483 117.272522 53.095301 113.970026 7.696039 0.125000 87.257480 
130.624369 116.837354 161.886538 116.313245 1.543170 0.125000 13.710934 
174.374180 113.102909 104.377837 115.701412 2.269330 0.125000 27.138538 
136.903314 120.850532 119.382150 120.366295 1.839512 0.125000 1.970764 
74.272942 136.662501 65.699507 140.780133 1.756840 0.125000 0.164584 
119.365019 117.601824 129.385219 117.410656 1.416677 0.125000 1.970764 
55.629785 93.849521 34.372457 93.989910 2.623772 0.125000 16.442587 
141.909737 138.043347 151.728090 142.220324 1.639578 0.062500 0.616176 
157.968924 142.208736 128.076343 128.229042 2.940580 0.125000 10.787410 
111.887470 110.548166 128.115765 113.181902 1.834594 0.125000 1.653093 
134.011235 143.329092 135.167655 138.307542 3.654349 0.125000 0.164584 
88.134970 91.628810 65.621273 90.717031 1.906543 0.125000 9.366697 
