85.348014 62.314381 90.313962 52.959882 3.516659 0.125000 1.229414 
89.125299 55.689051 88.801013 48.096128 3.853260 0.125000 0.050694 
45.569983 48.149582 45.121896 24.360931 4.008287 0.125000 16.187706 
93.021085 46.847593 93.627606 16.885174 2.904259 0.125000 21.765382 
81.903679 20.895802 69.384559 21.131889 2.664535 0.125000 7.389304 
40.116082 20.612304 39.521643 44.441024 5.123138 0.125000 15.190328 
67.344936 22.897228 64.050517 52.259342 7.616948 0.125000 66.683219 
58.679809 25.617907 58.577665 35.629618 1.351954 0.031250 1.970764 
91.846819 54.373282 91.818253 75.624924 2.520160 0.125000 8.739380 
138.652763 89.341542 137.626695 73.156591 2.732252 0.125000 1.702576 
79.405403 73.270892 60.635215 72.754032 2.705496 0.125000 8.739380 
48.058697 77.395859 36.788224 78.420721 1.923730 0.062500 0.616176 
38.199070 45.678346 38.993891 63.198995 3.406261 0.125000 7.475045 
55.116652 61.792151 54.817280 68.145839 3.863508 0.125000 3.456020 
55.974462 39.390633 56.535019 26.859791 1.751508 0.125000 6.486214 
68.125000 80.625000 81.875000 80.625000 1.250000 0.062500 0.616176 
133.234472 77.259184 123.029061 77.942833 5.573661 0.125000 0.940023 
44.657790 48.120394 44.861648 60.637432 2.642156 0.125000 6.102063 
48.385679 14.365743 47.964560 59.373499 1.285031 0.125000 19.423771 
154.542315 61.875839 154.849601 0.608572 6.300076 0.125000 124.523142 
70.620056 26.264171 81.879051 26.351260 1.336979 0.125000 0.164584 
144.372572 68.508238 169.379487 68.666658 1.400430 0.125000 7.389304 
81.897936 28.887921 69.367111 28.722463 2.499782 0.125000 7.389304 
87.754487 129.374054 87.875819 81.874363 12.611713 0.125000 108.889335 
34.892219 68.129670 35.072770 48.131300 3.772417 0.125000 9.752547 
170.713603 71.473161 145.595965 74.097060 4.323571 0.125000 25.508236 
81.881473 82.968772 68.126011 82.905455 2.534496 0.125000 0.426994 
153.129703 64.212413 174.361935 64.826622 1.466348 0.125000 0.797908 
174.379600 62.116073 144.366676 62.688806 2.785736 0.125000 12.105041 
105.619521 21.938375 104.089300 51.987760 3.808719 0.125000 20.559011 
130.605491 60.188025 141.944503 59.681799 2.497512 0.125000 6.486214 
140.686053 81.003090 158.134768 78.185493 4.659969 0.125000 15.497817 
106.790377 53.123105 107.490276 21.860790 1.669356 0.125000 16.751076 
64.381916 89.295346 66.453279 121.980941 13.169075 0.125000 108.751731 
158.115026 77.046066 171.891076 77.849265 3.005057 0.125000 1.855669 
41.711542 58.145240 41.898189 48.125432 0.787749 0.031250 0.465614 
161.588339 25.621216 161.307684 46.884011 1.480859 0.125000 6.102063 
116.495794 82.042763 119.139478 68.320445 3.164271 0.125000 6.848509 
155.586610 88.264590 140.682558 84.165713 4.278685 0.125000 6.145961 
106.573365 0.614957 105.865226 21.882999 1.790067 0.125000 6.126021 
41.875000 80.625000 59.375000 80.625000 1.250000 0.125000 1.970764 
49.343747 0.618774 49.382095 8.124964 2.531897 0.031250 6.702577 
105.039326 50.609379 104.472053 71.877589 2.832397 0.125000 8.275987 
159.366575 80.755447 170.650240 81.484194 1.811338 0.125000 0.820776 
38.576708 84.346881 40.679191 118.121627 4.364054 0.125000 51.021392 
45.552103 115.627345 45.028684 99.353975 2.659446 0.125000 1.702576 
14.375000 80.625000 33.125000 80.625000 1.250000 0.125000 2.873854 
34.375000 31.875000 34.375000 0.625000 1.250000 0.125000 11.001664 
11.875000 0.625000 11.875000 65.625000 1.250000 0.125000 36.288184 
31.875000 83.125000 15.625000 83.125000 1.250000 0.125000 1.067674 
168.425411 44.715971 163.480996 30.946012 3.016093 0.125000 0.434640 
8.125000 13.125000 8.125000 55.625000 1.250000 0.125000 20.032564 
36.875000 9.375000 36.875000 23.125000 1.250000 0.062500 2.873854 
