95.490036 28.124258 95.180758 84.379430 5.103006 0.125000 81.921928 
145.423199 26.878916 146.151975 64.437539 5.023309 0.125000 58.351780 
140.606197 27.582679 96.820683 26.419285 4.865431 0.125000 50.381030 
115.839687 85.631654 117.582613 29.396932 3.051175 0.125000 62.191466 
141.467040 74.375433 141.417906 28.125486 3.776557 0.125000 69.219341 
172.094062 86.892811 171.420399 0.618789 4.804643 0.125000 115.286760 
146.909585 63.105788 147.283961 88.137579 4.048668 0.125000 38.181838 
120.162333 29.367297 119.371402 76.874940 4.061596 0.125000 41.167140 
140.855466 0.148508 142.411714 29.479169 16.237305 0.125000 127.544371 
144.402572 87.820546 121.865319 87.420800 2.876461 0.125000 16.275264 
96.874166 84.877847 114.376191 84.906862 2.526936 0.125000 12.304394 
119.033242 16.744057 119.952482 5.569677 4.044824 0.125000 1.702576 
100.515571 3.172064 100.000657 15.650817 3.901417 0.125000 4.864122 
119.077734 76.791435 119.858427 85.692236 2.818095 0.125000 0.050694 
103.169278 87.611851 93.029059 86.736888 2.056283 0.125000 0.164584 
114.381189 87.383233 103.102417 87.520587 2.606365 0.125000 5.583124 
7.839837 30.685872 9.739921 0.569160 3.675643 0.125000 34.936281 
91.933573 84.541859 0.585382 83.048601 8.847436 0.125000 172.616458 
111.887308 3.203816 102.125387 4.728316 5.982280 0.125000 3.885675 
141.303805 85.627121 141.271283 76.867959 2.523188 0.125000 0.820776 
80.724283 35.028215 71.805225 33.544416 3.081509 0.125000 2.576231 
83.703030 14.482338 82.605857 33.167914 3.597010 0.125000 9.741820 
0.608890 78.338814 91.889105 79.343423 2.938146 0.125000 106.926346 
56.887588 41.019739 45.621631 40.853927 3.859967 0.125000 12.304394 
150.616960 87.203119 168.137070 87.632441 1.647704 0.125000 8.756152 
89.022630 71.606713 91.703281 55.596249 3.497757 0.125000 10.390293 
95.574230 89.354066 95.902194 108.141981 3.858513 0.125000 24.995467 
165.259984 58.122073 165.440398 35.623520 1.370240 0.125000 3.456020 
147.278059 90.602054 146.802457 108.156900 3.951743 0.125000 18.743487 
26.850213 39.076600 19.298487 39.703887 3.008796 0.125000 0.797908 
116.409847 108.147931 115.481695 89.320442 2.989347 0.125000 21.207173 
95.618008 14.223181 83.201911 14.795000 3.861044 0.125000 3.851484 
42.818974 31.479250 30.550108 27.084054 3.284593 0.125000 9.438675 
13.122388 112.248261 83.125353 112.162283 7.524559 0.125000 127.489950 
121.953585 83.537011 138.178124 85.058520 3.072633 0.125000 6.953153 
58.571520 19.399968 59.153608 38.131880 3.825840 0.125000 6.289854 
0.314115 111.837126 12.008994 113.313802 7.284328 0.125000 21.500653 
172.033331 103.232641 171.154793 94.322761 3.977219 0.125000 0.664633 
95.629226 116.725302 94.853300 123.182475 3.247349 0.125000 1.067674 
138.125000 78.125000 123.125000 78.125000 1.250000 0.125000 0.164584 
146.552574 109.324213 145.583317 139.333280 4.232275 0.125000 1.067619 
82.965312 109.907198 93.515704 113.072888 7.064058 0.125000 3.662453 
120.646227 111.658779 132.031924 112.776527 6.464352 0.125000 4.746480 
122.846205 10.614880 122.346121 24.392101 1.657260 0.125000 6.486214 
103.033791 111.565021 114.539329 112.681389 6.100067 0.125000 9.214542 
127.473576 24.383226 127.697080 8.119119 1.438819 0.125000 8.292394 
150.625230 58.119236 164.403176 58.669445 1.697905 0.125000 0.164584 
