36.431086 73.131712 36.680967 43.123384 2.728899 0.125000 31.033607 
65.649368 74.504098 38.108035 73.905368 4.047959 0.125000 42.596452 
38.102400 41.422921 65.651109 42.203214 3.242209 0.125000 20.694162 
67.682068 43.096909 65.777064 73.134644 4.533646 0.125000 51.098858 
49.379377 39.144240 38.133422 38.930942 2.570663 0.125000 4.680034 
49.380307 3.028316 16.841125 1.242092 2.701787 0.125000 16.294391 
67.486316 9.370726 67.704831 40.627937 3.723693 0.125000 16.575611 
37.736030 38.122034 37.628394 6.872405 6.293018 0.125000 43.159627 
33.137708 42.659913 6.873163 41.942246 1.932393 0.125000 20.935654 
5.602484 5.169760 35.613810 6.019995 5.351984 0.125000 35.467522 
13.144853 2.198865 0.597028 1.929883 2.740532 0.125000 5.096624 
37.913400 6.204703 67.945420 9.677824 8.835670 0.125000 60.607227 
1.321267 6.873442 1.240341 35.626732 1.327394 0.125000 13.631274 
4.358808 39.887847 33.119604 40.795895 1.801620 0.125000 17.323294 
1.213134 41.870239 0.997266 71.877678 1.465777 0.125000 15.860896 
34.862127 8.096714 34.258710 24.370688 3.979007 0.125000 17.058749 
3.125000 71.875000 3.125000 41.875000 1.250000 0.125000 11.001664 
4.340554 36.846432 3.635878 6.862993 5.116098 0.125000 28.554031 
5.127483 43.122447 4.979896 71.878105 2.576953 0.125000 30.869644 
70.621977 60.878142 174.372110 62.116990 1.891677 0.125000 93.271773 
70.625000 23.125000 70.625000 14.375000 1.250000 0.007812 5.282094 
36.862198 78.881101 64.369055 79.056638 5.143481 0.125000 61.206754 
70.606195 56.874996 70.612562 24.374998 1.253183 0.125000 11.001664 
36.389483 115.623129 36.514701 83.123612 2.567407 0.125000 36.288184 
65.515310 85.628448 66.537211 118.135619 3.433942 0.125000 30.828346 
0.622584 77.187122 30.630462 77.419409 1.482181 0.125000 14.614024 
174.373494 59.483347 103.119888 58.492656 1.979754 0.125000 42.119172 
98.117609 58.385080 71.888793 57.639666 2.392460 0.125000 4.824161 
148.125000 86.875000 109.375000 86.875000 1.250000 0.125000 17.323294 
78.125000 84.375000 133.125000 84.375000 1.250000 0.125000 29.063464 
31.875000 139.375000 0.625000 139.375000 1.250000 0.125000 11.904754 
65.599737 137.758660 40.632272 139.480446 1.250000 0.125000 7.389304 
