90.321785 28.093093 89.397412 36.877358 2.086961 0.125000 0.164584 
71.647142 8.129576 71.724549 33.129336 3.780945 0.125000 37.669546 
70.685618 34.330256 48.856942 4.757395 3.328203 0.125000 17.477729 
71.662205 40.633607 73.281547 80.669227 3.154693 0.125000 32.494700 
130.768569 46.848827 130.057895 76.891154 3.001845 0.125000 31.505821 
86.051904 44.389225 86.678765 25.576809 3.706291 0.125000 8.442135 
113.129031 26.681709 100.608409 26.420610 3.879491 0.125000 2.246834 
83.696204 24.428363 83.409171 0.606515 12.589455 0.125000 61.987342 
60.672538 81.874294 60.356927 60.628982 2.741101 0.125000 19.641228 
127.345491 59.305343 125.662002 47.934456 4.624915 0.125000 4.557628 
88.539093 40.593538 90.057089 60.573177 3.739223 0.125000 19.604676 
55.594771 60.607676 55.861266 79.371644 2.730515 0.125000 22.099308 
110.630832 77.318856 100.599714 77.450667 3.042557 0.062500 1.900835 
115.861210 45.676679 114.911120 27.038832 5.884446 0.125000 38.446780 
150.640400 49.627997 165.660835 48.713717 3.743072 0.125000 0.940023 
168.332142 41.879527 168.460306 0.622159 2.620362 0.125000 38.586184 
47.180895 7.587097 67.801537 34.926154 2.833573 0.125000 20.905616 
125.449900 46.886207 124.648030 34.357525 4.061703 0.125000 0.218016 
101.262018 26.867442 101.484458 45.614802 3.912870 0.125000 19.653970 
3.952792 89.375497 3.902775 46.875556 3.797072 0.125000 61.431339 
98.924244 75.662441 96.002743 40.489797 6.435492 0.125000 45.692231 
26.903368 1.285417 54.399856 2.608401 2.977702 0.125000 4.000928 
165.370776 50.397208 167.459351 59.527273 3.934318 0.125000 5.096624 
89.758255 0.581556 91.468724 15.671053 3.610428 0.125000 4.557628 
95.614455 1.986948 100.630916 1.964795 3.772043 0.125000 1.067674 
43.742349 33.972500 62.374096 47.880913 4.006740 0.125000 27.273964 
100.616910 19.189659 119.380405 19.083905 2.499960 0.125000 16.420204 
42.558706 85.628292 42.202589 24.373096 1.540657 0.125000 57.025014 
166.464961 62.314573 154.793030 51.426860 4.631699 0.125000 8.712693 
127.195089 75.601232 127.610156 59.361841 2.595000 0.125000 12.807844 
138.211189 61.869946 136.157284 26.843787 8.950604 0.125000 69.939767 
64.352955 41.875916 65.962314 80.610985 3.172416 0.125000 22.894876 
23.127949 2.831428 0.617663 2.605270 2.650570 0.125000 11.124244 
97.560638 39.491266 98.392561 25.641071 1.870502 0.125000 0.820776 
108.266783 49.374267 108.395959 74.373600 1.359784 0.125000 7.389304 
165.725133 38.392896 159.011433 40.902311 3.217058 0.125000 0.820776 
152.233200 38.144936 151.674506 48.183411 2.843445 0.125000 6.102063 
158.237925 14.943739 162.489091 23.443067 3.914225 0.125000 1.855669 
141.757617 38.231835 166.877817 35.652436 3.441669 0.125000 10.912266 
120.804455 31.869861 120.966243 76.873773 3.907255 0.125000 26.328444 
167.057663 71.724615 168.463543 61.746578 2.998746 0.125000 0.883796 
55.767727 81.877553 55.410098 101.871156 3.972954 0.125000 17.249225 
155.767534 76.912379 155.006141 54.353698 2.667239 0.125000 23.884372 
105.528326 75.622774 106.132494 49.386687 3.720229 0.125000 5.434843 
40.598658 87.938244 25.545521 90.061526 3.713243 0.125000 6.677210 
0.619186 5.207911 23.114815 4.894332 1.563488 0.125000 19.129474 
172.646457 80.662474 171.763239 69.383752 2.257717 0.062500 0.805318 
116.122066 114.427415 114.897642 96.838617 9.541821 0.125000 32.215913 
30.904572 20.622731 31.381431 79.379006 2.753531 0.125000 63.105992 
144.003047 65.618093 143.816976 75.637850 2.638823 0.125000 2.576231 
88.011691 85.593086 87.015966 128.128300 8.191782 0.125000 57.709367 
39.117746 23.127614 39.740071 84.371290 2.182342 0.125000 29.414821 
151.233570 53.099818 152.268428 78.108720 3.066345 0.125000 14.491747 
77.787326 30.600595 78.222602 46.872389 2.532532 0.125000 1.702576 
73.415113 81.805364 71.501109 108.188558 3.830616 0.125000 23.093660 
136.797773 25.803976 138.159610 16.880282 2.952768 0.125000 4.680034 
4.605555 109.412568 3.864440 89.301686 3.655390 0.125000 14.491747 
25.794987 60.931948 22.462930 49.207906 5.657502 0.125000 7.673113 
60.789685 48.081216 60.601827 58.101130 3.749341 0.125000 3.508045 
18.286385 50.555936 17.807466 58.104855 2.732414 0.125000 2.873854 
100.625000 58.125000 100.625000 73.125000 1.250000 0.125000 0.164584 
137.494151 74.384210 137.329409 63.100116 2.499734 0.125000 4.336995 
168.142959 80.177387 143.032924 79.169938 4.294421 0.125000 24.890011 
60.272555 98.122095 60.375579 85.622944 2.551429 0.125000 1.720471 
94.976456 118.143171 95.885417 88.057337 5.299704 0.125000 38.343412 
52.009004 85.229499 44.115059 86.467445 3.511060 0.125000 4.680034 
148.902602 73.230867 146.915893 64.365836 3.259548 0.125000 2.510782 
29.395024 80.065070 15.620351 80.464775 1.575783 0.125000 1.067674 
125.547162 109.368919 127.794816 80.599204 2.979207 0.125000 17.093108 
101.941596 89.300859 100.054766 119.417588 3.354868 0.125000 26.818236 
108.125000 29.375000 108.125000 44.375000 1.250000 0.125000 0.164584 
114.707693 97.066215 115.576003 84.202935 6.740932 0.125000 15.663201 
81.011309 68.309817 79.454818 50.508723 6.661772 0.125000 27.684643 
11.409667 49.374806 11.397189 79.375321 1.261958 0.125000 11.001664 
65.669427 86.855237 65.860518 99.371404 2.633284 0.125000 8.292394 
89.840517 63.110339 90.117058 71.890997 1.485471 0.125000 1.067674 
130.483701 85.623557 130.241126 109.371079 2.589244 0.125000 15.342551 
90.623025 130.536165 90.171890 143.242059 6.467837 0.125000 27.321409 
42.035592 108.130246 42.648820 89.359444 1.657481 0.125000 8.756152 
113.143636 10.925622 93.126812 10.532706 1.421482 0.125000 2.873854 
24.557653 89.275580 15.442069 90.722666 3.703623 0.125000 10.098574 
45.587076 48.585932 58.118207 47.983666 1.368574 0.062500 0.465614 
118.125000 73.125000 118.125000 51.875000 1.250000 0.125000 4.680034 
125.294392 19.834860 114.323073 11.947228 2.029863 0.125000 4.680034 
3.114181 27.549836 29.378401 27.055813 1.625907 0.125000 5.468486 
13.993999 79.384136 14.230508 56.886622 1.486453 0.125000 4.680034 
105.625000 44.375000 105.625000 29.375000 1.250000 0.125000 0.164584 
72.138397 109.381130 71.672529 129.399378 4.853235 0.125000 14.891772 
116.713113 0.783027 127.825758 12.167107 4.515069 0.125000 9.990166 
108.419166 138.899319 112.157436 131.387633 3.788475 0.125000 0.426994 
13.120676 33.694032 28.129308 33.808091 1.354454 0.125000 9.195484 
135.506989 113.049450 136.887241 88.056644 3.675367 0.125000 31.641506 
29.390104 20.674864 9.378281 20.907389 2.441738 0.062500 3.107848 
