54.819165 55.583815 75.564771 47.961085 5.675489 0.125000 20.904645 
91.953336 35.624275 91.940965 55.625041 3.754638 0.125000 21.298988 
77.831921 45.636982 77.421694 35.602650 3.695810 0.125000 1.229414 
95.369969 68.126733 94.911209 0.604371 5.084810 0.125000 112.863339 
81.214199 73.030938 81.727556 83.068612 7.490211 0.125000 1.962270 
139.296386 54.347698 147.598644 30.442199 4.921094 0.125000 25.981593 
138.763475 76.870941 138.904568 55.613581 5.033076 0.125000 24.089710 
54.180314 75.699580 55.247540 60.598324 5.970092 0.125000 12.872920 
157.083344 13.281775 167.607929 -0.704692 5.251184 0.125000 25.554150 
146.713017 33.299653 158.675529 17.592292 4.023857 0.125000 18.906105 
153.129636 82.434423 113.101309 82.766126 6.249785 0.125000 90.865730 
28.113304 65.605144 16.481254 72.456509 4.750878 0.125000 3.770729 
26.251402 0.620041 26.354518 65.625826 5.019822 0.125000 82.404140 
85.464036 65.377142 82.167482 73.071418 7.221746 0.125000 13.650421 
99.405739 0.615093 99.957053 71.889835 4.271988 0.125000 146.328471 
108.051614 76.969658 153.156949 78.245390 6.022865 0.125000 59.893224 
16.646396 72.039046 0.429381 73.626094 4.462655 0.125000 15.599063 
24.373146 15.731377 9.377700 15.470050 2.630304 0.125000 0.434640 
10.308830 69.409601 8.927448 56.787181 2.621149 0.125000 3.403198 
5.818580 54.350501 7.726454 69.425440 2.323269 0.125000 6.829207 
40.316455 79.831845 54.725414 82.436542 9.499878 0.125000 23.273155 
28.127240 54.119178 56.864092 54.370799 2.620295 0.125000 32.675824 
28.126720 32.904042 78.113963 33.293101 3.925002 0.125000 49.849698 
3.106597 0.589669 3.502781 14.400022 2.785729 0.125000 6.848509 
81.874196 88.050755 26.874222 88.013140 5.005128 0.125000 65.727296 
103.125307 33.189264 145.630306 32.986337 1.267889 0.125000 17.641629 
7.244413 14.387010 7.651691 1.859612 1.574278 0.125000 1.653093 
85.593508 55.035539 88.517712 61.080327 6.170595 0.125000 1.702576 
55.612119 13.508902 65.642768 13.845472 2.666270 0.125000 2.576231 
0.612057 18.897108 24.376333 19.295483 4.978346 0.125000 30.534386 
82.092827 90.606061 81.840200 104.374361 2.728896 0.125000 6.848509 
103.124254 54.174004 138.123771 54.044072 1.379924 0.125000 12.304394 
53.126952 57.077055 34.366626 57.258324 1.406948 0.125000 2.873854 
5.451728 41.977142 18.064966 43.593483 3.560700 0.125000 1.486207 
103.125737 11.970747 150.632543 11.605136 1.355779 0.125000 22.741834 
14.614323 13.128645 14.569224 0.624299 2.540559 0.125000 7.389304 
95.709646 75.405723 105.252659 79.089554 5.564832 0.125000 3.586135 
54.940859 105.647249 55.484515 91.820328 2.792732 0.125000 5.962107 
85.626848 19.694794 56.870585 19.860946 1.408871 0.125000 9.195484 
18.956499 1.871665 18.866781 13.130911 1.339602 0.031250 1.970764 
51.875608 36.198453 29.374502 36.178217 1.270234 0.125000 4.680034 
55.643102 19.648302 34.377240 19.254154 1.296113 0.125000 3.776944 
150.626261 13.754923 103.123949 13.850029 1.345098 0.125000 38.997454 
136.879470 56.158734 103.121369 56.441462 1.522137 0.125000 31.033607 
75.630502 40.806740 56.859863 41.375028 1.779004 0.125000 10.529091 
143.126873 35.092106 103.122973 34.951469 1.390614 0.125000 41.706724 
53.097015 62.601660 33.078566 61.830710 2.450044 0.125000 14.971112 
84.364322 76.722807 96.715829 75.856250 4.178217 0.125000 6.467797 
174.613533 103.679126 154.799308 96.887165 3.919187 0.125000 27.624343 
10.156784 3.117507 9.996476 13.134945 1.409848 0.125000 1.067674 
100.737872 89.379245 99.797260 114.390880 3.014965 0.125000 27.027597 
30.665605 69.053489 42.969358 70.607380 3.720446 0.125000 2.486513 
55.642828 40.889115 34.377178 40.504570 1.272396 0.125000 1.697763 
174.530118 131.350689 158.186472 129.921852 4.654405 0.125000 16.561053 
24.295443 80.010497 34.448921 78.695967 3.121280 0.125000 6.486214 
66.874901 17.446879 86.875083 17.443972 1.252725 0.125000 0.820776 
19.459248 66.868003 18.419707 54.350525 1.866429 0.125000 1.697763 
161.946907 123.553603 174.424011 123.019116 4.014052 0.125000 6.848509 
85.625000 0.625000 56.875000 0.625000 1.250000 0.125000 10.098574 
33.125000 16.875000 51.875000 16.875000 1.250000 0.125000 2.873854 
138.844300 119.372427 138.947319 98.122927 3.804496 0.125000 16.720712 
94.688673 109.385293 95.304606 90.614487 1.700269 0.125000 12.807844 
164.331184 77.267727 160.993521 66.271993 5.873651 0.125000 13.137834 
79.422204 96.074113 58.172350 94.821647 3.010500 0.125000 23.884372 
63.125000 29.375000 85.625000 29.375000 1.250000 0.125000 5.583124 
85.625000 8.125000 66.875000 8.125000 1.250000 0.125000 2.873854 
