79.390101 70.567471 69.360051 70.694484 3.813011 0.125000 6.799042 
64.398899 33.125680 63.935955 49.398071 4.103960 0.125000 10.695739 
131.930481 6.504627 68.118971 10.529420 5.844180 0.125000 90.830307 
128.738892 66.273051 142.689884 51.530375 4.588381 0.125000 8.542745 
90.646804 46.697884 75.602211 47.003631 2.728067 0.125000 12.811411 
68.121394 50.485401 78.127814 50.459434 3.144450 0.125000 0.149785 
75.629860 28.324856 91.870257 27.929956 2.772734 0.125000 13.809694 
130.619071 50.495061 154.376645 49.411054 3.290298 0.125000 18.816157 
70.005669 58.220772 70.329590 51.859956 3.999440 0.125000 0.797908 
5.630216 78.198263 28.193832 76.591753 2.312134 0.125000 18.226384 
66.090021 16.823044 65.800535 28.161396 6.471293 0.125000 5.465453 
64.016944 66.807051 64.497537 73.115665 2.777628 0.125000 1.067674 
65.116463 51.854675 64.563797 65.682505 4.196287 0.125000 23.884372 
46.864246 79.731343 1.870762 80.272796 2.575026 0.125000 23.717815 
64.138965 73.156795 62.884703 113.156661 4.919191 0.125000 46.550102 
120.668743 71.080607 106.925414 72.400095 3.444256 0.125000 6.126021 
84.859797 61.724295 84.102212 71.854600 5.452175 0.125000 0.532358 
101.819178 61.372370 119.407783 62.686089 3.051686 0.125000 11.074856 
122.480199 66.984559 125.972389 7.850239 12.414399 0.125000 180.511589 
51.236834 31.941966 53.985118 6.832327 10.620645 0.125000 48.157298 
49.334014 113.123907 51.499364 31.931656 5.831346 0.125000 147.426388 
174.372787 80.442097 133.113702 80.941358 3.779975 0.125000 68.757048 
29.302615 76.581369 46.891076 77.912601 2.115510 0.125000 5.946800 
71.148865 48.052453 73.003643 29.487761 6.716108 0.125000 18.520351 
132.659399 33.126458 132.631520 48.128729 3.754639 0.125000 8.896623 
108.046093 76.867032 119.252004 76.164137 4.055656 0.125000 16.420204 
119.409569 80.024920 108.125007 80.625135 4.010277 0.125000 6.009503 
135.516037 73.964391 145.669470 75.282423 2.318284 0.125000 2.873854 
91.436965 30.605371 90.819530 44.383717 1.696418 0.125000 2.510782 
131.893474 7.173616 174.385507 4.544832 1.877757 0.125000 25.698706 
90.578513 64.292505 91.692582 46.783856 4.218691 0.125000 27.912643 
174.474017 10.746653 131.835272 13.824664 2.956774 0.125000 43.397485 
131.873558 85.109716 174.373225 84.990760 1.368952 0.125000 37.191274 
157.336693 57.456117 165.350598 68.327281 6.514235 0.125000 8.282591 
69.956250 104.402533 68.975860 80.589969 3.746826 0.125000 23.269499 
59.913195 85.637403 61.440508 19.364987 3.363331 0.125000 68.360794 
121.165369 128.147478 120.648946 83.124725 6.364284 0.125000 41.792540 
168.893266 59.394739 169.824838 23.136558 3.173387 0.125000 35.175139 
63.537239 114.216563 61.527941 140.693523 5.080253 0.125000 13.656297 
168.554350 19.896586 174.733317 14.810294 2.895260 0.125000 0.820776 
0.569212 97.854418 46.911034 88.299774 2.410685 0.125000 37.453275 
120.264049 143.181591 121.145833 129.328586 3.130195 0.125000 6.953153 
174.194457 33.119203 173.511593 54.387412 1.730717 0.125000 11.184171 
140.117972 47.114693 137.018057 40.557371 3.924490 0.125000 1.653093 
