28.219425 7.436028 9.390264 8.417759 4.472536 0.125000 30.569928 
8.724940 7.824216 -0.001577 5.244769 4.523432 0.125000 9.642303 
47.780933 -0.275799 26.319806 7.921452 5.457574 0.125000 54.349984 
10.618027 59.650627 134.352087 62.780756 2.990126 0.125000 165.577072 
134.346318 65.667789 10.629481 62.923011 3.333193 0.125000 137.750505 
0.624020 90.201709 163.125273 90.394287 2.532588 0.125000 157.729558 
160.147651 67.192701 154.385982 58.535749 5.199511 0.125000 2.835356 
155.167427 58.173797 154.217299 0.586355 6.352253 0.125000 198.118259 
174.712040 110.451507 125.793988 104.284543 6.826305 0.125000 93.024674 
10.812119 10.600904 11.588075 56.879811 4.357189 0.125000 93.605538 
6.466380 58.153644 5.623607 9.353437 3.274590 0.125000 70.664644 
117.630881 39.148752 135.764971 -0.455613 8.009716 0.125000 138.494352 
107.978238 59.506213 115.421675 50.213372 7.028287 0.125000 2.371854 
169.378981 93.685428 80.624723 93.172988 1.596395 0.125000 34.917623 
161.605032 88.427702 159.371472 67.988786 4.970410 0.125000 25.337593 
64.375000 121.875000 80.625000 121.875000 1.250000 0.125000 1.067674 
113.411390 48.847746 117.687700 39.757309 5.056478 0.125000 11.074856 
71.875000 93.125000 21.875000 93.125000 1.250000 0.125000 25.451104 
145.625000 141.875000 174.375000 141.875000 1.250000 0.125000 10.098574 
