67.135545 48.061044 135.602075 33.020642 3.690652 0.125000 101.141161 
139.926916 0.621190 140.151406 33.136900 2.508570 0.125000 25.598574 
138.411173 35.727253 69.063505 50.403097 4.044160 0.125000 69.316341 
66.653206 50.593794 67.110335 65.655795 5.263138 0.125000 4.699236 
64.039924 19.348408 64.839599 46.861496 6.065781 0.125000 26.244589 
169.340090 80.793844 174.415522 80.629962 2.619719 0.015625 0.674597 
64.141685 16.365865 100.254635 -0.183202 3.503957 0.125000 42.593508 
96.942177 8.405776 86.917859 10.804137 3.356210 0.125000 2.560371 
51.480112 58.091708 51.907492 53.022356 2.587336 0.062500 0.465614 
62.088008 0.562912 61.644410 16.902675 3.952157 0.125000 10.082962 
51.539494 75.607394 51.202707 58.113878 1.562557 0.125000 9.195484 
102.088673 48.397006 91.593576 49.870404 4.082532 0.125000 7.653196 
59.286808 75.496607 48.142964 83.151153 5.276735 0.125000 3.323118 
109.576354 2.173302 96.964531 3.813444 3.536607 0.125000 0.434640 
166.954545 0.612396 167.701120 79.367169 4.164552 0.125000 162.392848 
61.265311 69.817176 57.716529 74.956130 3.244779 0.125000 0.164584 
165.616085 85.775182 174.409302 86.297181 1.618175 0.062500 2.873854 
50.804157 41.432305 62.054877 38.935549 4.473370 0.125000 4.304398 
84.916965 10.445233 65.950687 20.049733 5.111007 0.125000 22.706994 
60.363018 30.461910 54.423537 21.055100 5.450680 0.125000 9.886491 
174.897276 96.428787 167.782289 94.238034 4.410765 0.125000 7.389304 
161.231131 84.376487 161.037684 0.621160 6.434757 0.125000 240.603199 
53.121084 103.522487 60.632669 103.596483 2.549070 0.062500 0.616176 
136.588568 25.640569 136.335007 0.617805 2.499872 0.125000 22.991712 
25.469256 104.104503 37.109279 102.912219 7.109064 0.125000 12.320232 
48.404239 14.111382 59.802370 10.884641 6.694643 0.125000 2.636187 
116.848251 97.741283 133.279814 96.595844 3.567069 0.125000 13.650421 
126.585527 3.634109 94.576361 16.140374 2.583070 0.125000 27.263089 
49.321085 80.295307 39.282309 79.707197 3.743581 0.125000 6.829207 
0.560823 104.488653 21.881257 105.492049 3.393274 0.125000 14.776697 
139.374866 98.117660 165.616133 97.638942 1.637390 0.125000 5.962107 
45.590160 107.224981 21.875696 108.142983 1.732585 0.125000 11.416468 
68.050632 102.251837 83.153999 100.965479 4.372945 0.125000 6.907656 
139.126881 37.853223 137.729988 45.553340 2.797283 0.125000 1.067674 
98.043512 11.677742 125.504566 0.333467 2.386300 0.125000 22.371880 
25.588956 81.182853 0.532031 79.563886 5.956753 0.125000 22.164460 
133.114521 99.989404 116.868937 100.257249 1.455893 0.125000 3.456020 
86.853597 19.318762 70.581761 25.511384 1.778429 0.125000 6.486214 
131.889840 50.730692 100.555521 55.130151 2.692032 0.125000 34.117487 
91.941147 56.086181 75.491687 58.445537 2.124697 0.125000 9.195484 
69.411411 23.216356 85.583485 16.770838 1.632336 0.125000 3.456020 
64.246827 82.883130 55.636015 81.788360 2.637691 0.125000 0.164584 
