64.371494 54.546074 90.621217 54.460784 2.581215 0.125000 18.883306 
114.238388 0.167305 97.947351 5.029818 4.308374 0.125000 3.770729 
139.390497 54.546798 150.640119 54.481547 5.050667 0.125000 5.336485 
150.934267 53.299049 159.900289 59.222043 4.860879 0.125000 7.917544 
89.257518 53.227565 85.299958 0.461873 5.733920 0.125000 128.678521 
90.695880 63.812969 64.343977 64.776772 6.702697 0.125000 48.540297 
53.119245 3.174711 26.930835 0.142728 4.300155 0.125000 22.737566 
92.487431 95.579043 90.155536 64.504030 5.360134 0.125000 51.311268 
142.230769 74.567458 140.400042 54.170801 6.001483 0.125000 23.657409 
54.996679 53.146576 53.321664 4.368247 4.176780 0.125000 56.821553 
59.278503 3.015642 61.561683 53.196130 7.663926 0.125000 147.566266 
56.829225 93.126081 56.120703 63.113298 3.955462 0.125000 23.899005 
62.015666 63.119632 63.164315 93.218905 5.864111 0.125000 40.616417 
99.907552 6.828082 102.080115 89.369601 5.096938 0.125000 216.373535 
158.130576 77.763053 145.614289 77.570220 1.423156 0.007812 3.073691 
58.944953 51.987049 61.397703 61.400739 3.289297 0.125000 0.050694 
159.023833 60.516326 159.853125 76.914037 5.246163 0.125000 30.776105 
9.377098 61.543208 59.375099 61.859339 2.397205 0.125000 37.443052 
54.376499 63.719105 9.376786 63.832658 1.360395 0.125000 38.181838 
129.259118 72.803509 140.643799 74.224372 1.861534 0.125000 0.164584 
106.741565 27.250386 117.518515 31.081186 5.626732 0.125000 2.319990 
29.377567 54.270461 46.897696 54.700620 2.683333 0.125000 0.614840 
140.660096 76.140115 129.376135 75.601225 2.437525 0.125000 2.576231 
7.086552 63.031509 8.938489 91.982881 5.388781 0.125000 51.085275 
102.735622 91.837121 103.673947 113.155856 3.801337 0.125000 18.347765 
11.875000 65.625000 51.875000 65.625000 1.250000 0.125000 15.860896 
8.255463 95.268481 10.383943 103.510081 4.881147 0.125000 3.662037 
174.438448 80.051600 161.866679 79.614148 2.498488 0.125000 5.219043 
5.663115 34.372853 7.144814 60.680207 4.710921 0.125000 40.841377 
105.763651 41.894085 105.952821 28.129505 6.318120 0.125000 9.010332 
90.667169 0.540756 96.703994 93.136149 4.636598 0.125000 132.080081 
106.336058 71.892654 105.392610 43.091666 2.785134 0.125000 30.257893 
65.621793 81.372539 88.128854 81.228883 1.393582 0.125000 15.517114 
10.627697 83.228769 43.138223 82.383747 2.921387 0.125000 13.913139 
127.637896 73.141209 125.223912 0.596752 3.369475 0.125000 43.277886 
45.653994 68.898586 10.631562 66.767171 3.558441 0.125000 16.637183 
141.416301 89.458291 142.601183 78.201437 3.991098 0.125000 1.967896 
106.615287 88.218101 106.145055 80.592929 2.572199 0.125000 1.067674 
48.127515 53.172892 46.301123 5.599043 3.553126 0.125000 71.127865 
47.041618 80.877274 48.921387 70.321618 4.349378 0.125000 13.809694 
109.373829 79.240676 126.872499 79.088133 1.402501 0.125000 0.164584 
49.592362 5.615568 51.654426 53.134572 2.170091 0.125000 42.071000 
92.429990 111.851706 91.851694 98.073513 2.707476 0.125000 7.697740 
63.562897 95.463334 64.534712 105.609703 3.971275 0.125000 3.048414 
158.914304 39.385339 158.043825 0.598768 2.948114 0.125000 53.435178 
66.774211 91.342780 89.355540 94.513588 1.627772 0.125000 4.248691 
26.830192 92.582270 11.829241 93.820756 2.285821 0.125000 6.102063 
42.669481 5.524718 32.438218 51.998992 7.570576 0.125000 81.217527 
4.142896 16.881923 3.657491 0.609116 1.622144 0.125000 8.292394 
25.623895 55.592484 14.386867 55.974281 1.376618 0.062500 0.465614 
129.259317 0.628196 131.192841 70.609311 1.836420 0.125000 47.118245 
157.060487 82.884264 145.511386 85.006812 4.917639 0.125000 4.057129 
158.162417 90.051522 144.389492 89.152890 1.491502 0.125000 1.067674 
