131.846021 19.316828 155.639726 18.789736 4.164339 0.125000 44.466299 
156.271417 20.200857 161.039168 13.416039 4.372005 0.125000 3.508045 
126.224845 48.152198 126.795589 35.564722 7.095965 0.125000 8.929101 
117.172592 51.625427 108.636039 41.446421 3.521997 0.125000 5.468486 
165.999813 9.382100 165.928671 0.612396 5.020115 0.125000 12.058439 
126.950427 35.713875 126.487813 23.093373 8.881494 0.125000 21.597948 
125.852174 55.651324 125.985786 48.153705 3.079463 0.062500 0.966439 
126.426623 21.950152 125.704088 5.621500 2.497556 0.125000 6.009503 
78.289881 0.621123 78.173744 33.129640 2.616090 0.125000 38.997454 
66.661570 44.500596 74.376009 57.609989 4.499847 0.125000 15.479921 
73.543745 58.006863 74.348669 69.376864 4.093723 0.125000 11.948253 
48.146413 45.510658 65.642104 45.785253 3.926085 0.125000 18.779381 
113.270620 26.875434 113.348864 0.621942 2.578222 0.125000 21.498652 
129.820633 0.580633 129.468109 16.904006 4.072994 0.125000 26.354194 
124.066373 72.983879 125.535883 56.753753 3.273739 0.125000 4.057129 
58.310741 0.622765 58.281870 14.372705 2.528865 0.125000 6.985969 
36.735523 38.881572 47.931428 39.659801 3.809402 0.125000 0.923527 
56.945734 15.005037 21.854095 13.677645 4.078065 0.125000 42.119172 
68.646457 67.077350 63.776310 79.627739 3.878573 0.125000 9.449320 
108.350072 44.372634 108.560288 64.370424 0.808880 0.125000 1.067674 
104.449451 81.137310 75.614687 78.227181 8.580257 0.125000 33.560283 
24.407419 9.667770 53.166766 10.641780 3.367059 0.125000 35.537042 
6.850347 73.510936 0.546224 73.108246 3.981425 0.125000 1.697763 
136.868453 78.046803 104.594710 80.749056 6.338420 0.125000 24.656230 
80.624961 35.331160 106.874961 35.327679 2.501492 0.125000 21.725979 
172.925925 23.994211 160.989281 38.426293 4.019460 0.125000 13.490504 
54.559922 9.380840 54.511867 0.617395 2.541089 0.125000 2.873854 
60.671882 71.787467 52.762717 67.551423 4.564487 0.125000 2.249350 
29.214598 95.786233 10.413014 77.081606 6.207728 0.125000 16.470467 
0.309524 16.395767 13.068986 14.067967 3.464766 0.125000 13.192832 
106.436271 76.889344 106.160053 44.370455 3.749865 0.125000 14.796742 
12.969491 14.144997 31.852304 17.023867 2.848237 0.125000 2.835356 
153.357677 22.124132 136.572306 37.800901 2.068413 0.125000 7.689797 
136.461270 39.141747 128.235319 53.732471 2.594434 0.125000 0.434640 
130.012001 57.832143 138.212632 40.666866 3.283278 0.125000 6.633937 
48.181601 4.145309 30.659425 3.475050 3.317238 0.125000 14.686571 
33.558264 32.976643 31.939774 41.886766 2.597694 0.125000 1.697763 
50.308545 68.147775 49.912333 84.388109 2.773638 0.125000 6.799042 
23.731675 0.619203 23.663996 8.129857 1.317529 0.015625 1.925686 
19.475083 13.155517 19.758762 0.605420 2.753589 0.125000 6.102063 
73.049772 0.624139 72.648865 35.633862 1.536182 0.125000 13.710934 
76.404140 99.269128 77.540798 134.474578 10.881108 0.125000 109.153427 
173.165819 38.165636 158.818996 52.577097 4.397553 0.125000 8.604442 
126.152337 105.625905 126.163793 83.125911 7.502545 0.125000 24.487237 
148.195364 65.924670 173.279899 60.034689 2.857354 0.125000 17.915388 
74.990449 84.147690 72.040697 92.382133 8.325287 0.125000 17.979779 
21.394267 109.892493 29.719950 97.516164 3.469739 0.125000 0.218016 
158.388569 27.100986 168.802131 14.955577 2.711527 0.125000 1.702576 
159.415266 80.240922 138.137039 78.010164 2.285849 0.125000 13.192832 
112.931269 133.145369 112.612900 110.579319 8.802030 0.125000 39.013769 
75.847917 131.844032 75.976496 143.149435 7.556377 0.125000 30.776105 
52.966981 83.089170 60.506727 82.162590 2.633802 0.125000 0.164584 
109.813530 106.608621 115.586494 89.362111 6.328530 0.125000 18.073763 
149.914455 136.572351 145.517071 128.734266 1.980285 0.062500 2.873854 
71.560296 92.930413 67.036038 100.247468 7.288039 0.125000 5.388241 
76.109301 91.923645 76.514819 98.306708 7.722669 0.125000 5.664267 
125.535254 116.875673 125.441502 104.367007 5.018596 0.125000 8.717065 
134.880865 86.372793 129.899073 81.354717 6.190351 0.125000 12.304394 
89.419525 66.792326 104.486231 67.295703 8.703382 0.125000 19.137436 
113.105262 143.295503 112.493086 134.248592 6.488912 0.125000 13.717433 
174.382818 85.339253 150.616409 84.689012 1.728148 0.125000 14.686571 
46.889041 80.344399 24.320453 79.215116 3.308030 0.125000 7.776105 
163.058184 142.483368 159.323183 134.398940 6.025520 0.125000 1.349337 
129.832468 126.891500 129.243881 143.210440 6.471216 0.125000 17.229454 
87.457796 50.904175 104.182449 58.201416 13.310557 0.125000 15.066593 
155.685640 116.569825 149.781877 110.008297 6.597770 0.125000 6.370457 
158.520824 56.169677 148.410080 63.517287 3.950567 0.125000 6.953153 
68.125000 0.625000 68.125000 16.875000 1.250000 0.125000 0.164584 
