54.596762 49.233853 99.453209 56.384380 3.220418 0.125000 39.794877 
134.130194 26.986996 140.630018 41.194567 4.123390 0.125000 1.575894 
161.314907 29.713590 166.977605 18.175356 3.387129 0.125000 8.509122 
20.473399 53.689612 30.270560 51.522577 4.257000 0.125000 0.923527 
117.564703 9.353186 116.785322 29.371509 1.970367 0.125000 2.036308 
166.175184 17.121054 171.409563 5.416847 2.912937 0.125000 9.195484 
116.445220 44.108120 129.692293 49.899193 3.648817 0.125000 13.675756 
144.385934 50.634343 160.503974 31.771584 5.148771 0.125000 26.763565 
136.047102 39.412458 127.078516 36.290374 5.543969 0.125000 7.274493 
130.615505 50.308086 140.639907 50.410095 3.838842 0.125000 5.946800 
145.706039 115.745732 135.489544 115.012576 4.456161 0.125000 15.517114 
168.555854 21.827426 169.949568 34.449580 5.244173 0.125000 7.673113 
126.870294 110.710983 0.620410 110.831890 11.276331 0.125000 471.001791 
100.599112 56.831515 109.257122 51.677001 2.787571 0.125000 3.456020 
108.602484 50.825998 112.742830 40.990314 4.911175 0.125000 3.294530 
144.909361 0.447686 148.768050 12.076401 7.900316 0.125000 7.466030 
174.689353 120.279152 146.557337 114.737650 8.324936 0.125000 49.637600 
156.078443 24.413599 157.249469 10.656876 3.339163 0.125000 2.742210 
158.749393 8.202113 159.699293 0.510674 2.634362 0.062500 0.293299 
141.505118 16.841588 141.793031 24.425566 3.120501 0.125000 5.583124 
74.577254 143.231295 87.577849 118.494385 3.020720 0.125000 14.928004 
174.534861 108.863195 160.559658 107.595128 3.395786 0.125000 9.378608 
159.405948 108.300416 133.105762 107.542971 4.108297 0.125000 32.348060 
146.468876 11.316633 141.676782 17.163564 8.177760 0.125000 11.349210 
9.231396 115.276342 0.429959 118.901458 3.059997 0.062500 0.850453 
38.006631 132.984244 28.454657 141.017004 2.065521 0.125000 3.776944 
136.950940 141.795307 125.436333 130.822991 2.629570 0.125000 3.048414 
155.454963 131.450738 141.523502 128.581957 2.207070 0.125000 0.883796 
156.551032 141.169011 137.764076 129.981069 2.123893 0.125000 4.658263 
139.163721 128.545447 155.648112 136.829008 1.625638 0.125000 1.720471 
91.677028 126.782071 84.072270 142.982897 1.339251 0.125000 1.697763 
