108.049609 44.378263 108.915824 64.394871 2.984049 0.125000 2.720074 
129.382597 17.280386 160.621626 16.694952 4.147506 0.125000 45.562895 
68.317316 32.183899 90.405787 36.697723 6.373719 0.125000 28.784271 
90.504884 36.969172 97.511552 40.669755 7.861637 0.062500 3.100962 
158.173205 21.908700 167.912960 7.976763 6.037916 0.125000 15.709490 
120.435494 36.590746 118.156630 48.131246 2.788121 0.125000 1.720471 
103.806202 59.380141 96.364484 55.307940 3.761233 0.125000 0.426994 
93.100377 56.885172 101.433682 77.057313 4.268975 0.125000 16.968635 
168.653391 8.129143 168.610255 0.615038 3.785817 0.125000 1.720471 
127.545609 49.397864 128.144480 31.833045 7.538238 0.125000 16.116058 
112.746138 71.796282 116.884828 51.877042 3.003865 0.125000 1.232649 
126.045905 72.972346 127.695768 50.501706 4.140872 0.125000 9.973546 
128.894264 32.686523 127.240540 24.065114 7.601196 0.125000 15.391931 
127.737970 23.243416 126.375725 4.411115 4.010779 0.125000 1.606321 
55.310686 34.556943 68.168571 30.773056 4.162770 0.125000 2.835356 
113.451402 80.587535 99.375442 84.376642 5.895542 0.125000 8.695560 
101.109193 81.418705 84.695239 64.001190 3.900885 0.125000 28.117220 
77.211239 0.620756 77.294860 31.877221 3.760019 0.125000 56.127446 
73.939617 64.544585 71.341646 77.024189 3.926051 0.125000 13.809694 
131.067951 0.561603 130.641027 14.414018 3.940750 0.125000 18.532534 
47.383873 50.844611 54.473261 34.417406 4.409610 0.125000 10.516855 
67.326481 90.639370 66.876733 65.647464 2.859452 0.125000 21.306669 
56.470488 0.619085 56.430255 11.873410 3.758913 0.125000 14.614024 
113.439152 18.151486 114.939455 0.356426 5.507399 0.062500 1.174137 
53.458214 63.465936 49.026437 67.797329 2.702098 0.125000 1.067674 
58.437052 78.250641 56.890542 66.705477 4.546597 0.125000 2.089640 
47.088128 59.397066 47.882916 51.720518 2.615438 0.125000 1.067674 
21.864326 7.182931 50.666377 8.181282 3.358030 0.125000 40.881460 
54.441810 12.777756 18.098540 11.257588 4.478075 0.125000 49.069056 
71.576096 84.132511 75.096680 97.941002 3.966595 0.125000 14.541222 
30.620872 43.484145 41.869386 43.613439 2.600404 0.125000 1.697763 
107.214371 76.919847 106.412992 60.647753 2.056433 0.125000 0.797908 
138.499421 39.608571 129.662406 53.774513 2.919039 0.125000 3.274964 
156.730781 20.458189 141.962572 33.226290 2.147317 0.125000 11.001664 
131.862768 58.118859 142.396134 37.136616 3.364894 0.125000 11.554906 
134.322693 77.869914 115.099392 81.811742 6.122605 0.125000 10.902746 
48.486175 68.164480 47.391227 78.181429 3.999451 0.125000 10.529091 
52.340689 6.887228 52.242664 0.599780 2.577640 0.031250 1.681407 
0.583095 11.800257 15.607602 11.324993 2.617313 0.125000 6.829207 
45.636123 1.327651 26.893863 0.946780 1.605295 0.125000 9.642303 
99.547336 85.684195 93.006829 104.725692 6.723162 0.125000 21.782305 
71.834347 0.624706 71.617482 30.623138 2.635478 0.125000 13.121880 
15.816597 10.633172 16.244624 0.598112 2.870605 0.125000 2.576231 
96.890776 80.024699 75.592629 80.541845 2.833033 0.125000 22.741834 
13.119212 103.511487 3.020078 95.761729 5.189053 0.125000 6.434302 
114.729543 143.252681 113.502094 110.610820 6.762269 0.125000 38.082891 
142.907856 36.673498 150.740814 28.232471 1.405557 0.125000 0.164584 
43.360525 76.920534 45.081268 68.019881 1.980018 0.125000 1.067674 
32.546377 24.110331 30.006190 29.663714 3.216540 0.125000 0.164584 
128.776403 100.655015 128.016760 85.505073 10.237846 0.125000 14.785961 
85.201567 93.856794 96.847216 84.340998 3.871816 0.125000 5.336485 
153.155026 65.764854 174.494870 61.183331 2.706689 0.125000 15.407743 
47.519387 80.429588 51.064752 92.120710 4.314126 0.125000 7.917544 
75.550642 125.540513 76.470028 138.333766 9.354692 0.125000 15.513331 
91.882843 33.017330 106.894243 34.110835 1.791590 0.125000 4.680034 
165.653869 81.584278 134.463177 78.487019 2.364246 0.125000 25.871204 
108.861517 108.037841 106.040438 124.657694 5.161410 0.125000 7.167980 
158.556596 143.781141 145.246011 127.178848 4.876308 0.125000 11.738727 
174.385973 87.468265 156.869977 87.175591 1.500425 0.125000 2.510782 
114.124845 103.227497 115.418929 90.603875 3.251805 0.125000 6.009503 
41.877666 80.109982 28.121564 80.038771 2.532320 0.125000 6.102063 
109.053379 86.849314 108.053485 99.369289 1.743598 0.125000 0.820776 
127.085280 116.881641 127.560999 101.817714 3.905953 0.125000 16.190856 
130.847088 134.237116 131.681274 143.143145 3.617086 0.125000 1.034919 
165.951641 141.672278 161.200918 134.017569 3.476627 0.125000 0.218275 
155.208928 107.407354 146.575078 100.659398 4.924388 0.125000 2.089640 
