59.370792 60.773416 0.561745 59.106049 5.220135 0.125000 67.962784 
3.119805 72.780353 58.107311 71.951505 3.711895 0.125000 35.605018 
28.159371 18.869829 58.268303 17.480414 8.068242 0.125000 54.200745 
120.855468 94.211392 75.438393 90.281693 9.088382 0.125000 115.532931 
143.247793 95.851355 121.790344 94.692497 7.117246 0.125000 43.204699 
174.536118 96.919522 143.019596 95.549154 11.999502 0.125000 76.096380 
75.621244 89.311593 55.621292 89.280767 5.030820 0.125000 46.222174 
0.598661 33.797754 20.646269 34.072380 3.989353 0.125000 38.094364 
58.120629 92.595096 35.356877 83.236654 18.150983 0.125000 154.232033 
23.264814 5.881394 43.393927 8.713834 4.969795 0.125000 27.410457 
10.940514 3.957685 2.046541 7.327720 6.447248 0.125000 2.319990 
99.344204 61.056033 63.145391 62.417251 2.733093 0.125000 44.415994 
31.268206 88.020044 25.250697 85.163493 4.995828 0.125000 5.219043 
15.625000 61.875000 38.125000 61.875000 1.250000 0.125000 5.583124 
60.634421 58.970561 101.893226 58.510884 2.485919 0.125000 48.931444 
24.396432 86.252962 0.502526 85.429728 7.495552 0.125000 34.116291 
43.126746 64.272124 16.884305 63.826752 1.589200 0.125000 5.962107 
101.792491 58.030830 135.721566 55.948178 3.206867 0.125000 36.639556 
15.670882 18.514391 0.440477 20.308992 2.482824 0.125000 3.508045 
33.102474 76.499369 50.623049 76.950741 1.442739 0.125000 1.067674 
65.710663 63.990167 94.428918 70.382778 3.927889 0.125000 31.758920 
36.910925 5.841807 60.832615 1.877948 5.961584 0.125000 11.688626 
45.645303 1.398938 25.659056 1.923235 2.794159 0.125000 4.824161 
91.841850 73.459126 63.249283 70.622326 3.855091 0.125000 18.265719 
0.132330 26.187335 7.495443 24.315194 6.077912 0.125000 1.486207 
0.600601 78.185662 19.393979 77.800122 2.884043 0.125000 22.991712 
64.337458 78.541044 88.119405 80.687005 2.602221 0.125000 20.844003 
136.869614 56.481348 174.396795 55.967880 2.448461 0.125000 36.418285 
41.909309 10.926285 51.921815 9.786110 2.766806 0.125000 3.456020 
109.725248 107.527722 96.972682 105.109806 7.072018 0.125000 10.912266 
143.211508 105.409661 135.590479 104.959742 2.569322 0.125000 1.067674 
133.102096 87.889746 115.525306 89.601028 3.732352 0.125000 11.688648 
130.949122 111.156178 120.812284 109.487377 6.166989 0.125000 1.575894 
174.491777 108.026190 144.285307 105.410977 4.059481 0.125000 35.907182 
124.299123 106.036775 108.137224 103.058662 4.237654 0.125000 12.495233 
90.556211 103.604915 52.235188 98.112113 8.492422 0.125000 94.613953 
118.067738 63.554216 101.809662 64.688466 2.580933 0.125000 9.642303 
138.128961 83.176251 124.364573 84.240093 1.824230 0.125000 4.680034 
65.633854 55.767925 56.840165 56.312682 1.634047 0.031250 6.486214 
103.167219 101.173258 91.792157 102.049202 2.972485 0.125000 0.426994 
121.948138 116.337171 76.930702 110.215387 1.971900 0.125000 29.047326 
154.317762 123.513953 134.381601 120.580143 1.250000 0.125000 2.873854 
95.633934 55.166329 80.615284 54.873781 1.541893 0.125000 1.855669 
174.457548 122.522158 158.170605 120.291952 1.628973 0.125000 4.680034 
155.605928 119.520021 139.309010 117.376779 1.565302 0.125000 3.776944 
74.386362 109.299629 48.166881 105.347173 1.608687 0.125000 7.653196 
120.494564 49.837626 96.774296 53.767102 2.670676 0.125000 3.042730 
106.826126 9.209554 93.160864 13.246404 2.751707 0.062500 1.617266 
