121.000492 27.830154 115.580847 20.928137 3.932524 0.125000 0.218275 
155.238687 30.591829 153.080291 55.728494 3.484515 0.125000 30.918972 
62.032956 31.246753 90.847182 38.491300 5.160776 0.125000 38.059676 
153.110955 29.467702 127.079734 25.523709 4.681471 0.125000 21.098592 
117.335705 16.949561 119.994197 0.522911 4.300939 0.125000 16.423266 
90.698582 37.940357 103.185970 37.543508 5.196001 0.125000 23.644924 
163.183834 27.120670 155.807530 28.887180 4.280258 0.031250 1.132473 
123.350835 0.599603 122.730504 25.615217 3.087997 0.125000 33.775689 
151.985513 65.595763 151.215452 95.608077 3.140420 0.125000 19.897954 
45.682191 34.784001 62.134863 32.483404 4.605614 0.125000 16.561053 
120.052713 45.614056 120.363343 29.369996 2.571240 0.125000 9.642303 
33.569998 26.740108 45.711525 35.505143 4.503809 0.125000 19.641228 
126.442115 33.174268 128.412710 0.491610 5.022145 0.125000 38.343412 
3.200878 25.436735 22.797925 33.335074 5.832101 0.125000 23.899005 
164.374456 58.113637 126.900498 59.907626 2.729574 0.125000 19.016768 
147.757820 56.852366 149.374543 30.624972 6.485998 0.125000 49.889101 
146.908353 64.085017 165.635749 63.434382 2.628698 0.125000 1.486207 
146.745770 101.872693 146.808483 64.376979 3.810624 0.125000 44.273365 
122.952831 25.645863 122.493285 49.386968 2.523723 0.125000 14.486264 
87.151149 46.569480 77.916561 38.222659 3.263588 0.125000 5.946800 
105.674556 56.980971 119.355494 50.583289 2.940714 0.125000 1.967896 
162.034502 76.889821 161.864188 64.358159 2.601690 0.125000 5.946800 
162.104473 56.879666 162.663925 29.365625 3.596757 0.125000 28.949636 
110.622045 45.787273 118.127243 45.802974 5.002604 0.125000 0.664633 
119.372919 74.808082 51.868472 74.483792 6.285957 0.125000 99.583125 
167.096066 0.564402 165.253355 31.853112 6.165699 0.125000 35.303004 
19.326434 35.935381 3.082954 33.393712 3.436147 0.125000 9.711716 
48.618062 37.850677 50.850579 52.036223 3.121406 0.125000 2.742210 
165.360562 65.607397 165.011562 95.632399 2.703231 0.125000 26.747503 
121.586671 66.569095 122.674947 74.437249 5.295373 0.062500 3.245848 
122.558244 50.532035 119.366745 69.988761 7.401094 0.125000 40.611500 
122.574290 75.618978 122.328119 98.129955 1.454956 0.125000 14.971112 
166.191006 33.101683 165.421976 55.660691 3.052185 0.125000 33.578914 
161.920964 100.623623 161.946693 78.123653 2.522869 0.125000 2.402083 
88.481462 44.189333 94.424438 55.599250 2.887209 0.125000 4.248691 
128.322941 28.115512 128.063575 56.874446 2.702809 0.125000 19.693158 
129.410753 58.495496 145.630337 56.930302 1.844558 0.125000 1.697763 
149.211325 0.146105 134.250080 5.259497 2.739951 0.031250 3.916595 
19.443498 74.861947 0.525739 75.607984 4.454295 0.125000 15.163678 
48.128594 83.093089 21.651322 80.110961 4.548877 0.125000 24.422870 
174.410363 102.099531 0.255425 129.528448 4.179873 0.125000 220.827620 
126.237671 80.642627 126.668865 65.655032 2.714652 0.125000 7.870688 
63.120252 83.403516 48.103306 83.147500 2.499637 0.125000 0.664633 
131.077782 65.543921 132.022984 70.822337 3.691285 0.031250 0.525569 
64.444169 111.141388 120.689615 103.607390 2.145962 0.125000 27.099318 
144.404362 19.480612 159.811048 15.197294 6.356438 0.125000 14.953352 
123.177127 107.175602 145.441153 103.314808 2.135745 0.125000 16.420204 
139.210772 6.415117 156.710963 0.165653 2.438344 0.125000 9.438675 
0.495498 126.016631 44.378174 119.396040 2.914310 0.125000 24.927418 
45.560989 118.951752 121.954129 107.398205 1.941727 0.125000 57.232181 
51.711289 79.663126 70.514366 81.664443 3.596641 0.125000 10.082962 
125.625000 58.125000 125.625000 34.375000 1.250000 0.125000 6.486214 
130.751783 23.630376 144.277698 20.237141 2.116483 0.062500 1.900835 
157.238651 9.039433 145.587124 13.672998 6.256049 0.125000 18.906105 
61.805184 0.456924 48.307256 6.063763 2.504095 0.125000 3.403198 
137.845789 55.614030 138.828421 30.603526 1.543475 0.125000 11.001664 
0.625000 18.125000 0.625000 3.125000 1.250000 0.125000 0.164584 
61.828969 114.072743 30.543111 118.837284 2.176719 0.125000 8.181183 
28.096358 119.154074 5.649529 122.064198 1.721760 0.125000 11.001664 
