0.589644 102.373142 71.858386 99.021699 3.996293 0.125000 119.604085 
174.370020 82.485957 124.373056 82.875543 2.733683 0.125000 49.061126 
132.975983 98.257528 0.528648 106.594238 6.141423 0.125000 234.837626 
76.874524 72.489720 149.375448 72.545848 3.799352 0.125000 123.029875 
74.142389 94.440738 69.979013 0.542794 7.326529 0.125000 275.321877 
174.663679 115.071209 133.468553 108.478335 6.269614 0.125000 75.762061 
123.543301 84.355908 133.088063 96.903098 7.287334 0.125000 31.054837 
136.763388 102.425487 174.486733 110.073914 6.091672 0.125000 61.173406 
135.528657 88.165273 174.435080 91.070379 4.670362 0.125000 36.077272 
107.475140 75.645550 107.910766 89.421303 5.234554 0.125000 13.304151 
108.125000 68.125000 80.625000 68.125000 1.250000 0.125000 6.985969 
140.632040 68.569626 116.872929 68.361930 1.402927 0.125000 6.486214 
156.669355 59.262214 157.726510 80.767484 6.733448 0.125000 64.866516 
163.056283 57.514017 174.443416 56.233303 1.785801 0.125000 0.164584 
133.148527 106.557293 114.378936 107.030964 1.281137 0.125000 1.970764 
144.174805 46.896219 155.536727 48.685525 3.898803 0.125000 12.304394 
109.359497 107.741675 75.614140 109.106470 1.250000 0.125000 8.567595 
78.984642 0.619522 78.072355 65.624261 6.319549 0.125000 106.500667 
136.884669 0.439181 139.491057 18.107880 3.202911 0.125000 8.084162 
