155.617459 40.545352 170.718788 39.115621 2.724506 0.125000 8.567595 
136.873370 39.236529 116.876140 39.471882 3.911556 0.125000 15.599063 
136.903192 74.718234 115.634888 74.056977 3.042626 0.125000 28.351130 
116.865148 42.946724 136.941991 41.837177 3.192479 0.125000 12.171350 
138.158219 43.095611 137.432586 73.138468 3.235800 0.125000 28.961490 
170.638499 76.260590 153.119492 75.875676 1.579187 0.125000 6.102063 
125.808874 0.249896 148.396078 11.321998 3.961427 0.125000 16.437095 
171.848875 41.847695 171.152661 74.386290 2.472688 0.125000 32.343103 
173.297602 0.585394 172.651787 18.153555 2.727911 0.125000 15.564217 
91.202783 54.362095 91.622596 73.158556 5.194133 0.125000 14.670612 
173.065658 19.366058 170.643505 35.439421 4.639453 0.125000 4.746480 
162.773052 24.213357 164.852100 35.764116 2.460462 0.125000 2.510782 
156.871495 2.421082 171.871437 2.450357 8.769500 0.125000 15.663201 
140.633040 5.660314 155.976100 2.167132 4.597755 0.125000 9.214542 
105.583670 38.752154 67.003549 41.312226 5.905227 0.125000 43.909125 
173.407559 74.383795 174.458279 40.627592 1.988296 0.125000 28.351130 
140.404915 73.118671 141.267936 43.107543 3.425071 0.125000 36.718847 
0.266185 4.323817 11.964710 7.825276 3.950957 0.125000 7.782856 
20.639120 3.464291 8.117897 3.575536 6.327490 0.125000 11.284283 
13.140995 16.980858 0.550698 18.883260 2.658696 0.125000 2.560371 
105.626067 18.125058 104.600817 36.887340 4.017228 0.125000 9.752547 
163.193690 42.296509 155.490846 43.551775 3.070601 0.125000 0.820776 
49.099653 11.287533 68.353862 8.402263 5.625249 0.125000 20.575909 
116.466653 57.077682 114.718883 42.777422 7.417004 0.125000 16.282393 
111.711751 82.087111 116.503916 57.534495 7.780870 0.125000 34.869307 
8.128226 25.602588 7.206854 76.858495 3.412400 0.125000 61.216470 
56.707134 40.622998 56.304631 74.368197 2.693634 0.125000 31.136691 
161.151798 35.532633 159.413445 25.618259 2.894190 0.125000 0.797908 
49.766161 73.127620 49.666986 40.624109 2.568640 0.125000 32.343103 
77.782946 50.184351 86.577803 68.305924 4.845973 0.125000 23.269499 
174.375000 35.625000 174.375000 14.375000 1.250000 0.125000 4.680034 
151.592116 46.875900 151.691577 78.133539 3.749981 0.125000 19.113786 
135.641320 86.441985 105.589785 85.309341 3.935656 0.125000 43.643766 
0.782478 23.738762 10.766641 21.177039 5.775104 0.125000 5.101639 
14.444025 34.945721 103.255557 24.204479 4.784447 0.125000 109.025569 
115.628927 79.088734 141.891133 79.449009 6.438022 0.125000 44.488859 
54.665596 80.244851 21.975629 77.944796 10.257197 0.125000 79.818916 
84.572918 6.634721 115.610490 0.550974 3.248007 0.125000 35.977743 
155.547626 72.912829 168.163886 73.853414 2.028412 0.125000 3.776944 
89.371386 80.310635 58.096780 80.670159 10.229238 0.125000 84.494275 
16.448204 74.391807 17.163017 39.380880 3.111857 0.125000 42.544785 
69.328007 63.033895 70.201735 50.595269 3.302842 0.125000 7.697740 
153.141659 21.875677 152.176381 45.637243 3.746910 0.125000 18.696634 
45.923112 46.868434 46.501638 73.133224 2.747134 0.125000 23.491411 
103.347133 63.223827 104.867650 40.574158 3.331651 0.125000 26.747503 
52.990212 3.215458 60.820318 2.305269 3.724918 0.125000 3.370729 
154.379773 80.247633 174.392380 80.500730 2.721103 0.125000 15.860896 
62.738787 74.304245 61.734313 44.296026 6.000838 0.125000 41.939534 
164.373556 83.110184 145.437942 84.955139 4.095978 0.125000 4.003734 
31.792910 43.712102 44.396070 45.474307 3.194589 0.125000 11.904754 
69.104694 42.453321 65.988111 54.469181 4.488645 0.125000 1.668182 
114.761564 41.835377 114.217131 19.348558 6.580975 0.125000 26.000249 
2.352121 63.124896 2.343950 25.624625 2.500545 0.125000 28.949636 
11.095313 76.924234 10.220571 63.071605 2.179927 0.125000 4.336995 
21.858732 79.104768 9.382926 78.897625 3.770235 0.125000 4.658263 
10.750946 61.942641 12.108622 34.325035 3.868228 0.125000 17.033677 
145.051828 43.070593 142.442434 70.560209 1.780076 0.125000 5.664267 
69.177061 9.883708 82.091378 6.435348 3.142537 0.125000 6.009503 
30.324672 73.129808 30.470210 44.380544 3.838542 0.125000 31.581213 
118.985345 25.656581 146.941457 34.156421 3.329306 0.125000 21.116024 
100.766691 84.590873 90.614737 83.199904 4.043085 0.125000 0.923527 
31.825562 16.621233 41.929138 14.652894 2.453867 0.125000 3.776944 
11.601266 20.820725 21.881867 18.151448 2.733904 0.125000 3.456020 
66.462821 55.600319 65.488783 71.866843 1.696061 0.125000 6.486214 
103.483836 74.404095 104.406378 63.026192 2.390802 0.125000 1.653093 
17.513453 24.124240 14.341030 31.861071 3.469644 0.125000 0.883796 
26.227965 45.600970 26.876538 61.874939 1.647226 0.125000 3.456020 
94.302691 10.355480 115.377217 4.701432 2.326292 0.125000 5.664267 
137.489540 90.617594 137.270882 109.379614 1.453852 0.125000 6.102063 
170.797959 84.376736 170.547030 109.374217 1.275031 0.125000 7.389304 
140.068118 103.133312 139.843987 88.118000 1.455082 0.125000 6.985969 
148.196737 31.873764 148.045671 23.104832 2.607284 0.125000 3.456020 
143.067563 127.179149 120.658549 122.947347 1.250000 0.125000 5.583124 
0.578353 110.854455 19.316298 114.663756 1.250000 0.125000 2.873854 
