133.318906 29.437226 161.720111 34.073772 4.959952 0.125000 28.016841 
155.377301 51.293375 142.543276 56.759046 5.750259 0.125000 6.188963 
142.440196 56.274577 127.672532 51.763920 7.437982 0.125000 14.965319 
127.180606 53.179181 128.196413 0.578100 8.555290 0.125000 96.335642 
130.800762 26.307966 140.718760 25.406134 4.187369 0.125000 2.847294 
68.134881 103.933473 0.528872 102.420545 8.580012 0.125000 131.921636 
161.301849 36.932709 151.831475 51.414002 7.283220 0.125000 40.841404 
0.602249 77.554707 64.364493 79.688921 3.089199 0.125000 90.094470 
118.111109 96.419118 91.809351 97.220571 3.519831 0.125000 33.270409 
75.496900 101.638650 64.706642 107.486893 5.587121 0.125000 13.137834 
66.643727 100.809558 85.586511 96.697688 3.238584 0.125000 8.717065 
90.681231 98.342786 76.580291 101.983582 3.045609 0.125000 8.509122 
50.416863 109.785996 0.394384 122.195384 2.755431 0.125000 58.709068 
106.272058 11.612830 86.342972 -0.551289 4.919052 0.125000 22.706994 
70.710006 0.585677 67.414186 98.227585 7.706574 0.125000 235.439962 
0.498092 1.530605 9.390743 0.822784 2.591300 0.125000 2.873854 
39.223040 -0.339584 0.450699 5.768605 3.450497 0.125000 41.692743 
0.670064 95.049685 61.935816 99.848583 3.910994 0.125000 58.345849 
86.360589 94.399606 86.531535 80.605253 6.172073 0.125000 16.733064 
103.986211 54.519860 105.828369 11.776021 6.513314 0.125000 86.951827 
28.055263 112.839807 44.253690 108.878894 1.564322 0.125000 1.697763 
118.164830 0.343622 113.576143 60.848813 11.956453 0.125000 176.724594 
100.888412 77.639729 103.723146 62.762614 8.771266 0.125000 23.450228 
144.369743 65.866706 174.382733 66.519422 1.820449 0.125000 29.063464 
101.982390 24.131780 93.274306 20.286848 2.420697 0.125000 1.970764 
60.633674 74.026962 25.624266 73.154439 1.934769 0.125000 17.979779 
174.387711 68.869579 143.126046 68.083394 1.815269 0.125000 22.741834 
55.583968 4.076012 5.666385 10.926556 2.258113 0.125000 33.256839 
131.029367 101.893976 133.088951 58.005988 5.774363 0.125000 83.647721 
10.620891 50.336459 41.882352 49.891298 1.605835 0.125000 18.883306 
40.614934 52.514921 10.623099 53.009764 1.600392 0.125000 12.058439 
78.597480 1.022261 80.248522 9.448765 5.387398 0.125000 3.048414 
4.432857 8.531402 54.486137 1.405658 2.298867 0.125000 37.443052 
0.525389 115.228973 31.690180 107.390208 2.707191 0.125000 17.093108 
123.113063 56.874425 121.902074 81.996814 6.002013 0.125000 69.207887 
59.823900 21.634247 57.549558 29.202063 5.507965 0.125000 2.486513 
101.393571 89.950595 103.323730 83.181668 4.352348 0.125000 0.050694 
135.640530 76.551597 171.867021 78.291162 1.428426 0.125000 17.323294 
108.921409 61.820697 110.035859 78.165171 3.656279 0.125000 17.058749 
153.112969 79.945771 135.596325 80.256026 2.543881 0.125000 12.304394 
6.270456 26.968276 5.360167 33.267368 4.769813 0.125000 0.883796 
62.854595 76.916325 66.074452 0.591228 2.181664 0.125000 58.694102 
174.484880 82.086157 156.916993 80.227982 2.880573 0.062500 0.893077 
46.857899 14.216134 30.661023 15.959646 1.376603 0.125000 0.164584 
129.755591 120.544105 131.034718 106.796815 3.184090 0.125000 5.301648 
45.583472 142.210896 31.888263 140.517722 1.250000 0.062500 1.669734 
