97.927237 48.664893 74.054339 46.027203 5.937645 0.125000 7.959173 
72.323600 1.299270 99.706112 8.027426 5.091348 0.125000 42.654811 
34.486451 -0.124284 57.045138 3.231162 4.077003 0.125000 24.738389 
100.014357 7.683164 112.180116 16.875520 6.493712 0.125000 25.042301 
112.467052 19.566845 97.216741 47.064531 7.780713 0.125000 56.496692 
74.174029 44.900179 59.824967 37.277927 4.795402 0.125000 21.298988 
33.029303 43.234218 16.788730 44.596595 2.700234 0.125000 11.416468 
45.592097 5.932890 30.761467 4.348006 6.081789 0.125000 3.700114 
23.133420 81.837548 0.618033 81.690293 3.766270 0.125000 38.997454 
62.264219 37.475269 49.500595 19.172338 7.581889 0.125000 34.208616 
50.108776 20.500085 49.632232 8.163349 7.494411 0.125000 26.401579 
16.808171 27.693687 12.612172 4.022746 8.912120 0.125000 36.414729 
0.612453 77.603832 19.378410 77.926904 3.921578 0.125000 7.190052 
38.064812 84.648884 22.969715 81.331618 5.004079 0.125000 6.916790 
12.941659 46.920687 13.371486 36.885558 5.102402 0.125000 7.917544 
19.333621 91.236694 0.584858 89.968412 2.578664 0.125000 12.058439 
101.870026 64.676933 168.122639 65.768310 2.520249 0.125000 45.297232 
64.143907 81.350385 44.317341 83.932225 3.770379 0.125000 7.030996 
15.407346 3.484506 28.431096 11.369411 5.797416 0.125000 6.426201 
34.653362 8.354343 31.590561 22.523100 10.633161 0.125000 32.379285 
0.516799 86.374134 43.095035 88.678635 4.925137 0.125000 46.499029 
49.461221 89.480382 19.344543 91.396226 2.631435 0.125000 21.333662 
28.366893 25.529837 29.096781 36.972480 5.228574 0.125000 16.200067 
15.841202 40.619763 15.566645 29.285574 7.558342 0.125000 8.212321 
50.515072 44.935409 65.531993 42.541557 3.309686 0.125000 10.225862 
174.615159 94.391480 140.690878 87.786635 6.134809 0.125000 43.513908 
50.029030 80.653750 48.275653 44.307431 6.543895 0.125000 58.584261 
154.374677 68.140272 101.871744 67.028818 2.069849 0.125000 50.743602 
68.120442 79.502067 140.616833 82.102663 2.666600 0.125000 56.708701 
13.264634 60.621686 13.085349 53.066615 5.028248 0.125000 2.249350 
67.310126 44.381383 66.814574 78.160789 5.457858 0.125000 70.516645 
63.206343 87.642367 50.583178 88.980459 1.827245 0.125000 1.970764 
16.216138 75.766869 17.195776 63.053399 5.369359 0.125000 19.596780 
37.126916 46.761283 34.202894 72.425070 9.935718 0.125000 51.169359 
166.600939 43.443520 173.222026 23.156667 11.082641 0.125000 49.852843 
140.662026 82.354441 174.394206 83.975294 1.668518 0.125000 3.453467 
2.421971 0.596179 3.625843 75.657064 5.640819 0.125000 138.408961 
102.921253 43.119842 102.477688 60.640258 1.629234 0.125000 8.292394 
76.577750 83.783827 68.584539 87.802927 5.034912 0.125000 4.658263 
154.066355 64.228793 161.365137 49.738551 6.723058 0.125000 48.347393 
44.404016 87.161746 61.851844 85.396165 1.369496 0.125000 1.067674 
170.233928 65.606873 170.814757 53.075856 2.902458 0.125000 13.710934 
70.625000 65.625000 96.875000 65.625000 1.250000 0.125000 6.102063 
93.130544 84.524489 78.104852 85.081739 1.619751 0.125000 4.680034 
36.221213 31.705718 39.456876 43.101753 3.948827 0.125000 2.742210 
147.498183 81.476954 152.081222 71.400273 5.898248 0.125000 16.190856 
