75.789428 28.564219 90.683845 31.584838 3.692347 0.125000 11.074856 
89.791235 32.116714 98.422252 28.930120 4.257587 0.062500 0.606042 
56.607901 13.078046 82.682704 18.867153 5.420770 0.125000 18.193584 
33.308964 82.685748 -0.576598 68.494063 6.484001 0.125000 84.078376 
118.132841 22.774766 76.847564 21.850453 3.245447 0.125000 54.106009 
71.887036 20.620530 74.637855 28.027378 3.682572 0.125000 0.883796 
83.129270 18.011278 128.112783 19.700360 4.527448 0.125000 80.340233 
13.686613 10.607998 13.638657 23.126968 7.499945 0.125000 12.259834 
43.507918 91.006071 25.686355 87.785483 6.817252 0.125000 6.057043 
55.682504 14.935329 46.769809 15.849999 2.486938 0.125000 1.970764 
83.042890 111.326481 44.316540 113.094502 6.357513 0.125000 52.460089 
127.796661 28.862165 125.622798 40.851251 5.257670 0.125000 12.995593 
104.133589 32.385707 115.774979 28.584294 6.329278 0.125000 15.743835 
116.137033 28.969928 124.393783 26.951849 4.236337 0.125000 0.426994 
1.329326 29.502897 6.662620 0.132467 8.495983 0.125000 64.775800 
65.125821 61.734704 51.344718 54.292298 4.399446 0.125000 3.699353 
114.474026 97.997341 91.829184 97.419047 6.311786 0.125000 24.904348 
66.970618 11.189383 48.065339 8.552788 2.678105 0.125000 12.811411 
50.702264 0.014359 65.777242 1.921781 2.323315 0.125000 0.883796 
126.634345 40.594225 125.909938 75.682496 6.274470 0.125000 52.138950 
66.947888 5.170150 49.300137 2.342180 3.061857 0.125000 9.563678 
40.470164 113.006018 49.293954 101.523269 4.667628 0.125000 0.220401 
78.126899 35.726363 95.620760 35.398664 2.038440 0.125000 0.164584 
53.107265 105.630255 64.390594 105.469491 3.767427 0.125000 10.310893 
48.138567 5.519489 64.440494 7.615648 2.515128 0.125000 6.829207 
103.155062 92.738693 119.428855 92.172259 4.182549 0.125000 12.898161 
124.042257 89.331205 119.548068 123.476825 8.772680 0.125000 46.271602 
48.122343 12.491750 55.627589 12.524087 1.282302 0.031250 0.983154 
89.426099 61.389331 118.121476 64.408493 2.027913 0.125000 8.896623 
104.375000 53.125000 88.125000 53.125000 1.250000 0.125000 1.067674 
35.624340 94.215323 0.619771 94.360025 2.644661 0.125000 43.480279 
103.105547 46.588481 76.891517 48.368278 1.416476 0.125000 5.096564 
88.171661 100.699667 77.609514 107.300111 8.745136 0.125000 12.782652 
31.618832 138.599156 22.984669 141.449986 4.736661 0.125000 2.486513 
33.415405 65.647165 45.813161 68.579452 2.720587 0.125000 4.232717 
90.657699 47.689752 123.162058 50.131739 1.650160 0.125000 9.449320 
88.106575 54.619891 115.638815 56.691386 2.117820 0.125000 13.717433 
104.355562 80.922345 121.862462 82.066797 2.168514 0.125000 5.096564 
105.620632 43.212980 70.706690 41.479596 3.940141 0.125000 16.823429 
126.769396 76.201839 123.800054 87.695279 7.302004 0.125000 2.731539 
83.171832 40.203565 110.654684 38.650181 2.235566 0.125000 11.349210 
15.551345 89.980163 33.095728 92.115506 3.873554 0.125000 9.505731 
54.210639 71.770227 70.673283 69.772981 5.114151 0.125000 0.519599 
-0.417002 76.737154 15.013087 91.193955 7.067321 0.125000 38.979281 
73.944771 101.332637 82.542654 91.372311 4.472271 0.125000 5.595353 
65.963679 92.850332 44.125257 87.999292 5.287128 0.125000 31.193336 
67.064597 65.348672 75.346399 71.031048 3.799337 0.125000 0.149785 
46.873416 82.068332 74.381810 82.293690 5.071513 0.125000 5.236131 
174.422807 90.237756 128.139271 88.886280 2.726840 0.125000 36.739846 
52.335432 44.389794 52.030182 28.098671 5.186462 0.125000 13.603944 
41.197111 132.998197 43.540773 120.468953 4.914756 0.125000 6.633937 
31.392796 104.142222 26.296564 114.699188 7.297612 0.125000 10.613974 
-0.255594 107.008706 9.369274 113.133997 5.464735 0.125000 12.049956 
72.689724 75.225772 89.116556 83.630144 5.020589 0.125000 17.521146 
129.372142 86.243089 169.377066 86.428046 1.434919 0.125000 34.482004 
39.367512 74.921984 54.381810 75.127532 1.420994 0.125000 0.426994 
22.043872 37.040360 29.464243 29.462387 3.516764 0.125000 2.036308 
