146.583815 74.376997 146.651511 41.874535 2.565081 0.125000 36.288184 
82.274973 38.942146 93.305860 67.291015 5.312568 0.125000 44.323167 
66.901917 52.519317 76.354213 39.922167 5.501182 0.125000 9.430952 
92.523628 70.542872 93.633775 79.310580 4.803377 0.125000 7.653196 
75.625235 11.631692 108.125234 11.636800 3.750589 0.125000 50.560360 
51.862234 51.086971 66.919819 51.503059 3.679513 0.125000 3.294530 
112.451801 0.611908 112.550526 14.388075 3.839481 0.125000 14.776697 
174.395920 76.089506 169.366164 76.150879 3.795475 0.062500 4.132106 
153.130305 76.034701 148.122613 76.003084 2.523626 0.015625 0.170563 
110.625455 16.096535 73.125176 16.088131 3.758124 0.125000 65.301777 
75.978562 0.608702 76.080318 10.620372 3.762510 0.125000 8.756152 
108.934384 10.635801 108.688651 0.611183 1.464048 0.125000 0.164584 
72.274293 15.592694 71.980590 0.598447 3.798241 0.125000 20.935654 
95.618671 78.962746 114.383439 78.674648 1.537690 0.125000 7.697740 
125.847653 13.350494 140.239505 -1.013650 6.199957 0.125000 40.075876 
119.033462 20.284923 125.272710 14.018870 6.196643 0.125000 11.124244 
54.586726 0.362610 51.550889 26.837835 5.291995 0.125000 34.079326 
167.846955 74.392867 168.444177 41.903845 4.002080 0.125000 53.696074 
154.117409 41.868105 153.951646 78.111630 5.062834 0.125000 36.763748 
42.283354 79.381080 41.714350 0.617130 2.951433 0.125000 37.333766 
155.049803 0.611364 154.249462 34.372024 3.151038 0.125000 27.779858 
52.801467 25.626981 52.946914 49.376091 2.637748 0.125000 22.741834 
122.696889 58.261696 127.989981 26.436746 12.330619 0.125000 112.903950 
33.234995 21.898861 34.072415 61.907497 3.906127 0.125000 61.431339 
32.688584 0.581771 33.556629 16.918484 2.960751 0.125000 10.225862 
117.211820 79.474769 121.019068 66.621466 5.992633 0.125000 8.821999 
99.384842 82.889971 41.853888 83.447837 11.576723 0.125000 121.687168 
135.826894 35.625236 135.784540 71.875186 2.536510 0.125000 32.663791 
34.242767 68.125503 34.285589 79.380096 2.542787 0.125000 3.456020 
168.372975 36.878667 168.668641 16.883039 3.786552 0.125000 18.816157 
31.884305 17.880947 6.873004 16.927345 1.915828 0.125000 16.751076 
31.924293 63.013387 0.624809 61.880279 3.069199 0.125000 28.099339 
174.376807 87.485943 148.123482 87.411694 3.704028 0.125000 15.157967 
142.984632 36.874353 142.777291 81.879157 2.690013 0.125000 49.238442 
104.385641 7.527364 80.643167 7.104638 2.588613 0.125000 22.741834 
0.551990 66.054838 31.905748 67.417547 3.366070 0.125000 40.539510 
94.080487 84.262812 90.377746 93.983134 4.950658 0.125000 0.218016 
8.131594 19.304942 31.906290 21.542537 2.723257 0.125000 11.507462 
34.222554 83.420929 0.289060 85.767961 11.568191 0.125000 80.370496 
1.865866 28.243369 31.880051 30.559541 2.584777 0.125000 23.020650 
127.562743 69.412980 127.047066 61.778940 3.282122 0.125000 3.776944 
141.958992 28.241714 152.695572 20.515255 4.342819 0.125000 11.925485 
144.413082 86.707486 121.895752 86.102546 5.333895 0.125000 22.378424 
53.259748 77.014304 51.334960 44.333186 4.772411 0.125000 32.895038 
55.401204 40.881877 65.419926 49.610387 1.763595 0.125000 2.873854 
14.692204 55.629144 14.619982 39.373912 3.783285 0.125000 5.388241 
24.763745 60.626813 24.822074 48.121255 1.308289 0.031250 2.447038 
146.449633 115.628662 146.223548 89.369847 1.443668 0.125000 14.686571 
120.965743 66.060825 119.315473 57.884714 7.363017 0.125000 18.013092 
101.875000 66.875000 115.625000 66.875000 1.250000 0.031250 1.681407 
154.378219 9.567609 142.397004 19.975891 4.718266 0.125000 9.479218 
2.238402 55.595320 0.810308 38.109865 1.347604 0.125000 2.873854 
58.260878 69.448251 65.171016 56.630259 2.458702 0.125000 2.680153 
115.653318 87.777859 99.409443 86.452772 2.288462 0.125000 10.098574 
45.438751 39.396309 47.306245 55.718676 1.668167 0.125000 2.576231 
3.525068 38.080889 5.869934 59.347994 1.799980 0.125000 9.642303 
