86.502235 72.331282 82.970297 59.769969 3.986589 0.125000 0.940023 
88.217263 53.128704 88.870599 36.854750 2.848984 0.125000 2.486513 
29.359073 43.431535 36.856937 43.304962 3.124466 0.125000 0.050694 
35.692764 41.740865 37.528917 25.557369 4.545369 0.125000 7.030996 
80.629319 16.417112 59.369420 16.216565 3.914905 0.125000 13.158455 
55.479490 19.321695 54.713004 39.387911 2.975303 0.125000 15.564217 
40.840224 41.880830 41.381617 21.895496 2.702180 0.125000 5.664267 
53.177080 40.798816 43.079744 40.310174 2.920023 0.125000 8.756152 
41.874392 85.508182 81.873308 85.299985 1.445171 0.125000 17.323294 
27.651728 11.967128 25.386163 61.807323 5.903036 0.125000 57.985638 
51.886390 70.553463 40.720426 68.775653 3.113718 0.125000 1.034919 
149.143859 61.701365 157.083033 63.406241 3.141526 0.125000 1.653093 
92.418148 49.371158 92.635536 9.379134 1.467410 0.125000 18.096445 
43.062719 18.312737 54.345695 18.801501 2.876341 0.125000 4.680034 
40.829605 68.124079 40.728380 45.624535 2.595578 0.125000 3.586135 
64.447580 19.597049 61.751733 50.830145 8.009680 0.125000 62.175843 
81.885752 25.043696 65.618197 24.742818 1.527173 0.125000 7.389304 
68.103142 21.804510 80.645163 22.036930 2.731173 0.125000 16.420204 
160.107562 70.479329 155.919444 85.355989 3.270948 0.125000 2.246834 
39.415528 15.625218 39.267573 43.124422 1.276883 0.125000 9.195484 
50.766631 59.338525 50.476287 68.161242 3.994653 0.125000 4.232717 
52.438765 36.887267 52.738390 23.116588 1.548809 0.125000 6.486214 
39.311562 78.683178 20.604238 80.398576 3.848475 0.125000 9.990166 
76.905802 73.345636 55.637442 72.709215 2.760594 0.125000 7.931512 
91.389605 51.867985 91.010330 78.112504 2.698427 0.125000 19.754330 
110.832017 0.582743 108.148141 66.825293 3.376594 0.125000 48.060585 
80.626042 87.845595 43.126564 87.705725 2.537282 0.125000 13.631855 
83.800045 41.865113 84.122755 23.099167 2.628401 0.125000 0.294986 
145.801145 70.118269 141.513556 79.204442 2.857937 0.125000 3.456020 
24.275421 77.558974 38.252552 75.100031 2.314002 0.125000 8.292394 
144.518864 79.452627 149.825441 69.618051 3.387309 0.125000 5.962107 
80.613303 80.902564 66.887680 80.324128 2.550415 0.125000 4.232717 
112.318252 54.376534 112.244573 15.626674 1.318923 0.125000 10.225809 
154.407472 82.269035 138.114450 82.590849 6.569683 0.125000 13.372504 
44.376289 46.712494 43.054935 56.865882 2.912073 0.125000 3.370729 
144.363232 91.204319 164.380364 91.610928 2.626415 0.125000 9.449320 
42.875150 27.255572 48.489175 25.642257 4.639860 0.125000 2.576231 
156.882073 58.646693 143.117656 58.833320 1.419353 0.125000 3.370729 
87.155516 118.227228 86.711101 86.841921 14.963100 0.125000 85.211426 
143.063583 55.808677 169.442064 54.289365 2.521892 0.125000 10.297348 
61.869014 91.797767 64.366816 132.030717 14.188309 0.125000 124.450122 
38.666166 41.881391 38.459518 59.378951 2.573634 0.125000 8.509122 
19.815202 76.875304 19.800640 38.124840 3.757986 0.125000 39.134233 
40.620485 2.989149 39.387367 14.376339 3.023772 0.125000 2.560371 
160.543230 62.206594 174.405925 60.972333 1.935875 0.125000 1.697763 
29.336980 62.023903 38.150704 64.274333 2.138876 0.125000 1.067674 
84.408241 135.582387 84.981246 119.221122 8.657137 0.125000 10.145316 
127.797421 81.785069 131.251374 69.203795 5.483445 0.125000 6.729638 
100.236783 49.460040 101.103953 40.672263 2.978927 0.125000 1.697763 
113.121306 86.274220 125.628014 86.345384 1.321105 0.062500 0.616176 
0.625000 85.625000 20.625000 85.625000 1.250000 0.125000 2.873854 
24.828904 89.176699 29.345188 127.982994 6.352599 0.125000 63.825934 
21.376210 0.622401 21.148212 44.377726 1.464923 0.125000 48.931444 
69.000249 130.989450 79.765507 129.100339 8.467380 0.125000 14.122904 
38.111617 116.974809 36.518125 96.804442 2.852344 0.125000 16.200067 
174.590169 93.840429 169.364705 93.210384 4.022298 0.125000 0.820776 
23.125000 43.125000 23.125000 15.625000 1.250000 0.125000 9.195484 
20.625000 88.125000 0.625000 88.125000 1.250000 0.125000 0.820776 
42.549891 115.598880 42.018537 101.869445 1.587453 0.125000 2.873854 
18.981427 31.879325 18.637892 0.619364 1.510912 0.125000 16.190856 
