137.947360 4.683568 56.985449 19.960344 4.380294 0.125000 115.814689 
128.839525 76.877483 128.613361 28.105346 8.894816 0.125000 143.408726 
93.557085 48.102432 95.260130 80.709344 7.154266 0.125000 46.276750 
61.578370 41.240998 75.258052 34.840703 7.779931 0.125000 0.809237 
78.419479 35.603584 87.762106 46.952735 6.526183 0.125000 11.956726 
80.572262 82.416651 44.421558 78.896821 4.249663 0.125000 29.315767 
91.883607 80.698755 79.263726 82.171498 4.304290 0.125000 19.129474 
25.771239 26.122757 0.510875 21.212051 2.726931 0.125000 27.457351 
72.416411 42.122528 84.218408 63.212629 6.804960 0.125000 43.055888 
95.620982 79.428830 113.209593 80.741694 2.902194 0.125000 5.091660 
136.047007 26.946641 137.123433 76.950378 8.117019 0.125000 186.339177 
0.404518 32.052240 25.576217 35.940789 4.087715 0.125000 25.337593 
0.569772 24.670381 25.628616 29.355661 2.607105 0.125000 17.040467 
62.185840 51.918394 63.602953 41.767222 2.994466 0.125000 1.720471 
91.632892 66.969394 88.434831 58.766843 3.691426 0.125000 1.720471 
114.074085 80.563062 129.657399 84.510043 2.730385 0.125000 3.274964 
40.643768 14.054986 29.432328 13.397476 3.816750 0.125000 0.923527 
35.439642 22.671463 15.639335 18.063402 3.284939 0.125000 8.717065 
58.421311 40.566606 57.822882 63.150117 3.715573 0.125000 30.918972 
44.337752 8.575710 26.873506 8.193214 2.718365 0.125000 1.198571 
25.406738 33.321805 28.757381 79.600719 8.185566 0.125000 88.092580 
25.617542 79.221954 0.555230 80.443287 3.502185 0.125000 39.900544 
0.525028 18.736861 25.670685 22.845395 2.064156 0.125000 9.563678 
129.087599 21.723204 127.103587 9.141835 8.837904 0.125000 16.130864 
36.628111 60.671358 35.464278 23.091266 5.074990 0.125000 73.132272 
43.914516 78.128052 43.591265 29.363623 4.064780 0.125000 116.220595 
62.764146 20.886952 65.140561 35.500507 11.074160 0.125000 60.404788 
137.653781 90.643183 138.857824 121.846723 6.389945 0.125000 50.824843 
128.878107 120.632626 129.194398 89.398487 5.164290 0.125000 31.610997 
24.433957 31.537530 0.539718 27.363159 1.720955 0.125000 13.710934 
121.773737 0.225395 96.794030 6.555476 3.618578 0.125000 22.329341 
66.764314 12.563956 45.598306 16.739692 2.469372 0.125000 8.614963 
95.025156 83.037876 95.833731 100.672743 5.052006 0.125000 18.893826 
62.953892 60.736715 62.352576 53.087457 2.590273 0.125000 1.067674 
38.130159 4.405304 54.336111 1.646549 2.464546 0.125000 6.829207 
59.624055 2.683517 44.165632 7.445321 2.298566 0.125000 4.248691 
37.847991 72.058591 33.443955 65.413609 3.464985 0.125000 0.797908 
3.124110 67.346179 23.126400 67.383978 1.285430 0.125000 2.873854 
26.962937 1.557294 37.733752 4.538528 3.076304 0.125000 4.232717 
69.417426 98.871921 48.094220 100.083117 3.602189 0.125000 17.249225 
23.133272 63.738258 10.618688 63.907071 1.401627 0.125000 2.873854 
24.414134 107.386608 0.664594 106.127918 2.298031 0.125000 0.553250 
36.343098 83.134704 36.160309 73.115234 3.078775 0.125000 0.797908 
89.361059 120.698089 53.233288 113.807259 1.284746 0.125000 10.225809 
45.572555 112.163581 25.552270 108.525198 1.564553 0.031250 1.132473 
59.329681 135.876224 43.155049 132.958427 1.452055 0.125000 2.873854 
99.333766 137.218179 86.863605 135.719838 1.250000 0.031250 0.983154 
