89.400825 25.580429 88.352133 54.383270 4.202332 0.125000 14.038460 
69.192563 39.383169 71.208488 84.404844 4.137651 0.125000 44.293017 
114.367521 27.904992 100.618246 27.805154 2.572545 0.125000 1.720471 
67.413060 32.709839 57.031113 19.254545 2.657447 0.125000 6.126021 
68.380309 0.617830 69.294257 33.162371 5.348928 0.125000 35.973458 
85.263847 46.860836 86.048945 26.842603 2.743011 0.125000 15.407743 
49.897323 10.903095 46.660908 2.434529 2.952570 0.125000 0.797908 
116.384801 46.986062 115.262316 29.398147 5.149078 0.125000 37.669546 
134.025438 39.295666 131.953176 48.426434 3.032000 0.125000 0.050694 
82.831013 26.804129 82.573355 0.605838 12.659205 0.125000 53.241499 
132.862609 48.125428 132.899319 70.625368 2.536706 0.125000 14.541222 
38.462513 0.358386 68.838140 38.811665 3.766842 0.125000 35.041414 
51.831560 63.111850 52.063422 84.386570 2.717808 0.125000 27.027597 
129.514801 63.101949 126.606461 45.463173 4.716834 0.125000 11.554906 
173.595172 35.633946 173.193377 0.609876 2.843972 0.125000 43.004826 
103.184869 48.711276 113.327846 49.626184 6.000137 0.125000 1.232649 
129.009952 79.364650 129.471303 63.092291 2.676123 0.125000 14.971112 
101.287629 30.610010 101.656330 46.908225 4.003476 0.125000 29.063464 
93.711682 36.921853 93.266202 30.615026 1.956860 0.031250 0.983154 
115.632169 80.132929 105.609418 80.227736 2.499888 0.125000 1.697763 
55.955572 101.873527 55.782946 63.124296 2.605779 0.125000 34.241483 
158.129651 50.691979 173.144056 49.649439 3.740993 0.125000 4.057129 
125.332222 29.416496 124.588289 24.167606 4.239127 0.062500 2.527919 
132.160454 20.443439 131.134132 32.961778 4.779002 0.125000 3.885675 
62.792586 59.377596 62.636316 39.369054 2.519448 0.125000 16.751076 
91.894922 2.168428 99.394310 2.236136 5.022366 0.125000 0.664633 
88.746307 0.728192 91.409147 16.951464 3.479300 0.125000 17.321641 
140.268746 63.195157 141.498683 25.612685 10.076421 0.125000 65.987629 
172.791676 48.089344 173.863422 38.070276 2.884683 0.125000 0.883796 
132.504908 71.682546 131.587671 80.595431 3.474372 0.125000 1.034919 
98.572979 79.372701 98.515222 68.116584 2.538450 0.125000 5.583124 
60.500550 49.325963 62.081606 85.615999 3.583224 0.125000 29.907754 
96.683891 60.593107 96.373631 38.131926 6.387523 0.125000 39.529075 
116.295098 135.661369 115.906295 89.372637 7.489236 0.125000 108.114833 
173.695054 64.073997 164.128205 57.219451 3.776350 0.125000 6.009503 
29.509683 27.162114 57.625822 47.562959 4.442022 0.125000 44.709223 
99.373675 20.208587 119.375611 20.240380 1.279802 0.125000 1.697763 
29.267209 94.360245 28.250075 15.623384 3.620516 0.125000 79.696872 
57.113214 17.770956 50.094457 9.844805 2.807478 0.125000 0.050694 
94.210212 120.612922 97.244237 79.218823 6.690154 0.125000 25.896451 
161.097730 81.890828 160.537455 54.376783 2.932111 0.125000 30.918972 
171.915758 38.218384 164.241035 41.568062 3.436906 0.125000 2.576231 
173.871180 79.394822 173.280013 64.368901 2.792912 0.125000 5.946800 
156.883754 34.903946 146.865810 35.069746 1.415309 0.125000 2.873854 
143.076386 38.970514 172.009387 35.493150 4.170686 0.125000 12.281116 
121.023302 21.870096 121.746789 80.626579 3.934401 0.125000 45.830742 
52.169750 86.846151 51.601738 105.654497 2.951654 0.125000 17.891364 
156.757158 38.125103 156.766973 49.374004 2.506543 0.125000 0.797908 
108.546441 50.622950 108.680224 78.122299 1.377688 0.125000 5.096564 
162.610844 12.109673 167.722388 23.308762 2.779582 0.125000 1.034919 
70.977464 85.601885 70.557591 101.905456 2.692258 0.062500 2.762105 
106.300117 78.125864 106.258772 50.624047 1.289462 0.125000 5.301648 
88.295176 84.300486 86.851047 129.454190 7.536125 0.125000 78.121777 
55.492089 2.388080 66.944969 5.354896 3.047038 0.125000 2.680153 
50.621395 84.034144 30.623632 84.245618 1.421763 0.125000 2.873854 
147.657664 68.117112 147.771030 79.365970 2.550261 0.125000 3.456020 
166.586366 26.593134 168.809147 34.174413 4.301895 0.125000 0.426994 
140.147096 24.632453 141.636354 12.935466 3.719970 0.125000 6.126021 
26.936061 95.901342 6.813708 100.347613 6.372490 0.125000 25.188317 
161.758631 48.189024 161.460941 41.835831 2.672780 0.062500 2.873854 
76.212295 30.616559 76.464018 48.130907 1.483398 0.125000 5.962107 
142.653237 79.478862 142.086001 63.248686 7.801045 0.125000 25.746386 
156.209287 55.599423 157.303957 80.606222 3.262936 0.125000 27.321409 
24.794062 13.122627 25.240076 91.877180 1.660565 0.125000 88.275258 
55.772392 48.115132 55.671617 59.375417 2.578206 0.125000 4.336995 
69.420053 85.737496 63.176879 85.943934 3.164262 0.125000 0.820776 
50.807565 90.106139 30.218542 95.247213 4.546772 0.125000 24.220883 
13.511484 8.121271 13.885411 46.879723 1.599652 0.125000 30.047395 
141.992037 11.906403 142.108153 6.851641 3.210132 0.125000 1.067674 
10.182346 49.299389 11.248533 60.683671 3.071897 0.125000 6.829207 
168.129456 83.539441 146.872915 83.596352 5.043488 0.125000 12.782652 
101.361623 96.900972 100.083540 133.149982 4.011945 0.125000 32.946979 
13.150611 84.676793 4.357855 85.422963 1.879708 0.125000 1.067674 
79.765138 83.126155 79.791048 74.376232 5.007381 0.062500 2.851401 
153.685556 77.095669 150.433827 66.936188 3.571520 0.125000 5.946800 
125.662526 125.499412 129.532083 88.141271 2.957328 0.125000 17.787469 
14.024652 63.130068 14.314146 83.143961 2.680528 0.125000 20.032564 
2.552326 84.383204 2.870424 58.121916 1.567846 0.125000 15.517114 
89.759566 65.613591 90.057084 75.641849 1.508931 0.125000 1.970764 
163.379941 58.116486 163.840025 71.892866 1.624806 0.125000 5.583124 
132.740436 88.124103 132.682113 113.123967 2.517490 0.125000 22.991712 
119.334450 75.625440 119.104001 54.377939 1.480389 0.125000 4.680034 
125.574574 20.693975 115.484453 13.317244 1.746815 0.125000 1.067674 
77.534922 65.632972 77.365844 53.118368 1.401865 0.125000 4.680034 
31.875000 48.125000 53.125000 48.125000 1.250000 0.125000 4.680034 
114.421546 11.712214 93.112311 11.010151 2.416323 0.125000 9.563678 
31.875000 86.875000 49.375000 86.875000 1.250000 0.125000 1.970764 
70.152313 103.082810 68.240969 124.496921 3.379129 0.125000 9.990166 
173.603007 104.385785 173.941896 89.365228 1.559826 0.125000 5.962107 
116.841639 0.657361 127.917876 12.075915 5.383381 0.125000 3.667229 
0.625000 60.625000 0.625000 84.375000 1.250000 0.125000 6.486214 
140.801254 106.990398 139.444640 94.367516 2.211386 0.125000 0.797908 
