165.501026 82.130010 174.730729 80.980006 4.807082 0.125000 0.731012 
161.907128 70.285504 164.317948 79.390107 6.041780 0.125000 9.563678 
47.129894 137.836281 28.372897 142.809894 4.832982 0.125000 6.418972 
65.846067 132.744974 55.557504 135.359380 3.942346 0.125000 9.438675 
157.892890 31.722277 156.961328 40.762701 3.986502 0.125000 2.847294 
156.792823 9.168586 174.475976 2.128634 5.107747 0.125000 1.355959 
55.116954 135.313274 47.990880 137.729433 2.723129 0.062500 4.077974 
14.206335 139.915034 89.416015 122.047644 4.636169 0.125000 150.748234 
163.018203 45.123361 174.568137 46.771628 3.181308 0.125000 7.870688 
174.447593 38.924066 161.824655 40.070829 3.281403 0.125000 10.529091 
161.095177 18.125089 174.788642 12.974776 3.660107 0.125000 8.739380 
111.620994 117.510186 75.989286 132.231154 8.211780 0.125000 114.604017 
3.402913 143.066393 16.087454 140.107508 4.301357 0.125000 0.553250 
113.183790 123.024184 101.846460 122.530764 4.018207 0.125000 15.517114 
16.828741 78.480316 51.885500 83.044348 4.745319 0.125000 29.065164 
162.073966 122.159380 146.705827 123.257553 8.104080 0.125000 22.134365 
84.557993 121.407674 94.593895 119.061228 3.651523 0.125000 3.508045 
174.509669 122.939415 162.975265 122.361020 5.803937 0.125000 24.777277 
94.066906 118.782946 102.094617 114.819860 3.901727 0.062500 1.005729 
38.113077 143.082268 65.568195 135.421420 1.875920 0.125000 11.925485 
0.544356 50.352897 154.454669 55.924031 6.579322 0.125000 392.943570 
81.979978 111.782843 24.499166 116.994472 24.897872 0.125000 421.054118 
158.149320 68.412709 23.109208 64.999847 4.664655 0.125000 154.854471 
54.293478 72.603297 36.733656 70.637732 2.892421 0.125000 7.098330 
124.441360 122.384580 112.995709 122.002984 6.496439 0.125000 19.653970 
131.867616 74.589216 55.622035 71.961031 2.713826 0.125000 66.608357 
64.451793 142.863370 118.265415 138.682217 3.823024 0.125000 65.779800 
76.814832 81.878867 103.124206 80.608547 2.617660 0.125000 26.142933 
40.598147 68.999653 159.389683 72.646737 3.304359 0.125000 105.323212 
110.598801 90.947966 174.403819 89.144747 2.781503 0.125000 79.224287 
174.430581 86.159328 111.874468 88.107928 3.281164 0.125000 58.098208 
168.053101 134.592312 174.446169 134.147209 2.928054 0.125000 3.776944 
45.672223 76.278367 58.197140 75.373113 3.034157 0.125000 7.697740 
25.313029 117.946644 0.403438 119.447328 16.897123 0.125000 67.138127 
58.082643 75.967590 74.355535 75.207995 3.021843 0.125000 15.564217 
153.080197 135.774753 165.661138 135.262444 6.448261 0.125000 6.916790 
68.078351 137.949197 48.154445 143.235966 3.945159 0.125000 12.576327 
98.124543 79.866307 160.625651 79.924407 3.768590 0.125000 51.154235 
119.352138 138.178429 153.113696 137.533360 7.450874 0.125000 35.638641 
138.242084 107.842783 80.849715 109.780549 13.141708 0.125000 196.508729 
38.069628 69.728425 29.529261 68.390388 2.469871 0.125000 0.164584 
169.301469 106.138264 137.618526 109.300404 12.808209 0.125000 104.707070 
135.619940 83.613818 104.373288 83.290396 1.482809 0.125000 10.098574 
12.473141 123.122760 5.808025 133.245509 8.631327 0.125000 12.146369 
111.875000 85.625000 124.375000 85.625000 1.250000 0.031250 4.981064 
23.932255 69.369140 23.953661 76.883322 6.264218 0.125000 9.449320 
94.378626 84.275430 105.613725 84.684590 1.340157 0.062500 0.465614 
0.536274 73.067647 10.322011 57.929144 3.456716 0.125000 8.488164 
74.374678 80.460788 51.874764 80.504916 1.289223 0.125000 2.576231 
143.727591 10.791525 142.818438 0.432494 7.143425 0.125000 12.898161 
143.728217 21.919044 143.494117 11.837403 5.230794 0.125000 6.677210 
144.760976 34.321747 143.167765 22.774176 4.953080 0.125000 6.905508 
