134.774578 0.618069 135.230119 26.881849 1.683368 0.125000 21.725979 
70.410287 49.625103 130.844610 36.647699 3.494029 0.125000 84.205299 
68.968667 54.325269 69.638168 65.683170 5.359109 0.125000 1.228753 
132.640816 26.891811 131.817206 3.170407 2.802113 0.125000 16.190856 
66.478116 23.137819 67.325103 49.360462 5.037748 0.125000 29.119350 
133.352853 39.217708 71.657612 52.082479 3.775312 0.125000 55.729797 
67.163895 65.813533 59.576126 77.440504 3.911921 0.125000 2.089640 
64.082865 0.573059 64.554494 20.620777 5.175008 0.125000 22.143095 
54.053847 74.375765 54.076495 46.873725 3.756175 0.125000 23.291064 
160.609646 78.522857 174.400214 78.274377 2.702265 0.125000 7.870688 
158.978319 0.602725 159.786181 76.883884 4.258420 0.125000 138.419240 
66.927571 20.745145 114.139587 0.086988 3.935470 0.125000 57.129921 
174.399282 33.253619 160.666750 35.846148 2.293580 0.125000 6.486214 
96.844150 14.244977 88.279709 16.277044 3.023702 0.125000 0.797908 
127.357659 -0.219278 93.269889 12.270442 6.262861 0.125000 49.602687 
174.375000 80.625000 160.625000 80.625000 1.250000 0.007812 2.599597 
174.843822 92.934372 159.319978 91.087479 7.152133 0.125000 19.302251 
101.991096 50.056602 92.867069 51.610682 4.116534 0.125000 8.756152 
158.134008 83.015063 174.479114 84.354410 3.022878 0.125000 8.614963 
161.596400 33.111158 174.568249 30.251655 3.517740 0.125000 11.086358 
54.372982 43.115544 64.702803 40.910951 3.667408 0.125000 2.847294 
62.498468 33.343300 55.524967 20.680087 7.775661 0.125000 12.000505 
84.802961 16.541681 68.654129 24.080914 4.455508 0.125000 26.747503 
60.413960 10.469768 58.897888 0.322759 3.268544 0.125000 1.034919 
8.093742 99.817336 51.923225 98.121057 4.947919 0.125000 35.919322 
101.854416 93.239501 146.907590 92.422784 4.202506 0.125000 26.412886 
154.821353 76.903441 153.764600 0.598831 4.895662 0.125000 177.022722 
51.998130 17.384987 62.302838 14.897050 6.662168 0.125000 2.619268 
56.848826 98.580069 68.127756 98.208693 3.953648 0.125000 3.048414 
55.717235 79.631431 48.051219 78.919776 3.067015 0.125000 2.576231 
134.581380 40.566824 134.164594 48.043591 2.843985 0.125000 3.776944 
46.875047 79.343347 0.624950 79.345137 5.000048 0.125000 39.035515 
121.985754 10.918532 96.798443 20.422101 2.206389 0.125000 20.315323 
98.175070 17.003178 122.169955 7.630076 2.073955 0.125000 19.129474 
55.621623 101.666487 31.877852 102.051067 1.874672 0.125000 5.583124 
143.121317 95.460114 114.357747 96.102620 1.445092 0.125000 10.098574 
71.800895 96.798910 89.385686 95.816228 4.092880 0.125000 10.248991 
128.191464 52.348246 100.534757 56.232439 2.844317 0.125000 29.683823 
86.833613 24.259016 73.054010 29.176057 1.763399 0.125000 4.680034 
71.900568 26.943157 85.598612 21.804655 1.609397 0.062500 4.132106 
91.935951 57.345424 78.094399 59.138818 2.042713 0.125000 6.486214 
