82.981969 65.563109 86.109730 58.334746 3.364629 0.125000 0.050694 
91.745674 46.868603 91.873187 19.374992 2.592730 0.125000 8.077908 
49.375000 60.625000 49.375000 45.625000 1.250000 0.125000 0.164584 
62.041760 24.459961 63.043459 51.969003 10.630190 0.125000 63.746121 
90.737172 54.374491 90.827949 74.379751 2.568038 0.125000 16.751076 
44.731979 40.581468 45.113395 65.613749 6.534934 0.125000 23.643665 
81.882830 22.124361 68.146373 22.555682 3.708922 0.125000 8.533210 
43.604070 20.632200 43.322068 39.396747 2.687552 0.125000 16.420204 
56.045080 60.531191 55.704963 68.072229 3.689871 0.125000 1.653093 
88.577627 24.619603 81.509244 21.437436 4.447414 0.125000 0.218275 
153.662668 0.606893 152.105909 61.849095 3.113501 0.125000 70.705846 
143.105236 61.875005 143.089504 0.624688 7.503853 0.125000 101.242349 
128.731590 85.636044 128.495651 71.890093 2.585441 0.125000 0.426994 
56.244136 39.395080 56.609922 28.116403 1.573489 0.125000 1.067674 
76.893936 71.970936 61.877469 71.724550 2.622705 0.125000 0.731012 
154.965144 88.105824 157.508933 0.570772 4.359244 0.125000 122.075714 
153.056199 70.043848 135.506204 72.121559 3.430076 0.125000 18.883306 
40.225995 68.130613 39.926896 46.867237 2.587659 0.125000 14.541222 
45.529416 41.865284 46.674094 30.604577 1.875662 0.062500 0.293299 
88.709188 120.777118 87.595282 79.288540 13.946338 0.125000 104.323017 
81.880547 29.925281 69.371424 29.826113 1.349053 0.031250 0.255185 
0.596520 76.615237 14.454042 75.095937 2.485109 0.125000 9.195484 
133.126620 67.591250 149.376470 67.640571 1.299315 0.125000 0.164584 
69.370576 27.375385 80.630748 27.474949 1.349421 0.062500 2.873854 
123.119098 60.361439 131.876263 60.413831 2.522390 0.125000 2.873854 
131.747963 76.998329 151.914405 74.724472 5.388683 0.125000 19.527330 
100.917853 44.362572 102.352042 78.157803 2.898638 0.125000 11.101521 
149.413561 80.996833 130.614748 81.443801 4.135198 0.125000 19.501288 
103.194971 0.628103 101.308872 43.155330 1.943710 0.125000 23.879069 
148.404414 31.869375 148.757051 49.387439 1.526476 0.125000 7.389304 
14.489340 78.231744 0.522505 79.408801 3.421838 0.125000 13.809694 
64.075213 81.720225 66.265252 130.540204 11.759207 0.125000 124.450122 
158.061238 95.891848 153.463538 90.344420 2.615447 0.125000 0.164584 
63.108472 67.381283 78.092501 67.870462 3.365061 0.125000 0.434640 
40.135599 43.120380 40.021703 24.371071 1.348689 0.125000 1.653093 
50.937199 19.355177 50.487656 40.622097 1.276138 0.125000 4.680034 
52.008550 0.581007 51.562058 11.911925 2.842586 0.125000 11.904754 
175.299102 100.002466 158.263107 91.595149 6.681896 0.125000 23.389951 
104.375000 48.125000 104.375000 23.125000 1.250000 0.125000 7.389304 
45.106759 81.898708 44.498602 100.669503 5.321199 0.125000 20.494369 
82.421252 128.262227 84.563111 119.736277 5.762993 0.125000 0.218016 
49.461448 94.211855 51.204419 81.780976 2.452870 0.125000 0.883796 
174.375000 80.625000 174.375000 50.625000 1.250000 0.125000 11.001664 
67.703603 126.347074 72.546024 133.947472 3.927725 0.125000 0.664633 
95.652627 133.120154 93.663533 121.780535 2.311034 0.125000 4.680034 
