85.274960 62.441386 88.436305 55.042064 3.605049 0.125000 4.336995 
46.843655 44.511633 45.365840 30.652635 3.728861 0.125000 3.782874 
42.100910 20.635925 40.406496 55.674881 3.342359 0.125000 25.746386 
81.885327 21.406512 69.370995 21.571876 3.766189 0.125000 13.192832 
45.695244 46.869835 45.635023 60.625044 2.543756 0.125000 1.454630 
92.502760 50.623288 92.599022 15.626992 1.346267 0.125000 12.171350 
91.657869 49.374090 91.553072 74.373650 2.594296 0.125000 9.284128 
81.889247 72.521018 61.870900 72.048816 1.544426 0.125000 3.403198 
55.409298 60.626114 55.448049 68.132367 3.782215 0.125000 2.510782 
68.125000 79.375000 81.875000 79.375000 1.250000 0.062500 0.616176 
66.722085 24.472682 64.253470 52.198072 7.803024 0.125000 61.200291 
129.398826 76.128158 119.385337 76.008677 5.014558 0.125000 2.536664 
149.604250 61.874042 149.348156 0.614661 7.494709 0.125000 103.659558 
81.897095 29.341935 69.357763 29.126007 2.714849 0.125000 11.904754 
91.730867 97.715198 85.274244 80.291766 11.114274 0.125000 41.257710 
87.336910 44.542485 83.816628 27.978015 6.969549 0.125000 3.294983 
56.110475 39.385857 56.362559 28.113540 1.501209 0.125000 5.583124 
37.597888 68.111860 37.211744 46.868879 2.704050 0.125000 15.564217 
163.136302 70.740123 140.607998 72.951812 3.732058 0.125000 17.533313 
136.803494 78.238957 164.430078 76.500047 5.696839 0.125000 38.114062 
166.875473 61.932217 151.866169 62.056240 2.592871 0.125000 7.697740 
49.490538 16.869671 49.296751 58.124632 1.255858 0.125000 19.129474 
173.678092 0.606718 172.365615 50.637870 3.318646 0.125000 70.723803 
0.611968 76.663187 10.650874 76.045526 1.784984 0.125000 0.820776 
172.525495 55.616354 171.966476 94.376319 2.806188 0.125000 32.348060 
139.383971 67.582770 163.127472 67.975590 2.685756 0.125000 12.049956 
126.888830 60.037887 138.133935 59.803271 1.458321 0.125000 1.067674 
64.746698 82.980661 66.281504 126.808236 12.404848 0.125000 133.616959 
156.635334 49.783286 169.514815 46.116035 2.404430 0.125000 1.720471 
163.138796 82.496684 136.873991 83.079534 5.276092 0.125000 16.823429 
155.960638 29.376974 155.850297 48.133679 2.514663 0.125000 6.953153 
103.837446 23.144857 103.104451 49.444106 3.748544 0.125000 15.430769 
114.750772 78.212472 116.811387 69.360192 3.652353 0.125000 2.560371 
94.322441 112.010613 92.764087 97.042717 3.988723 0.125000 19.081657 
86.027757 120.656531 86.326883 93.119046 9.999410 0.125000 67.521857 
10.703235 78.769463 0.549382 80.002099 3.234975 0.125000 6.985969 
105.578771 51.874535 105.867830 23.127442 1.375621 0.125000 10.098574 
50.132626 0.622288 50.084402 9.378907 2.520614 0.125000 1.970764 
102.557881 50.376893 104.197174 63.147826 3.878629 0.125000 4.304398 
104.901685 0.595808 103.993052 23.109585 1.943482 0.125000 7.697740 
11.875000 39.375000 11.875000 74.375000 1.250000 0.125000 14.614024 
40.838206 81.794861 42.688628 115.580438 3.931809 0.125000 27.498500 
20.625000 79.375000 34.375000 79.375000 1.250000 0.062500 2.873854 
59.773134 113.827304 41.779661 141.813703 2.328594 0.125000 9.752547 
34.375000 80.625000 13.125000 80.625000 1.250000 0.125000 4.680034 
162.614612 45.814146 157.123203 30.996259 2.950913 0.125000 3.274964 
14.935908 20.640010 15.916267 65.645884 1.764408 0.125000 14.928551 
