47.160282 104.375618 47.384926 0.623398 6.290583 0.125000 148.632897 
140.234054 46.891895 140.628205 26.850479 6.347107 0.125000 23.657409 
140.127593 26.627162 139.566629 19.265152 5.270461 0.125000 5.096564 
152.445753 78.178809 153.149204 54.375715 4.191464 0.125000 34.069352 
4.255920 7.963919 16.878361 9.344266 2.267841 0.125000 0.797908 
96.201272 80.643354 94.018858 0.532543 6.135602 0.125000 165.349754 
159.849705 0.578635 158.388440 64.409647 6.248363 0.125000 129.020717 
48.095383 107.495343 0.582910 109.730160 4.348442 0.125000 60.247668 
108.191253 107.920538 68.103614 106.094486 6.243526 0.125000 58.032358 
51.550808 0.601404 52.419030 80.659768 6.086969 0.125000 193.276946 
56.874229 82.851689 94.377456 82.745934 2.595161 0.125000 22.582372 
139.563605 15.660944 139.664526 8.112159 7.566169 0.125000 9.079857 
101.482275 0.464155 109.705227 108.195205 13.034549 0.125000 334.412966 
153.259517 115.626837 153.193632 75.624887 4.977346 0.125000 37.081140 
0.985504 56.868131 1.890299 104.350889 2.952026 0.125000 28.024159 
0.584275 105.925888 46.802818 103.942743 4.603924 0.125000 68.950304 
113.096509 108.447396 149.389058 107.332680 2.690698 0.125000 37.910273 
140.640957 110.103243 108.129177 110.815646 2.745852 0.125000 13.158455 
86.949127 9.791013 60.684415 7.456535 3.735274 0.125000 13.000786 
11.881350 95.835834 33.112090 95.196369 3.936463 0.125000 10.033387 
61.782156 2.473116 86.781859 3.729025 3.745277 0.125000 3.091429 
149.072060 45.729157 147.636397 24.323933 4.988792 0.125000 11.291299 
84.369347 48.506976 63.142495 48.192837 2.721689 0.125000 10.285789 
64.133122 43.011652 74.463331 45.209908 3.928046 0.125000 1.454630 
159.314273 75.064559 174.417305 76.394626 2.380703 0.125000 10.098574 
18.095051 3.805797 4.316726 3.199671 2.202200 0.125000 0.218275 
66.951493 106.780293 58.074880 107.368020 2.659703 0.125000 3.776944 
33.125000 98.125000 11.875000 98.125000 1.250000 0.125000 4.680034 
53.261131 89.306702 54.007507 104.454698 4.993942 0.125000 26.567138 
96.866403 104.375134 96.554083 84.360502 5.038398 0.125000 20.905616 
174.380940 82.340464 156.872479 82.207901 1.363531 0.125000 1.970764 
28.155747 10.994248 9.328120 12.562008 3.010015 0.125000 2.089640 
56.873201 104.206691 94.382277 103.805752 1.570584 0.125000 20.315323 
158.125000 79.375000 174.375000 79.375000 1.250000 0.125000 1.067674 
113.104063 48.465776 135.748981 49.857090 3.512974 0.125000 13.357671 
10.618108 76.098709 35.631000 76.462619 1.595367 0.125000 21.207173 
147.366857 22.191463 144.554696 4.346682 4.160702 0.125000 25.871204 
68.133468 98.321469 83.105656 97.676179 2.120913 0.125000 2.873854 
83.127939 95.322857 68.124207 95.369375 1.296500 0.125000 0.164584 
44.397288 6.585054 30.632537 5.526949 2.875869 0.062500 1.228679 
76.871060 88.010190 60.597329 88.568628 1.549347 0.125000 1.067674 
60.642044 25.348294 76.907328 26.350158 1.478181 0.125000 0.820776 
34.375000 101.875000 11.875000 101.875000 1.250000 0.125000 5.583124 
65.625000 38.125000 85.625000 38.125000 1.250000 0.125000 3.776944 
3.111570 69.614731 15.642270 70.316718 1.737463 0.125000 1.697763 
