170.003987 0.618559 169.758670 71.876321 3.724158 0.125000 64.212852 
153.293558 29.444226 153.804030 0.548665 9.954282 0.125000 123.496858 
0.611620 102.690109 151.910694 98.035168 3.094748 0.125000 165.008387 
156.885069 52.942644 155.853969 31.682028 7.672850 0.125000 60.471654 
156.243380 98.112345 157.120580 54.329832 6.799609 0.125000 128.501211 
30.646713 50.024474 151.873822 54.407581 1.820882 0.125000 68.464750 
174.384323 99.939704 156.870559 99.701438 1.453933 0.125000 1.697763 
118.125000 50.625000 90.625000 50.625000 1.250000 0.125000 9.195484 
166.679343 50.629881 166.242287 33.109601 1.592508 0.125000 7.389304 
71.901366 26.464455 143.098544 31.036941 1.888338 0.125000 40.079665 
80.625000 49.375000 60.625000 49.375000 1.250000 0.125000 3.776944 
165.592621 29.378897 165.684653 0.621191 2.591994 0.125000 48.931444 
54.375000 25.625000 69.375000 25.625000 1.250000 0.125000 0.164584 
