139.849320 18.196142 141.710413 5.787798 8.096979 0.125000 4.466106 
142.328190 6.244634 146.331673 1.184058 3.716510 0.062500 2.108726 
161.935978 11.912240 153.442844 25.819112 3.615656 0.125000 1.602836 
153.658951 31.667546 149.930696 44.535997 2.592011 0.125000 2.680153 
125.293459 56.256853 147.523396 44.333913 21.089792 0.125000 90.093609 
130.675069 14.068789 118.301502 12.045557 2.672429 0.125000 1.720471 
149.687713 35.600412 148.515558 20.692575 5.082597 0.125000 4.367750 
163.950548 24.344265 164.670877 14.396425 5.077220 0.125000 7.098330 
166.411941 16.976991 162.651385 -0.096641 7.593315 0.125000 8.061484 
148.816902 45.305966 139.352616 61.862204 2.635258 0.125000 10.225862 
137.011063 74.386459 138.492090 56.800644 2.399492 0.125000 11.416468 
121.226339 23.114143 120.389022 73.141972 4.272434 0.125000 58.431748 
115.672583 85.608212 114.880080 24.352294 6.006918 0.125000 101.569462 
48.544744 16.842391 48.935658 36.859168 4.090982 0.125000 12.701479 
148.097218 36.063182 123.118376 34.479470 4.296142 0.125000 13.611144 
48.301379 0.645069 47.567363 7.096011 6.008885 0.125000 0.149785 
159.770266 58.167991 163.471265 24.140747 8.375917 0.125000 65.485023 
131.920354 0.581653 132.299192 11.902634 2.791242 0.125000 8.292394 
137.000308 79.709416 126.999340 83.456834 2.779652 0.125000 1.653093 
43.734278 95.569100 42.858979 105.601791 3.953095 0.125000 2.847294 
139.942271 63.106171 139.631301 74.382068 1.525203 0.125000 0.164584 
0.198563 2.809459 18.156555 0.925837 6.346298 0.125000 18.311374 
119.437746 21.496311 139.408106 22.265674 3.987824 0.125000 13.490504 
120.621598 75.985174 136.871360 75.923043 3.769090 0.125000 13.650421 
74.402342 6.068046 95.670279 6.788670 5.166451 0.125000 12.782652 
151.770871 90.769819 134.182261 89.456760 10.344484 0.125000 26.502331 
33.157429 39.976720 11.898097 38.913264 2.247075 0.125000 0.731012 
33.190121 28.709805 13.137561 26.746695 2.340168 0.125000 0.731012 
35.746440 16.110297 21.923623 19.569306 1.820654 0.125000 2.576231 
133.327201 90.011775 117.905139 89.010128 8.245510 0.125000 40.986356 
51.958939 5.144737 64.512410 7.338800 2.893088 0.125000 0.664633 
28.125659 84.514637 6.876133 84.614959 1.320802 0.125000 2.873854 
30.649165 57.270097 9.380826 56.668907 1.355459 0.125000 3.776944 
6.875000 59.375000 30.625000 59.375000 1.250000 0.125000 6.486214 
40.772606 26.252172 25.728830 22.686887 2.432618 0.062500 0.606042 
31.874597 45.665091 10.626744 45.451494 1.312763 0.125000 0.820776 
174.489506 42.477685 165.585919 44.169305 2.689382 0.125000 3.776944 
18.190027 29.049193 40.787774 33.559454 2.935928 0.125000 4.503683 
8.102460 47.630544 30.619711 48.302283 1.323992 0.125000 2.576231 
4.379408 81.175196 28.127884 80.984928 1.420205 0.125000 5.219043 
29.374275 63.025746 9.375342 63.171822 1.268227 0.125000 3.776944 
31.904649 93.651697 1.859128 95.343042 2.285284 0.125000 1.579054 
29.378232 78.229016 6.861132 78.928742 1.792952 0.125000 15.517114 
4.375402 86.932216 28.124230 86.765369 1.258751 0.125000 6.486214 
0.645634 26.781196 16.932450 30.363829 2.588263 0.125000 2.249350 
9.388223 41.521414 33.105054 42.408363 2.451539 0.125000 2.089640 
118.122328 15.658029 136.850883 17.173124 1.250000 0.125000 1.970764 
34.402529 11.987899 17.021558 16.226046 1.570403 0.125000 4.680034 
5.634377 52.911518 31.888629 54.064716 2.016729 0.125000 9.449320 
79.387210 11.763984 101.889956 14.239020 1.639933 0.125000 5.096564 
25.625536 20.574690 41.860379 20.747619 3.842985 0.125000 6.905508 
29.366307 82.942417 41.897415 82.345795 1.724160 0.125000 1.697763 
111.850041 17.133574 53.164195 11.468935 1.844706 0.125000 21.698959 
30.644623 51.533064 9.392880 50.313449 1.534420 0.125000 8.292394 
5.623962 75.790655 29.373030 75.939468 1.343965 0.125000 4.680034 
174.417430 89.073302 153.080843 88.489876 4.158605 0.125000 16.193513 
165.505957 51.137828 174.427030 49.697197 2.866579 0.125000 2.576231 
28.126984 89.420334 10.605834 90.186975 1.795222 0.125000 9.195484 
29.378489 69.161699 8.134174 68.814184 1.576949 0.125000 8.292394 
5.622013 70.791570 29.364379 71.217319 1.541148 0.125000 7.870688 
13.235791 99.871647 40.760304 93.731534 2.308644 0.125000 14.553849 
8.124252 65.667563 30.617309 66.062750 1.447431 0.125000 5.583124 
33.146273 34.015711 11.896755 32.757569 1.469457 0.125000 7.389304 
138.110901 19.544264 116.903921 17.777797 1.453209 0.125000 4.680034 
49.382172 84.977989 113.123154 84.219835 1.621582 0.125000 44.415994 
28.125669 73.716915 10.624279 73.736694 1.269776 0.125000 1.067674 
16.968014 18.498343 34.324942 14.174077 1.250000 0.125000 0.164584 
24.466538 4.742506 0.638118 10.677666 1.528464 0.125000 8.756152 
11.895422 35.289884 33.142692 36.584682 1.627852 0.125000 6.102063 
5.625000 91.875000 29.375000 91.875000 1.250000 0.125000 6.486214 
21.778351 10.373002 39.541886 3.560131 1.886589 0.125000 3.508045 
90.619799 68.326026 113.137067 68.908581 1.669853 0.125000 13.192832 
163.037063 70.618906 163.818987 59.336466 1.592702 0.125000 0.164584 
76.879313 59.208446 111.888206 60.115057 1.702619 0.125000 21.207173 
111.905369 88.230783 84.378087 87.881617 3.733844 0.125000 15.241215 
96.821616 7.308417 109.438137 8.862400 1.699050 0.015625 1.017550 
152.982361 46.232091 156.772461 39.318785 4.595816 0.125000 4.248691 
