31.975276 42.625176 25.678435 42.940858 2.432708 0.062500 0.465614 
49.457682 45.128383 101.959184 53.869358 3.495103 0.125000 43.192487 
20.545977 50.252426 33.015278 47.607689 2.677749 0.062500 1.438093 
142.700875 18.323523 150.512666 35.012676 5.058384 0.125000 7.833110 
10.604159 49.005409 19.408406 49.213825 3.212346 0.125000 1.855669 
129.347900 43.232075 146.686340 47.620402 3.957088 0.125000 9.741820 
120.616973 38.139261 132.366316 44.752048 3.607319 0.125000 8.533210 
144.796450 33.146880 134.314952 29.549981 5.981356 0.125000 9.741820 
122.692905 6.871701 122.663485 21.874095 2.502446 0.125000 5.096624 
156.818064 44.322907 174.183265 25.343246 4.924975 0.125000 37.659976 
171.990466 125.763223 131.903568 121.599928 8.363761 0.125000 82.629376 
102.942830 54.067127 113.088755 48.063744 3.621964 0.125000 4.480242 
146.568058 47.200866 157.070194 43.712686 3.948598 0.125000 7.653196 
112.625414 46.677468 116.979166 35.666186 5.352557 0.125000 4.934975 
131.878831 117.147160 0.617975 117.002574 13.867028 0.125000 521.406802 
170.705724 15.635340 172.636385 0.562414 3.878424 0.125000 10.529290 
152.095513 0.617129 152.946956 24.470592 4.818458 0.125000 8.587935 
163.274782 26.948233 168.437541 16.388976 4.516703 0.125000 1.349337 
169.402301 113.617807 130.612589 112.219201 2.903744 0.125000 50.743602 
55.178571 122.131552 49.043941 124.888287 3.420508 0.125000 2.873854 
104.388770 121.880608 98.260104 136.930019 1.927691 0.125000 0.218275 
134.331203 126.921699 151.126399 142.673204 2.282006 0.125000 0.614840 
169.414273 140.134337 159.378516 139.331066 1.644944 0.125000 0.164584 
