142.055408 59.562333 143.770256 46.468387 5.385480 0.125000 13.304151 
145.624244 38.838462 174.375536 38.868924 5.019863 0.125000 29.553388 
131.781407 51.848469 132.125360 66.840578 2.757375 0.125000 4.864122 
132.985465 16.886162 132.646250 50.632752 4.038786 0.125000 40.841404 
143.946703 46.072551 142.310563 35.367384 6.744816 0.125000 0.341111 
146.906447 73.385975 134.359851 73.647100 4.009287 0.125000 2.246834 
131.772732 74.367508 131.821791 81.883506 2.540741 0.062500 1.785718 
146.875182 5.815428 165.625165 5.797502 1.266730 0.125000 1.970764 
166.873893 88.464479 133.124252 88.354391 2.569302 0.125000 30.257893 
170.618230 8.864695 140.632183 8.590237 2.522776 0.125000 15.599063 
131.389266 89.374840 131.400275 141.875100 6.252883 0.125000 99.703656 
159.266377 47.760199 150.887090 50.255208 2.880615 0.125000 1.697763 
166.875131 15.747843 146.873825 15.769094 2.519920 0.125000 15.860896 
150.819627 50.761299 145.062984 58.981414 2.968323 0.125000 3.456020 
22.110466 104.925877 68.443936 85.121155 3.633236 0.125000 74.426726 
167.883324 36.918267 168.963289 11.750059 6.458606 0.125000 18.139648 
148.124609 12.220698 165.625146 12.213139 2.504319 0.125000 6.848509 
160.711853 75.827706 147.364643 74.720804 12.973783 0.125000 19.165646 
165.570664 67.012950 164.235603 54.389743 2.216262 0.062500 0.275019 
144.170784 13.121233 143.893733 28.139182 2.637911 0.125000 0.149785 
157.647160 52.080662 170.376040 49.429627 4.435827 0.125000 6.119189 
162.136094 59.713637 153.626128 66.274958 3.384521 0.125000 1.034919 
142.446419 84.469529 142.009579 75.557135 6.303701 0.125000 0.532358 
81.663587 88.275684 59.270602 92.582144 4.673962 0.125000 12.463164 
165.646019 2.065758 146.900008 2.339236 3.986641 0.125000 23.491411 
58.963483 93.467065 23.818183 109.396487 6.208603 0.125000 79.320172 
168.697264 143.212182 167.250468 90.477522 11.436055 0.125000 248.397444 
75.623713 87.042567 123.130511 87.407419 1.595552 0.125000 27.027597 
70.837125 0.626827 70.105069 85.631287 1.422187 0.125000 47.156015 
173.999616 88.698259 166.156933 83.562672 6.598272 0.125000 1.602836 
143.271401 114.350966 143.767190 143.156975 8.641150 0.125000 33.903168 
145.753340 90.520717 144.810166 100.665458 2.836412 0.125000 3.370729 
145.287945 105.548337 143.481521 113.490403 3.933840 0.125000 4.232717 
68.125000 60.625000 68.125000 0.625000 1.250000 0.125000 31.772734 
