56.739592 61.750106 63.301988 54.635300 3.532654 0.125000 0.426994 
46.864764 14.676527 0.583231 13.105410 5.633260 0.125000 58.103826 
48.125251 51.551386 74.375235 51.571766 2.506792 0.125000 21.725979 
86.869258 79.152096 58.073967 79.893849 3.877511 0.125000 41.199100 
126.868054 14.635898 90.610474 13.670596 2.665452 0.125000 40.336189 
46.913588 71.250551 30.571557 72.258625 3.187907 0.125000 9.563678 
130.620754 21.153679 89.373414 20.822426 2.560149 0.125000 30.652939 
21.712748 70.331614 43.120384 68.081093 2.945317 0.125000 5.388241 
164.371842 78.843381 94.374312 79.259152 3.891001 0.125000 101.997671 
90.625482 31.700187 129.375187 31.806957 3.815426 0.125000 38.323272 
90.590399 3.266097 128.092889 2.095896 4.215997 0.125000 30.622025 
44.366120 64.375504 41.606817 15.782187 9.416994 0.125000 113.865395 
91.879242 24.181134 124.391027 24.892534 2.690817 0.125000 19.501288 
93.145158 76.423094 123.094479 75.666629 2.877954 0.125000 18.906105 
56.876438 74.923410 69.376352 74.890632 2.513103 0.125000 6.486214 
30.996731 71.881831 24.569552 73.782786 4.440152 0.125000 0.883796 
54.740674 73.458334 52.623938 67.842698 4.237772 0.125000 0.820776 
34.275414 76.810830 51.863860 75.477995 4.305997 0.125000 3.307159 
69.349408 10.324468 86.829098 8.835966 3.127352 0.125000 13.809694 
128.120552 27.258267 91.875434 26.837585 1.482032 0.125000 14.614024 
119.384205 36.981838 89.376085 36.740211 2.701213 0.125000 34.925376 
89.382037 17.228192 126.879728 17.522430 2.617622 0.125000 36.781144 
141.991253 25.127234 153.167502 23.400016 2.661583 0.125000 1.653093 
83.106542 18.722771 49.388690 17.681650 2.961750 0.125000 34.131541 
85.615245 5.443850 69.345113 6.319981 3.101308 0.125000 5.091660 
113.130771 68.033642 94.376640 66.849031 1.877911 0.125000 6.985969 
49.375000 15.625000 74.375000 15.625000 1.250000 0.125000 7.389304 
94.382267 88.003468 83.097870 87.328714 1.695437 0.125000 1.970764 
72.033499 54.282766 74.725752 65.541123 10.597943 0.125000 10.239317 
158.768448 20.282023 165.130136 78.588150 14.866709 0.125000 268.973903 
136.904255 76.872697 133.939694 39.212470 6.034535 0.125000 59.226780 
134.191356 38.242034 134.704867 28.078510 8.928080 0.125000 14.891772 
58.118097 83.388420 88.162978 84.175776 2.564635 0.125000 25.871204 
146.875000 81.875000 161.875000 81.875000 1.250000 0.125000 0.164584 
132.221225 18.271792 133.858989 0.462595 7.239548 0.125000 28.564162 
156.773972 0.487870 157.720184 17.041045 9.021084 0.125000 33.422861 
122.411198 4.191007 121.681987 11.974032 3.966858 0.125000 4.232717 
46.329567 128.255559 43.390159 87.833029 10.245636 0.125000 140.923866 
61.376928 50.039758 58.411380 42.241446 3.784864 0.125000 1.720471 
80.623045 14.533257 61.875906 14.301686 1.265344 0.125000 2.873854 
139.349373 66.171005 149.385932 66.642084 1.600260 0.125000 0.164584 
123.396093 41.839653 125.040481 54.451214 2.479016 0.125000 1.034919 
