128.104415 24.124299 151.895818 24.614383 5.153401 0.125000 31.077684 
127.387298 48.162931 128.420261 34.211758 3.739763 0.125000 11.925485 
127.304192 0.378338 124.492907 38.226605 6.831251 0.125000 51.020494 
174.378227 84.717840 125.620781 85.176836 2.699925 0.125000 46.248947 
119.376147 82.586311 163.124018 82.515762 2.562487 0.125000 40.327655 
135.717088 62.375683 124.375999 61.853313 5.167247 0.125000 3.141359 
125.044606 39.363387 124.719087 55.631885 2.724558 0.125000 6.009503 
124.727814 64.375607 124.708458 75.627724 2.517198 0.125000 5.583124 
155.612257 23.711370 174.407711 24.119836 5.025979 0.125000 9.973546 
136.637291 37.149107 129.794705 47.580351 3.528699 0.125000 6.126021 
146.628799 33.588505 136.808512 36.662601 3.506112 0.125000 3.370729 
141.626526 55.930619 153.070934 52.919511 3.626575 0.125000 2.486513 
153.505455 21.909767 153.960084 0.589498 3.429364 0.125000 23.884372 
154.411656 54.375701 154.698418 39.381185 3.868820 0.125000 2.402083 
0.171520 89.354560 13.237667 84.690639 3.278330 0.125000 10.310893 
129.507041 39.785634 133.859785 33.988175 3.251154 0.125000 2.873854 
149.197935 36.474649 156.858085 33.086755 4.946353 0.125000 0.923527 
124.555645 88.013796 126.850526 143.333435 11.706626 0.125000 209.013199 
152.296781 44.904280 141.151609 53.785825 5.269745 0.125000 8.233892 
174.381693 64.256639 154.369944 64.158754 3.835553 0.125000 23.020650 
30.653155 91.194498 6.899414 92.368836 5.117345 0.125000 22.358550 
34.375270 86.202974 115.625252 86.165002 1.287972 0.125000 47.125264 
157.839865 21.869934 158.217329 0.626641 1.360839 0.125000 3.776944 
128.018336 79.372400 128.384510 64.350855 4.464900 0.125000 3.141359 
153.841919 143.283911 155.854709 86.705296 11.603282 0.125000 283.111147 
14.318765 0.609395 15.446020 86.844660 3.929402 0.125000 95.199958 
101.875000 88.125000 85.625000 88.125000 1.250000 0.125000 1.067674 
70.625000 88.125000 38.125000 88.125000 1.250000 0.125000 12.807844 
146.867222 71.692672 133.127058 71.592569 2.600106 0.125000 5.219043 
34.375000 46.875000 34.375000 83.125000 1.250000 0.125000 15.517114 
86.875000 0.625000 86.875000 40.625000 1.250000 0.125000 17.323294 
10.625000 15.625000 10.625000 0.625000 1.250000 0.125000 0.164584 
