55.215970 3.118304 55.454914 33.126354 6.269708 0.125000 33.963826 
122.942450 28.123107 122.901140 59.376356 2.539651 0.125000 32.822801 
115.859296 22.033026 114.452955 1.869563 7.481824 0.125000 19.193336 
122.474356 0.627529 122.566662 24.372311 5.024258 0.125000 23.399941 
102.809427 33.174771 102.457518 4.429080 7.820771 0.125000 38.293784 
91.670816 34.005830 99.613307 35.846969 5.717673 0.125000 1.967896 
117.978625 50.642532 115.711621 31.714910 4.518559 0.125000 12.116880 
63.076229 20.609427 73.159262 21.007795 2.794136 0.125000 3.370729 
75.635873 24.155575 63.124078 24.287575 2.592168 0.125000 3.370729 
84.101690 8.110465 84.264879 33.109399 5.146766 0.125000 47.987976 
64.594573 38.061125 65.250035 53.141298 2.903163 0.125000 4.339063 
49.148386 66.876388 48.742673 0.621218 2.852048 0.125000 83.079037 
78.136022 48.184509 78.572599 20.592526 6.565630 0.125000 51.797782 
80.245534 73.125367 80.252378 56.874843 1.256844 0.125000 1.067674 
121.067000 38.041153 118.048030 22.126727 2.159980 0.125000 1.034919 
117.529271 73.126222 117.568958 51.873962 1.289681 0.125000 4.680034 
169.386235 77.735100 138.126171 76.834369 2.606971 0.125000 20.569150 
121.839180 60.442425 119.875984 74.268647 4.950346 0.125000 5.552885 
133.146649 33.308829 131.778876 5.568107 7.614015 0.125000 25.719090 
150.624757 74.416483 166.874198 74.511734 2.521938 0.125000 0.664633 
106.898792 74.353587 83.085102 74.814754 3.894512 0.125000 35.537042 
92.184620 10.624295 92.233028 31.877032 1.298398 0.125000 4.680034 
54.652910 34.276537 55.390402 45.720672 3.420690 0.125000 11.001664 
109.119495 0.622956 108.519324 75.628155 3.809891 0.125000 56.810818 
90.233235 71.874287 90.296912 36.874403 1.311401 0.125000 12.304394 
66.872002 53.186567 78.156114 53.736063 2.801034 0.125000 2.510782 
90.162108 31.875762 90.127109 10.623761 1.284993 0.125000 4.680034 
93.023226 36.874496 92.850022 71.879824 2.636036 0.125000 31.791110 
80.079726 19.384598 79.925373 10.615313 2.587607 0.125000 2.873854 
65.165247 55.606559 65.544928 71.876869 2.761776 0.125000 8.509122 
103.090993 128.159403 102.553712 108.106815 8.780341 0.125000 44.646823 
76.974473 121.895331 77.596935 80.579379 8.918479 0.125000 44.121982 
131.300084 51.875043 131.301189 34.374964 1.251105 0.125000 1.970764 
106.557222 69.377102 106.622042 40.624430 1.311992 0.125000 10.098574 
85.090374 108.112288 84.434753 135.685864 6.277947 0.125000 32.332341 
62.762722 82.889726 60.746423 118.131947 13.621976 0.125000 81.934268 
136.820881 73.125165 136.695146 31.879359 2.621925 0.125000 43.894783 
78.128939 74.789991 66.879952 74.896751 3.797282 0.125000 1.702576 
149.148089 53.124799 149.130370 73.125891 2.515502 0.125000 12.811411 
74.291408 143.118226 76.110956 120.664379 4.579812 0.125000 3.886135 
172.273524 0.519147 171.573188 14.422761 4.993669 0.125000 18.743487 
62.757341 69.381060 62.489230 53.114876 1.476437 0.125000 4.336995 
174.393320 83.577212 141.853070 82.829958 2.327156 0.125000 7.479874 
170.584471 23.116185 170.985450 78.131483 5.382503 0.125000 71.175946 
106.951765 79.874870 88.133535 79.152627 1.873161 0.125000 4.336995 
63.125000 3.125000 79.375000 3.125000 1.250000 0.125000 1.067674 
94.377903 71.313114 106.877569 71.377693 1.308106 0.062500 1.669734 
45.137012 35.632272 44.652555 3.120864 1.622348 0.125000 25.670416 
57.287687 115.896988 63.853010 130.292990 12.210533 0.125000 16.819054 
120.959854 80.597027 123.154824 106.872509 2.699440 0.125000 17.144900 
145.027282 29.109203 141.176667 19.659562 4.630332 0.125000 9.378608 
117.388637 99.381705 117.633556 80.618585 1.478305 0.125000 13.192832 
139.367798 79.568693 174.365894 80.869919 1.806450 0.125000 24.548014 
82.771371 48.135908 83.427383 69.404229 2.229050 0.125000 4.480242 
0.560958 62.596555 34.377399 65.597966 2.158679 0.125000 27.027597 
49.422612 80.057318 36.809578 80.937451 2.580949 0.125000 1.034919 
46.875000 8.125000 46.875000 64.375000 1.250000 0.125000 27.457351 
33.098567 63.394059 3.142092 60.451020 1.855093 0.125000 9.449320 
53.868517 44.362853 53.357753 65.660560 5.058501 0.125000 17.033677 
161.054584 72.729023 152.550318 52.112050 6.326573 0.125000 29.297678 
111.875000 49.375000 111.875000 66.875000 1.250000 0.125000 1.970764 
143.752050 73.168553 144.768642 29.355130 4.212921 0.125000 68.984927 
105.373401 99.559787 99.008789 90.893964 5.037348 0.125000 5.336485 
96.884373 101.764991 86.879625 101.804227 5.029374 0.125000 6.281913 
