68.107419 26.014957 94.416654 27.201102 4.769731 0.125000 39.185466 
56.760292 51.969317 51.173157 45.174285 3.518830 0.125000 1.653093 
65.174909 56.926208 65.663279 49.297429 3.981913 0.125000 3.370729 
65.608277 49.696323 67.051783 32.925040 9.320016 0.125000 18.814739 
99.091603 21.905482 99.764793 0.558453 3.748137 0.125000 34.612635 
48.918487 74.379776 48.874050 46.871771 6.278262 0.125000 19.860812 
61.472225 56.840525 60.285674 70.702949 3.736338 0.125000 11.925485 
66.595425 32.055255 65.853216 20.610200 5.070412 0.125000 3.885675 
69.892179 0.548767 69.022866 23.159520 3.987347 0.125000 40.803634 
22.925375 0.580749 21.854468 35.662531 3.595695 0.125000 59.718126 
55.833733 24.329277 56.307978 0.563797 5.398029 0.125000 28.289260 
4.062683 0.496708 2.822438 15.600155 3.532817 0.125000 18.532534 
11.840946 37.962693 45.571336 37.149382 4.261144 0.125000 3.227019 
51.442418 100.978133 48.332090 75.148499 10.928869 0.125000 31.498139 
44.374177 78.172018 0.615704 77.406050 6.467815 0.125000 33.158565 
105.683009 18.336109 123.231890 13.514001 4.701817 0.125000 8.695560 
99.808492 56.978412 97.587612 39.443061 3.265487 0.125000 2.720074 
91.715366 29.184474 74.664625 43.470671 2.408368 0.125000 8.739380 
123.447419 14.711389 134.628316 18.657199 3.189479 0.125000 10.098574 
69.753468 57.707314 75.071940 46.609943 2.301231 0.125000 0.050694 
133.925830 19.762094 156.843481 23.327591 5.297069 0.125000 18.658831 
104.119870 18.174986 105.003226 0.593759 2.308672 0.125000 12.807844 
158.123396 22.965245 174.377039 22.989154 3.770222 0.125000 19.754330 
81.867016 75.457034 65.594366 76.230490 2.050221 0.125000 4.336995 
19.140017 105.284242 16.335727 138.078886 13.839043 0.125000 100.953601 
165.635032 27.541800 138.100175 27.068135 2.478130 0.125000 8.442135 
62.638481 115.590360 64.947118 83.165735 5.790341 0.125000 29.684951 
97.203179 47.148704 89.207729 56.735495 3.839834 0.125000 2.742210 
66.334193 121.847889 65.452839 139.429033 6.179577 0.125000 19.527330 
18.106957 0.624298 16.695072 36.916629 2.741071 0.125000 34.131541 
52.280660 143.260245 50.506137 99.379807 8.035732 0.125000 114.457657 
96.592716 143.734661 93.635560 130.239221 13.280521 0.125000 28.324247 
154.372030 81.029726 96.865953 80.607662 2.417366 0.125000 22.695920 
24.293567 65.303542 45.816527 67.191100 8.934955 0.125000 27.488473 
23.403170 93.220230 19.431292 104.822203 6.381898 0.125000 13.121880 
97.722954 123.720251 94.357966 114.381138 4.703970 0.125000 2.742210 
87.483674 95.437573 76.472591 88.791726 4.502383 0.125000 4.341659 
84.117391 84.571616 70.790021 82.198316 7.383838 0.125000 13.744739 
97.309954 105.628621 97.254395 93.123314 2.527743 0.125000 4.232717 
174.375000 80.625000 155.625000 80.625000 1.250000 0.125000 2.873854 
8.199935 104.357483 10.268906 113.208241 3.026558 0.125000 0.050694 
