96.904042 24.752784 106.940821 23.981222 2.780073 0.125000 0.883796 
163.081852 25.430985 110.628684 26.998305 4.158999 0.125000 68.360794 
51.870107 22.672596 39.371569 22.807780 1.358081 0.007812 1.104641 
110.617854 24.159187 165.640309 22.337341 2.912291 0.125000 70.097633 
54.376544 25.823934 83.124812 25.600825 3.846894 0.125000 25.508236 
53.151539 79.764300 39.376093 79.339538 2.729963 0.015625 7.132060 
84.368748 80.773481 55.617091 79.562830 3.799267 0.125000 24.701793 
168.073392 18.080276 167.419466 0.558031 5.089756 0.125000 33.775689 
105.495632 26.858606 106.264033 79.383938 3.194543 0.125000 80.282140 
52.317427 8.121218 52.424454 20.641674 3.771233 0.125000 8.533210 
169.238156 80.649298 168.251790 24.350878 5.592130 0.125000 148.990638 
165.626129 19.821109 109.370163 19.963461 3.740499 0.125000 30.186417 
104.467273 0.571915 104.966718 13.200470 5.193684 0.125000 22.608456 
52.380835 26.888898 53.338055 78.144365 4.602344 0.125000 116.354144 
68.170908 5.439508 41.862024 6.574108 3.531087 0.125000 24.823557 
58.068380 76.900268 57.100420 26.846468 4.353511 0.125000 111.416544 
83.134620 29.481518 60.592695 31.517286 4.417582 0.125000 16.468221 
109.827502 78.140576 108.801588 25.611786 3.036510 0.125000 40.477251 
100.400961 13.166971 98.011496 0.412092 3.455712 0.125000 8.509122 
109.500248 19.374420 109.413466 0.619038 3.836716 0.125000 30.869644 
61.870666 77.046020 83.107026 77.584229 2.499198 0.125000 15.564217 
95.751725 6.877876 95.269127 28.145289 5.140501 0.125000 16.130864 
44.381950 136.437259 4.352348 135.801726 5.376391 0.125000 51.828408 
68.420725 20.628221 68.556861 8.129704 1.874778 0.125000 3.456020 
81.904717 4.983325 69.312640 5.598454 3.928505 0.125000 1.783865 
18.004069 131.305396 30.611207 132.095179 3.508201 0.125000 0.294986 
163.424391 0.600741 162.977282 18.121230 3.780668 0.125000 21.498652 
111.591004 29.342152 111.806168 35.669845 2.710955 0.125000 0.164584 
52.258729 122.148126 29.923684 135.306349 6.019475 0.125000 35.530268 
82.415887 19.543585 81.320581 6.815144 4.017071 0.125000 10.225862 
112.196190 38.090251 113.082254 78.153591 3.583249 0.125000 59.587929 
95.643383 76.775691 96.818278 91.781572 5.472599 0.125000 9.569680 
0.590769 129.720243 16.886911 130.069930 2.553058 0.125000 3.048414 
62.186730 31.878742 61.871643 58.124960 3.749730 0.125000 19.324666 
40.651751 88.140975 81.936544 89.035936 8.964671 0.125000 106.536740 
157.941377 18.170110 158.368107 8.082406 4.063631 0.125000 10.529091 
41.199081 78.124141 41.175535 28.124152 5.018837 0.125000 132.918812 
26.303223 130.872681 43.173836 123.232842 3.093913 0.125000 4.057129 
114.371561 36.759925 164.364271 35.265964 1.976155 0.125000 21.925975 
114.337975 30.347774 135.604743 31.157213 2.640817 0.125000 7.475045 
94.333576 28.149749 95.244006 75.656257 3.413998 0.125000 69.642615 
146.049831 6.595251 148.013641 18.352390 4.934375 0.125000 5.865812 
39.792725 20.641613 39.632928 0.612969 3.869553 0.125000 13.121880 
53.771219 93.122276 53.902984 124.376990 3.844822 0.125000 43.441871 
136.845441 87.601954 168.145344 88.874672 2.802649 0.125000 33.775689 
146.899312 30.745912 159.396724 28.233043 2.457509 0.125000 0.883796 
108.093479 88.321705 135.639639 87.944732 5.033742 0.125000 15.725779 
170.595533 116.877082 169.089004 95.556882 4.269320 0.125000 32.663791 
124.294606 34.793566 114.187298 32.852259 2.455124 0.062500 1.407712 
93.230565 97.949384 85.587353 97.383417 2.770097 0.125000 1.067674 
62.322096 60.624134 62.305920 75.625465 1.264826 0.125000 0.164584 
82.290692 58.136722 81.921698 31.874344 2.833415 0.125000 31.033607 
98.936840 69.385493 98.158261 36.874203 1.788316 0.125000 22.608456 
106.598660 93.137156 107.753566 119.391339 2.991987 0.125000 22.997911 
58.540349 115.625794 58.583375 93.125877 2.531070 0.125000 19.423771 
42.128785 105.663912 41.588727 91.837357 2.937179 0.125000 15.860896 
58.156317 137.749217 45.535626 136.697432 2.387551 0.125000 0.218275 
28.132274 128.124941 27.837014 91.877346 2.744279 0.125000 52.543804 
113.590711 94.368064 113.907396 115.631964 1.529076 0.125000 13.809694 
125.598400 142.296416 59.375538 138.116471 3.100249 0.125000 50.469588 
41.973974 121.881096 42.024836 110.625677 2.539515 0.125000 1.653093 
151.875000 38.125000 124.375000 38.125000 1.250000 0.125000 9.195484 
26.396409 14.406715 25.478284 0.551888 2.990447 0.125000 11.416468 
56.868833 141.579586 38.127000 141.970808 1.327989 0.125000 1.970764 
133.148665 130.265634 160.611883 132.074183 1.329437 0.125000 9.195484 
94.390050 113.656749 70.650473 113.159319 2.787500 0.125000 1.575894 
26.829228 59.373448 27.252503 46.887798 1.376338 0.062500 1.669734 
