96.831377 59.936606 60.605756 57.122749 5.360001 0.125000 57.658188 
53.139004 67.686966 91.889361 68.925800 3.337497 0.125000 24.927418 
0.559472 90.118479 29.415826 92.661795 2.819584 0.125000 18.347765 
48.129262 62.119487 75.620909 61.640292 2.368911 0.125000 8.896623 
33.187075 93.306371 36.163186 71.776604 6.322207 0.125000 35.897115 
41.891642 91.569236 71.870870 93.200884 3.039761 0.125000 10.787410 
47.804262 71.830010 48.172373 79.433225 5.175495 0.125000 5.301648 
134.392016 56.588378 150.658893 57.554106 3.817488 0.062500 0.497931 
88.828147 72.420133 79.544082 76.056665 6.227063 0.062500 0.741907 
161.894778 62.341514 119.390308 61.268575 3.256252 0.125000 55.645455 
118.104597 66.045652 163.059467 68.226110 4.532849 0.125000 55.214702 
79.271515 86.720321 53.136704 84.251122 3.615799 0.125000 20.307774 
79.304725 87.407331 93.045374 86.061832 2.488100 0.125000 6.102063 
48.128142 41.917829 86.944331 39.069985 3.922875 0.125000 60.865891 
74.423688 83.564019 91.848012 81.631650 3.038244 0.125000 6.677210 
94.377160 88.143907 78.054564 90.008362 2.200130 0.125000 2.680153 
26.865968 94.675526 6.846482 94.073833 2.874394 0.125000 18.779381 
74.405557 71.108547 54.406429 72.372356 6.014891 0.125000 6.621859 
90.646010 57.195201 93.609436 45.432134 3.034987 0.125000 3.508045 
159.269981 5.830169 130.683148 8.703515 3.112523 0.125000 27.321409 
8.065921 68.175785 31.880342 69.257380 2.952147 0.125000 22.371880 
34.385597 57.012047 9.342022 58.948503 2.306313 0.125000 21.207173 
45.396472 55.860618 35.497299 56.859669 6.720475 0.125000 1.921036 
159.397120 85.357915 124.363409 85.704968 5.346457 0.125000 93.281285 
120.626508 23.159880 158.164429 21.537048 3.314586 0.125000 37.659976 
160.281393 10.668542 161.648390 60.699499 6.657361 0.125000 128.113921 
0.393760 68.715882 7.934534 67.802513 2.496565 0.062500 2.873854 
56.865183 77.774300 74.376742 77.965468 1.400021 0.125000 1.067674 
36.470801 54.389311 34.563837 0.529798 7.229923 0.125000 185.162733 
162.132596 68.107110 163.273710 84.538293 6.581388 0.125000 27.125627 
131.852757 11.379448 158.217959 10.196039 3.690178 0.125000 26.579721 
123.085618 87.785763 99.379942 86.760718 10.530666 0.125000 55.730354 
6.856051 56.634175 33.140035 54.566082 2.422751 0.125000 20.626123 
87.760362 39.412564 100.643136 43.060960 3.608102 0.125000 10.225809 
174.391721 92.445332 120.582032 91.121482 3.237094 0.125000 32.500451 
141.280438 54.482438 142.279892 36.756868 5.695764 0.125000 17.505874 
29.522158 88.854249 23.031959 90.163929 2.945119 0.125000 1.067674 
125.565369 7.793508 158.135706 1.934517 2.584225 0.125000 4.349582 
74.377037 64.621682 54.378401 64.786846 2.520561 0.125000 11.948253 
5.775436 93.683681 -0.141871 95.277029 4.828032 0.125000 0.050694 
153.360423 59.375030 153.362005 46.874872 5.000000 0.125000 4.934975 
120.568729 59.453373 118.458401 24.279999 4.441944 0.125000 60.404788 
121.439244 83.156444 120.432748 69.208471 4.627165 0.125000 18.779381 
30.786109 79.775438 16.787508 85.407539 4.425649 0.125000 2.986018 
114.370264 9.287218 125.587610 8.682003 1.652248 0.125000 1.067674 
150.527011 0.044161 114.254938 6.163320 3.281872 0.125000 37.443052 
134.501276 34.241571 135.074586 45.525950 4.993559 0.125000 3.586135 
112.883206 16.841104 114.061398 51.885543 4.209896 0.125000 68.318279 
114.726737 60.615921 115.308791 83.165427 4.264825 0.125000 40.176995 
140.618190 31.631398 156.890417 31.176529 1.633725 0.125000 8.292394 
156.906369 14.416841 115.620007 15.419377 3.566830 0.125000 24.607084 
107.514688 15.371875 81.389013 -0.622928 5.504482 0.125000 38.466065 
174.409683 105.078883 96.904747 100.156613 2.218349 0.125000 61.195465 
172.825962 16.902523 173.225674 3.091736 4.110054 0.125000 11.124244 
10.792915 62.700218 26.885326 59.425749 3.197523 0.125000 5.091660 
75.681546 131.314026 116.890832 135.467940 1.745159 0.125000 23.245778 
26.871631 66.921437 1.912295 65.110872 1.860382 0.125000 12.304394 
131.089167 69.337820 132.099977 81.957105 2.891242 0.125000 11.904754 
173.855822 81.897231 173.319259 69.366682 1.623191 0.125000 3.776944 
16.621273 77.586243 24.205257 74.014573 2.327438 0.125000 1.067674 
99.860907 44.339079 100.694840 55.619837 2.769662 0.125000 2.560371 
136.804403 81.877030 136.480094 70.600408 2.750508 0.125000 7.389304 
46.076751 51.916424 45.426473 39.385302 2.626199 0.125000 5.096564 
43.156817 127.552683 70.641365 129.080630 2.149225 0.125000 1.602836 
140.645253 117.787257 163.139325 119.136114 1.397402 0.125000 7.389304 
48.449066 4.363922 49.646992 39.408431 3.181802 0.125000 40.176995 
54.584966 105.136146 67.162334 101.666610 4.612190 0.125000 5.101639 
107.876988 30.693972 104.936687 20.121169 5.351654 0.125000 6.119189 
58.934464 15.712835 56.154415 1.769445 1.962912 0.125000 5.583124 
160.665772 97.493996 135.608850 95.874947 1.892203 0.125000 18.226384 
