93.231514 69.381015 94.365373 49.303862 6.381020 0.125000 17.274970 
94.772821 49.859599 93.608445 41.805112 6.185699 0.125000 1.783865 
68.125463 82.964016 90.625277 83.028709 1.314688 0.125000 4.680034 
96.865368 44.795368 126.878252 45.483072 3.920823 0.125000 38.305764 
85.655672 16.886419 71.852227 16.544592 2.808688 0.125000 13.710934 
110.665788 21.268815 94.321570 20.169064 2.242603 0.125000 4.248691 
114.789515 43.105260 113.904264 24.516475 5.707774 0.125000 13.921461 
68.419045 41.777378 67.859624 54.418573 5.547744 0.125000 23.848985 
68.671714 14.415269 68.324821 40.660684 6.315535 0.125000 47.431522 
81.548934 49.507145 82.092658 40.562248 3.743091 0.125000 7.870688 
100.785360 43.124206 100.711095 28.124574 1.299495 0.125000 0.164584 
174.343460 82.085379 146.714845 77.943257 2.843031 0.125000 28.501701 
111.814600 15.569362 98.036623 14.872600 5.309282 0.125000 15.479921 
128.430988 53.124931 128.429173 78.125022 3.751180 0.125000 29.800836 
84.398996 72.721344 71.868967 71.976486 1.692855 0.125000 1.697763 
104.963632 27.777963 111.273096 38.479861 6.653635 0.125000 5.748204 
86.881217 25.506842 70.610493 24.650706 2.759274 0.125000 9.438675 
71.876651 21.838397 85.655001 22.459804 2.891688 0.125000 9.438675 
93.732260 96.889412 94.030153 84.337151 5.176534 0.125000 4.503683 
91.878942 85.319025 70.616367 85.045102 2.644713 0.125000 16.751076 
66.923964 86.811110 68.022229 130.627576 10.028182 0.125000 89.580315 
125.645539 76.931582 99.386887 76.710852 8.697155 0.125000 43.313815 
114.263412 119.412777 114.762002 104.387842 7.578789 0.125000 29.562304 
144.506894 82.377296 173.132116 84.267219 4.235950 0.125000 21.098592 
98.125000 28.125000 98.125000 43.125000 1.250000 0.125000 0.164584 
18.096283 79.225461 30.846228 76.777015 2.455140 0.125000 7.389304 
110.540945 50.134030 126.867577 51.942035 2.205489 0.125000 5.962107 
85.627876 78.709424 71.872058 78.777115 1.311495 0.125000 7.389304 
87.507914 123.163361 87.814425 108.118673 7.727597 0.125000 26.686389 
94.961757 42.056745 93.398387 25.599030 4.087822 0.125000 1.251017 
35.616391 79.305817 19.307832 81.335229 2.475294 0.125000 8.567595 
120.547120 48.977216 109.390294 47.957647 1.699843 0.062500 0.616176 
100.634744 82.965118 111.919012 83.652823 3.027640 0.125000 7.870688 
139.513165 49.488222 140.230377 40.694766 2.796571 0.062500 0.293299 
107.965091 99.322429 102.534241 115.841731 8.296018 0.125000 26.279436 
77.362762 86.069064 70.283781 92.764219 4.343841 0.125000 2.249350 
31.875000 83.125000 63.125000 83.125000 1.250000 0.125000 11.904754 
130.606274 49.374676 131.104015 20.611658 1.530975 0.125000 10.098574 
63.128314 84.946747 38.121909 85.091704 1.387651 0.125000 17.321641 
144.327466 75.001217 171.858604 77.091002 2.192521 0.125000 8.896623 
100.474196 113.168494 99.980353 125.648953 4.996090 0.125000 4.191864 
84.190808 100.221404 82.221348 95.020500 3.665995 0.125000 1.067674 
33.359445 0.628397 32.272806 75.630763 1.593924 0.125000 33.649021 
0.623244 83.077654 15.648936 82.520386 1.619763 0.125000 1.697763 
111.896788 87.519918 103.133574 87.620677 3.749752 0.125000 0.218275 
105.625000 6.875000 120.625000 6.875000 1.250000 0.125000 0.164584 
128.125000 28.125000 128.125000 43.125000 1.250000 0.125000 0.164584 
130.609556 83.720965 140.635216 83.980768 1.476250 0.062500 0.966439 
129.211876 11.863242 130.025043 0.581755 1.516365 0.031250 3.914505 
26.870172 84.769260 13.122234 84.600900 1.402973 0.062500 1.669734 
141.875000 71.875000 141.875000 54.375000 1.250000 0.125000 1.970764 
30.625000 48.125000 30.625000 0.625000 1.250000 0.125000 23.644924 
5.625000 58.125000 5.625000 44.375000 1.250000 0.062500 0.616176 
143.125000 25.625000 143.125000 8.125000 1.250000 0.125000 1.970764 
