108.590327 52.160392 106.774379 39.213783 4.234539 0.125000 4.824161 
87.464050 24.361221 87.149857 39.432847 4.790492 0.125000 6.916790 
106.547095 60.889944 109.014354 52.303055 3.800338 0.125000 1.034919 
81.589342 54.430972 80.492372 24.334274 5.133272 0.125000 28.177391 
96.103997 46.873542 96.051975 74.375808 2.521275 0.125000 13.304151 
87.318195 40.537028 88.170304 56.937591 5.982151 0.125000 16.694391 
54.749851 44.119152 51.100439 74.432238 5.756965 0.125000 38.028932 
88.033192 58.113090 87.744638 90.621624 2.755084 0.125000 25.554186 
145.564421 84.624170 163.000538 83.568776 5.141912 0.125000 4.019447 
159.347251 93.198114 148.269667 88.993828 3.787559 0.125000 6.848509 
127.200991 46.874803 127.216079 71.876303 5.013578 0.125000 17.679892 
156.608396 58.726278 143.347380 25.277993 4.827006 0.125000 69.219341 
47.179859 64.338769 49.704960 85.585786 4.461385 0.125000 12.701479 
106.863988 37.967621 115.745430 37.346196 4.264341 0.125000 2.249350 
94.352206 54.377970 91.385918 31.612977 5.765638 0.125000 22.982729 
154.417699 74.379686 156.088988 59.151548 5.530852 0.125000 28.183996 
162.467058 82.707309 152.664098 74.958049 4.222804 0.125000 2.089640 
103.823662 44.358128 104.065745 54.382468 2.619984 0.125000 2.576231 
131.276166 26.748329 134.224443 41.904288 3.647436 0.125000 6.119189 
51.610356 26.678823 54.960551 43.506152 6.129697 0.125000 15.533703 
145.185917 24.240551 141.253216 0.520842 5.143540 0.125000 28.482757 
102.336141 30.777184 108.827313 26.112812 4.218487 0.125000 1.034919 
130.683726 22.985057 128.276719 0.475113 4.127461 0.125000 10.056191 
61.205069 87.341301 0.007570 107.500678 4.106337 0.125000 54.614609 
120.082976 1.052423 126.763495 6.802214 4.209091 0.125000 1.229414 
47.776441 87.897687 60.734779 84.840281 3.718202 0.125000 2.742210 
79.480107 93.127302 80.301791 55.617920 5.163057 0.125000 43.434396 
7.674807 6.394028 21.771670 2.727700 4.887800 0.125000 2.962376 
103.380673 74.531350 100.191062 54.246680 6.756640 0.125000 14.343061 
128.186822 9.379598 126.793125 28.118911 1.802817 0.125000 1.034919 
136.741398 76.873951 136.669741 0.624018 5.025841 0.125000 101.507328 
133.525955 0.643396 132.376078 25.705342 3.631476 0.125000 22.445353 
95.055382 79.320056 95.673313 86.972041 3.737832 0.125000 1.720471 
108.631218 117.690598 102.941066 86.338988 11.852630 0.125000 67.143522 
128.442990 72.782986 125.423993 81.009943 3.951074 0.125000 5.096564 
132.056114 86.762850 123.175469 86.147108 5.074486 0.125000 5.301648 
100.483676 54.265891 100.137477 46.781906 4.034801 0.125000 1.653093 
130.276982 40.658706 128.946028 26.916547 2.367856 0.125000 1.034919 
175.104844 101.126957 160.678840 97.885396 6.646039 0.125000 32.409963 
46.893816 85.747330 21.532497 89.648276 5.037151 0.125000 40.916794 
114.298209 0.740543 112.835131 15.596452 2.610476 0.125000 1.855669 
78.337092 19.398299 78.083416 8.097873 2.526794 0.062500 0.850453 
147.075208 75.119812 137.974751 77.566045 5.477568 0.125000 0.614840 
133.895005 51.869362 133.571710 79.394928 2.499828 0.125000 21.367748 
80.422701 9.365122 80.851900 0.575044 5.053525 0.125000 1.198571 
91.366598 76.869225 91.220604 58.120362 2.636190 0.125000 14.081748 
6.874236 21.785791 25.633566 21.625113 2.585557 0.125000 1.036501 
95.462081 93.106673 95.736310 109.373123 4.915009 0.125000 22.163170 
107.434298 130.690126 105.988361 115.355016 6.809107 0.125000 18.759088 
22.118542 95.309233 47.053326 88.809063 3.628727 0.125000 17.521146 
87.406826 89.982773 84.090809 99.704433 5.163372 0.125000 5.091660 
51.853357 80.113108 75.619576 80.809992 1.432650 0.125000 3.456020 
21.433427 90.055641 9.016859 95.254890 5.282189 0.125000 12.688468 
50.333924 92.917854 52.564994 103.245972 3.401517 0.125000 3.508045 
19.406677 33.042962 45.611048 43.161134 2.516863 0.125000 5.983381 
47.981514 41.786593 46.628737 63.109376 2.494984 0.125000 3.294530 
107.090413 143.359769 108.910200 132.000795 5.134781 0.125000 3.885675 
160.650745 143.107281 151.416655 129.690455 2.447060 0.125000 0.149785 
140.774772 116.774656 134.214327 106.982647 2.087266 0.125000 0.820776 
125.881397 19.041933 119.540183 14.160423 1.981008 0.062500 0.465614 
24.396706 64.063922 39.410827 65.111538 2.058898 0.125000 3.456020 
88.090002 98.121544 88.150451 119.371372 2.553327 0.125000 14.928551 
6.875000 63.125000 20.625000 63.125000 1.250000 0.062500 2.873854 
