33.125534 71.145699 20.624265 71.158530 3.751281 0.125000 0.731012 
41.876432 45.937328 28.120991 46.000383 1.307287 0.015625 4.679098 
87.482602 59.820663 96.482102 52.633058 3.126808 0.125000 1.034919 
23.109534 49.848530 31.880952 49.673813 3.823937 0.125000 6.985969 
26.605663 44.392674 26.898832 28.125430 2.657261 0.125000 14.971112 
26.850119 26.391176 41.863258 26.576450 2.499810 0.125000 4.248691 
29.583314 30.606667 29.384997 41.875176 1.447767 0.003906 6.040143 
3.465613 0.616530 3.842056 126.869135 5.175150 0.125000 218.375467 
85.608362 49.929132 109.374662 49.360883 3.689171 0.125000 17.301091 
41.939605 29.448317 30.586568 28.824982 2.907406 0.125000 5.096624 
74.515346 66.875135 74.579097 0.623994 3.804125 0.125000 104.317899 
110.536358 50.628784 111.122275 64.353771 3.586646 0.125000 2.536664 
39.147669 63.126457 39.211789 73.134055 3.797976 0.125000 7.697740 
131.355631 10.623222 131.188692 59.376930 2.641231 0.125000 49.061126 
33.099620 34.202328 39.577137 33.250243 4.437240 0.125000 2.510782 
74.458363 71.017841 61.735518 73.717707 3.668315 0.125000 6.281913 
59.271578 78.635578 72.757744 76.749283 5.099054 0.125000 13.956256 
129.413170 81.230220 88.077795 82.080676 4.998942 0.125000 73.913316 
174.389400 10.140655 148.125181 10.634618 2.946156 0.125000 30.569928 
86.982733 33.120997 87.541053 48.146698 3.747414 0.125000 11.124244 
19.361447 77.917408 5.588544 78.816613 2.168942 0.125000 3.456020 
5.616686 76.805031 19.468174 75.159128 2.335042 0.125000 4.336995 
174.377688 2.195730 149.368968 2.405361 2.604687 0.125000 22.099308 
54.406021 61.745892 66.896454 61.400212 2.706531 0.125000 5.219043 
80.789020 13.207786 81.531160 0.531686 4.254995 0.125000 24.548014 
133.588250 89.381775 134.886502 0.614199 5.090864 0.125000 109.025619 
80.998768 44.390115 82.365485 10.594285 5.804064 0.125000 26.747531 
148.134196 23.733209 174.415988 23.335824 3.787368 0.125000 11.832543 
149.341644 6.259898 174.403516 4.900852 4.692090 0.125000 14.471175 
148.112164 14.992398 174.376714 14.459466 2.955937 0.125000 29.245104 
18.963459 20.623002 19.064747 63.125739 1.348298 0.125000 5.091660 
123.645100 68.126700 123.549013 26.874012 3.738344 0.125000 37.673731 
122.020034 19.527717 130.169006 11.423379 3.540375 0.125000 4.339063 
127.387022 31.873024 127.473886 54.377513 1.332011 0.125000 6.102063 
148.142410 77.408661 160.669857 76.999962 3.951799 0.125000 0.294986 
174.379742 81.346936 148.122664 81.519394 3.840228 0.125000 24.365445 
89.295255 20.620843 88.447113 36.891791 5.643914 0.125000 12.593266 
86.857269 87.618748 130.597391 86.086748 2.629731 0.125000 49.238442 
66.822007 60.476214 70.940225 24.410995 2.874907 0.125000 12.877214 
106.883267 11.470855 86.872962 11.666416 2.670900 0.125000 14.686571 
145.666549 94.581977 135.582962 94.180297 2.846299 0.125000 9.195484 
23.084467 81.014756 33.106076 82.056964 1.732292 0.125000 0.164584 
125.632303 11.350289 109.383951 11.513898 2.625732 0.125000 11.001664 
174.380947 17.375125 148.119796 17.687404 1.532309 0.125000 24.548014 
81.461328 52.022206 81.918704 45.539887 5.075579 0.125000 1.229414 
14.677732 31.868185 14.743618 46.878869 2.560328 0.125000 9.642303 
18.798305 0.623104 18.837025 14.372995 2.538710 0.125000 8.292394 
104.951954 46.906114 106.774002 13.119553 2.294435 0.125000 16.094427 
7.494068 46.886417 7.064031 23.121579 1.566415 0.125000 12.807844 
165.628248 31.264946 150.622290 31.341110 1.326116 0.125000 1.970764 
72.225562 28.147871 71.002204 46.899609 1.250000 0.125000 2.873854 
42.896348 64.380508 42.504432 48.109839 1.550642 0.125000 5.583124 
167.612809 61.879525 167.358744 33.120726 1.492886 0.125000 26.563777 
141.889049 0.625863 139.431623 40.628478 2.780549 0.125000 27.779858 
74.725374 123.122084 74.454921 90.624335 2.770376 0.125000 40.803634 
93.782274 47.539192 88.677446 33.376427 4.375548 0.125000 2.986018 
14.770745 94.354028 15.699033 111.871077 2.628795 0.125000 2.742210 
42.325824 24.386899 42.009232 3.123001 1.528994 0.125000 4.680034 
171.733690 31.867046 171.939997 60.624534 1.250000 0.125000 10.098574 
21.751522 46.879987 21.043889 29.358083 1.753391 0.125000 11.001664 
