50.568544 6.584441 77.033788 1.442228 3.239290 0.125000 12.320232 
35.677278 34.864417 105.547668 27.401032 3.776817 0.125000 45.584899 
10.609046 10.286811 28.129024 9.460302 2.497223 0.125000 10.310893 
94.380408 6.909573 35.697461 16.088269 2.545958 0.125000 25.647125 
38.048898 18.909380 70.698240 13.573113 2.467263 0.125000 29.379557 
63.132754 47.397177 24.372739 47.972703 1.695266 0.125000 9.752547 
46.691655 27.917915 94.380316 21.917250 3.088198 0.125000 37.066612 
90.544997 25.026135 35.689043 32.354397 2.563140 0.125000 37.351274 
86.880888 31.925460 35.743789 37.892935 3.372549 0.125000 33.937821 
23.159508 38.810034 50.633361 40.488116 3.133368 0.125000 9.867370 
39.482899 23.784654 70.715130 18.676020 2.444287 0.125000 19.653970 
51.861081 25.787177 28.071753 23.745400 2.528117 0.125000 1.992002 
44.375325 11.877616 70.685172 8.609397 2.157276 0.125000 15.407743 
63.139695 0.805069 54.244915 1.530931 1.866717 0.125000 0.164584 
39.422494 46.124285 76.939728 42.555456 3.256706 0.125000 19.405112 
81.874318 5.617096 109.385311 3.244564 2.876928 0.125000 25.698706 
82.007556 13.911895 37.020740 21.490157 1.895246 0.125000 24.701078 
70.358373 8.333921 82.117610 5.322300 2.761540 0.125000 0.218275 
36.797788 56.903012 86.913632 53.736404 3.979012 0.125000 50.248771 
5.626940 48.138835 35.564178 43.941219 3.736577 0.125000 12.713033 
19.355261 27.586860 34.380895 27.035728 2.773231 0.125000 4.248691 
103.112170 47.977530 54.296654 52.224468 3.140635 0.125000 45.531538 
71.744287 12.489189 109.409895 9.878437 3.432202 0.125000 18.827547 
23.172033 51.568773 50.666044 50.198595 3.683135 0.125000 13.304138 
78.173472 19.627206 49.289190 25.178518 2.171221 0.125000 18.883306 
51.730182 38.920621 108.209684 34.121648 3.394611 0.125000 41.881352 
104.331819 37.635005 43.007285 43.039231 3.444463 0.125000 47.265614 
33.174133 34.659627 19.402937 37.036837 3.101462 0.125000 2.486513 
65.615016 6.802145 55.631208 8.170298 2.086978 0.125000 0.164584 
78.102790 42.902815 112.013748 39.513014 2.985883 0.125000 12.566789 
110.629919 19.655629 78.117998 20.225518 1.731771 0.125000 25.871204 
108.175773 13.177218 83.116394 14.154280 2.595503 0.125000 21.725979 
109.358246 0.396570 74.363132 2.963186 3.099930 0.125000 16.193513 
51.899667 49.666157 103.205023 45.319557 2.364825 0.125000 28.289260 
10.492809 17.409697 28.085006 14.158588 3.046455 0.125000 5.882676 
108.124885 25.628929 89.354365 25.077780 1.579647 0.125000 4.680034 
109.421189 6.033654 95.565628 7.599706 2.484183 0.125000 9.195484 
71.864592 17.637048 108.151408 16.863049 2.686027 0.125000 28.961490 
10.618799 5.091210 28.130957 4.887785 1.424147 0.125000 6.799042 
34.318091 13.673892 16.875987 11.865484 2.274613 0.125000 6.829207 
26.871802 2.063300 11.876127 1.808636 2.435965 0.125000 0.218275 
14.384198 32.009686 1.857257 32.865186 3.485783 0.125000 1.702576 
103.137778 43.290321 64.329768 46.289775 2.305854 0.125000 23.990843 
104.430793 31.314683 88.085519 32.636958 3.096607 0.125000 16.751076 
33.110422 29.248611 19.256378 30.846562 2.197079 0.125000 3.456020 
122.950661 51.687016 141.808085 54.782626 4.124009 0.125000 12.334838 
154.568516 104.368670 119.296224 101.645268 8.820262 0.125000 115.420357 
135.916067 45.087976 120.708715 42.611029 3.500276 0.125000 4.557628 
13.158445 23.261508 25.817336 20.160033 2.452448 0.125000 4.336995 
123.123343 101.800500 0.622589 101.879343 8.770916 0.125000 352.716712 
5.654166 55.397136 33.183136 58.920805 3.114583 0.125000 10.169903 
162.437446 10.443961 165.061897 0.476731 7.252791 0.125000 8.991506 
155.682375 38.910366 159.394319 29.382526 5.112687 0.125000 15.564217 
153.897620 12.871886 161.004093 7.364132 7.780687 0.125000 0.577901 
19.314436 49.175363 1.900266 54.458285 3.843858 0.125000 5.552885 
145.495046 50.887945 154.876627 37.772007 11.042375 0.125000 36.763748 
171.258305 107.554440 153.977781 103.990320 12.533082 0.125000 62.004305 
163.108420 44.347183 174.158096 37.761094 4.501194 0.125000 4.824161 
94.142652 56.626608 104.457491 59.019398 2.805592 0.125000 6.486214 
158.319768 28.984112 164.122855 19.225065 4.472143 0.125000 8.614963 
112.872894 56.167901 117.402538 47.842063 6.087467 0.125000 9.711716 
172.466117 36.894906 172.087876 0.622780 5.312547 0.125000 46.442362 
164.393622 25.627718 161.993330 42.074696 5.308617 0.125000 6.426201 
143.737695 15.717388 145.563943 28.315060 6.203615 0.125000 6.512397 
140.827037 29.402984 139.274629 40.611098 4.400527 0.125000 10.225809 
125.769655 47.422498 138.255052 49.993417 1.980624 0.125000 2.873854 
161.898660 121.161534 89.395487 118.757209 2.871490 0.125000 62.837037 
151.352502 24.535188 153.683775 13.947565 3.807842 0.125000 3.048414 
