111.563092 54.372435 111.600039 31.876601 5.032841 0.125000 9.178894 
87.648817 23.122947 87.557186 44.372552 5.021514 0.125000 23.291064 
80.709873 49.375811 80.936926 25.627982 5.035624 0.125000 19.581622 
129.400675 44.350805 129.994053 75.636967 4.223394 0.125000 34.917623 
88.365150 45.624231 88.433194 66.878015 3.810009 0.125000 19.023505 
174.541921 97.584995 161.721361 93.622037 4.038682 0.125000 20.032564 
47.925151 62.938393 45.944511 78.327009 9.193897 0.125000 17.821560 
109.560099 118.330210 102.698909 82.725350 13.175512 0.125000 95.994747 
171.080274 60.074506 155.978864 15.931570 5.228773 0.125000 85.814708 
160.712203 88.451561 170.669744 85.792558 7.650878 0.125000 6.916790 
50.938621 45.503425 48.683444 62.872917 4.201617 0.125000 13.490504 
93.553027 44.311792 91.539176 30.674592 5.128969 0.125000 13.304151 
167.670781 75.735832 169.815288 60.338135 5.986774 0.125000 30.652907 
96.254935 56.864217 96.554780 74.380482 2.734973 0.125000 1.967896 
47.547216 31.210627 52.206877 44.692330 5.629520 0.125000 0.704127 
170.891880 85.315899 168.348940 75.902170 7.469287 0.125000 12.105041 
102.822638 30.070357 110.180340 26.059329 3.989937 0.125000 0.218275 
56.910099 90.742039 12.642901 104.017425 3.948439 0.125000 45.650844 
158.351303 7.171942 156.291028 0.069221 4.105596 0.125000 5.583124 
156.979664 16.674872 157.705652 7.985527 4.361423 0.125000 7.697740 
121.903025 0.315686 128.840662 6.001823 4.659456 0.125000 5.096624 
133.228136 14.354927 130.467259 0.169143 4.907913 0.125000 5.552885 
12.050987 104.828631 0.165184 109.439764 3.044011 0.125000 11.904754 
136.035080 31.871099 136.498955 80.628578 2.583130 0.125000 54.588048 
79.178250 78.210527 81.437656 50.386478 5.824810 0.125000 32.415283 
100.931049 56.909964 100.557733 46.831192 2.868431 0.125000 1.855669 
18.224148 16.052865 34.470727 12.288103 2.628638 0.125000 3.048414 
37.055932 92.523709 56.906297 86.987209 4.144534 0.125000 13.088432 
32.960247 17.261735 40.660338 20.542050 2.449547 0.125000 0.164584 
95.542686 79.349990 95.784105 90.621592 2.686794 0.125000 5.946800 
88.404731 76.892634 86.511144 106.930862 4.990095 0.125000 16.750203 
44.256924 77.906813 45.082969 86.924651 6.794063 0.125000 16.190856 
115.374788 0.591775 112.884869 19.343114 2.807324 0.125000 5.664267 
135.646547 87.949317 123.051330 88.201938 6.424206 0.125000 14.703475 
139.724141 46.876249 139.867273 6.872289 3.826007 0.125000 30.581889 
140.237568 5.636800 140.306424 0.603541 2.568161 0.015625 4.680034 
139.883212 76.875438 139.907983 48.124382 1.273693 0.125000 10.098574 
42.909028 87.200026 0.115275 97.191929 5.839418 0.125000 54.525521 
164.396710 76.157932 140.533547 77.130056 4.639699 0.125000 15.830380 
136.186651 0.620820 136.335543 20.629014 1.389490 0.125000 16.420204 
91.733152 71.898677 91.498597 58.110139 2.690983 0.125000 7.870688 
79.222642 7.678910 81.504027 0.506994 7.092675 0.125000 1.349337 
79.589963 98.118722 79.703681 79.369412 2.613674 0.125000 11.184171 
95.131329 90.568777 96.900870 114.373077 6.552706 0.125000 16.752419 
0.647022 11.523329 14.421284 12.385867 2.963842 0.125000 0.923527 
3.116310 1.896357 11.932521 5.483635 2.571161 0.125000 3.776944 
14.423628 15.105633 0.561080 13.807692 1.673424 0.125000 0.820776 
36.693438 26.379499 19.298341 22.193564 2.768573 0.125000 4.864122 
16.205716 98.884247 37.971383 92.593493 4.615963 0.125000 13.190779 
142.031806 85.580071 158.196148 87.537449 3.272002 0.125000 6.467797 
49.368814 81.027821 75.631816 81.431109 1.652893 0.125000 18.883306 
42.409395 40.634563 42.006873 63.127360 1.495825 0.125000 6.486214 
0.707492 102.134106 14.637413 97.699241 2.056446 0.125000 1.653093 
167.484120 142.626224 137.061040 105.472662 2.375797 0.125000 19.302251 
141.778526 92.874046 158.117580 94.451840 2.728721 0.125000 7.689797 
46.681676 96.435264 48.192812 104.362073 2.433661 0.125000 0.164584 
106.749904 132.082517 108.211353 124.160336 5.370570 0.125000 1.967896 
115.785876 141.857943 114.054304 125.526469 3.013244 0.125000 5.882676 
9.477209 27.880077 33.258814 37.804340 1.634983 0.125000 8.567595 
18.094606 63.512492 33.100331 64.689509 1.250000 0.125000 0.164584 
95.751011 119.393553 93.742980 133.031945 1.745019 0.125000 0.820776 
89.775302 134.217476 88.082452 143.348847 6.373142 0.125000 7.695231 
