49.719226 11.863701 52.838223 106.884413 3.912015 0.125000 97.832672 
63.181266 30.631479 65.202850 13.076387 2.912589 0.125000 9.449320 
120.799961 18.109997 120.189040 61.886360 2.970709 0.125000 51.021369 
35.684310 47.796388 25.645444 48.442594 3.742255 0.125000 3.508045 
69.622515 0.553657 68.459297 16.898791 3.114825 0.125000 13.809694 
114.176395 64.397197 110.113187 28.042496 4.428327 0.125000 33.407804 
92.365823 36.978892 91.689127 15.750463 6.884041 0.125000 37.351274 
113.402463 75.621102 113.244183 64.355763 2.552436 0.125000 1.653093 
76.030497 16.856234 76.257661 36.896167 3.948119 0.125000 34.656173 
36.224515 101.869880 35.776170 49.373709 2.788141 0.125000 53.441866 
24.608101 49.350251 25.108931 79.362753 3.999753 0.125000 47.737596 
46.678141 46.876855 46.360091 13.118075 1.556122 0.125000 14.081748 
64.967047 31.882915 65.448321 71.892162 2.439678 0.125000 14.199902 
169.456946 35.629253 170.042604 24.344774 2.885363 0.125000 3.370729 
170.132164 19.377584 170.033829 0.621546 3.756502 0.125000 9.214542 
154.381495 38.221348 166.992714 37.371208 2.323361 0.125000 2.576231 
73.045447 61.886311 70.905463 46.835124 5.829995 0.125000 6.790762 
117.925479 54.326653 118.849294 74.399195 4.148317 0.125000 9.430952 
55.685114 0.420349 57.299312 10.753979 4.476752 0.125000 3.851484 
72.794275 71.926585 72.506375 63.104396 2.498670 0.125000 2.873854 
111.861080 5.906100 109.035276 18.332008 4.488202 0.125000 3.294530 
169.221673 50.033231 164.955939 40.938823 3.995951 0.125000 2.249350 
156.868413 17.982575 141.842741 18.677492 2.959323 0.125000 9.378608 
95.658148 73.718790 74.265474 74.913028 5.619278 0.125000 11.590200 
43.958323 14.354293 45.729254 85.622409 3.469380 0.125000 48.505998 
170.247706 73.149947 168.755606 50.583304 3.659360 0.125000 15.497817 
74.363717 7.163448 96.878164 8.044101 2.498090 0.125000 17.321641 
69.773287 47.023194 72.266025 19.297771 6.211182 0.125000 39.596843 
140.707607 18.135038 142.091205 6.749372 2.817862 0.125000 4.232717 
60.095602 18.121652 60.188511 38.121221 1.342897 0.125000 2.873854 
63.391857 16.873741 63.315109 0.606411 7.558890 0.125000 27.319300 
154.401644 75.017283 136.880519 74.249117 1.632052 0.125000 3.456020 
158.630891 6.864029 158.901845 19.358153 1.520724 0.125000 2.510782 
160.673234 19.999870 174.437736 21.061926 3.931213 0.125000 4.057129 
100.610015 71.093171 110.599780 71.412925 1.529288 0.125000 1.067674 
49.375000 64.375000 49.375000 50.625000 1.250000 0.031250 1.681407 
97.650650 9.377991 98.044674 71.875506 3.978464 0.125000 44.792671 
129.811705 35.673348 130.063338 26.894731 6.354881 0.125000 0.532358 
130.703802 25.935103 142.445581 22.951337 4.845984 0.125000 1.269599 
152.906915 0.779156 158.280643 8.381407 4.382177 0.125000 0.149785 
157.215515 23.127674 157.117297 35.636717 3.838214 0.125000 11.086358 
161.352659 75.626731 161.244970 43.122946 3.704424 0.125000 19.792362 
26.867761 78.651254 34.379512 78.576124 3.787317 0.062500 0.850453 
156.006054 41.872200 156.244947 74.379630 3.961174 0.125000 52.046401 
46.071737 85.428364 43.620829 95.440381 3.837410 0.125000 0.664633 
25.073077 83.113946 24.522015 110.627944 5.199242 0.125000 26.487216 
140.557556 58.125317 140.622092 71.875014 2.529307 0.125000 2.036308 
81.140027 69.397016 81.483381 41.870115 2.530987 0.125000 25.258669 
112.683461 94.347140 114.107421 71.779246 3.360896 0.125000 13.121880 
83.778119 41.871955 83.625089 71.871175 1.403016 0.125000 20.844003 
65.710753 76.711535 61.927233 103.658850 9.012610 0.125000 40.321511 
23.142686 79.952126 0.587255 80.643354 2.881719 0.125000 27.257284 
111.873193 77.206533 93.123750 77.104350 1.324917 0.125000 1.970764 
132.866120 70.633820 132.138623 49.280843 3.832951 0.125000 9.867370 
134.673666 23.124679 134.649511 0.624705 3.758049 0.125000 29.176401 
91.766529 113.268159 92.463088 95.549837 10.385108 0.125000 29.292262 
23.855507 0.122602 38.593762 21.552614 6.440063 0.125000 33.670799 
40.052799 18.194787 38.532283 5.727780 4.327747 0.125000 3.586135 
144.390534 21.009829 160.664475 20.352904 2.245879 0.062500 1.909151 
118.428692 75.608560 119.103394 88.072035 3.609379 0.125000 0.434640 
44.763651 0.620553 44.797583 13.123853 3.770340 0.125000 4.864122 
61.990442 103.097977 62.083094 120.637107 10.026273 0.125000 45.650844 
63.820789 76.830559 63.105163 65.626267 2.335564 0.125000 1.697763 
90.806386 143.207004 92.468528 114.194166 10.555591 0.125000 68.630494 
137.479424 70.637284 138.089379 40.624276 3.977813 0.125000 20.619654 
164.375000 44.375000 164.375000 64.375000 1.250000 0.125000 3.776944 
131.726896 50.017851 129.473182 36.647746 7.201923 0.125000 17.991916 
35.597835 24.374868 35.567361 30.630808 2.524326 0.062500 0.616176 
95.149431 69.388582 95.588137 44.374353 1.666277 0.125000 7.870688 
61.432766 61.880131 61.215096 43.118154 2.557836 0.125000 12.933632 
158.130313 78.432867 136.873940 78.313005 1.334561 0.125000 4.680034 
68.462390 113.156487 71.638840 79.119651 6.139870 0.125000 37.987932 
148.359459 71.631689 142.020443 57.365807 5.203946 0.125000 9.124190 
76.093728 101.901091 74.486763 130.770380 6.031924 0.125000 39.313024 
81.310773 35.631365 81.461694 19.371164 1.400767 0.125000 1.970764 
91.835345 94.377526 91.349365 86.749218 6.393773 0.125000 1.036501 
75.070221 51.893544 75.654528 69.374013 1.541619 0.125000 2.873854 
0.623402 84.983679 23.126377 84.927601 1.306067 0.125000 7.389304 
83.741277 19.363439 83.444513 35.630829 1.500590 0.125000 6.486214 
162.507209 35.633539 162.608714 28.118027 1.351172 0.062500 0.465614 
11.870438 23.724700 33.128717 23.886426 1.411622 0.125000 12.304394 
120.595652 13.157038 112.782059 5.999368 1.843448 0.125000 0.164584 
102.778646 8.579456 92.046402 0.400102 2.273085 0.125000 3.456020 
15.562041 105.539419 0.459477 116.650005 2.013761 0.125000 8.756152 
61.695884 120.495809 62.393404 133.026562 5.131218 0.125000 1.228753 
150.625000 64.375000 150.625000 41.875000 1.250000 0.125000 5.583124 
167.663413 142.506205 150.900710 130.247976 1.671297 0.125000 5.096564 
