141.869957 13.336522 143.797882 1.989325 8.231551 0.125000 5.401110 
163.707829 10.168325 156.255081 21.056287 3.855715 0.125000 1.036501 
156.698130 25.925850 152.110092 42.291343 3.464680 0.125000 3.885675 
151.729000 29.394731 151.552112 16.879564 4.999501 0.125000 3.042730 
151.061613 42.649456 141.433870 59.117095 2.706267 0.125000 11.948253 
116.328394 84.381735 115.542671 20.610613 5.430822 0.125000 143.643057 
167.581770 14.406589 168.146826 1.764237 3.913701 0.125000 14.971112 
122.183923 19.359563 121.301774 73.136102 4.773803 0.125000 47.769530 
166.792656 23.194201 167.248714 15.498985 6.239053 0.125000 1.783865 
142.144978 59.328268 141.487967 73.106544 2.259010 0.125000 3.456020 
44.105928 19.024463 42.820885 24.593270 4.497158 0.125000 0.797908 
138.583116 73.158120 139.764835 56.812813 2.493492 0.125000 7.653196 
133.026986 0.590237 133.255376 8.158786 2.725081 0.125000 4.336995 
123.099358 17.523093 141.869432 18.265730 3.041638 0.125000 10.529290 
139.530022 78.624420 128.206988 82.139133 2.758184 0.125000 1.720471 
150.640634 32.699980 124.380187 31.733997 3.141607 0.125000 20.569150 
162.849102 66.623733 165.496202 24.210929 7.248359 0.125000 76.246356 
36.821759 100.338150 39.711323 112.393610 5.736356 0.125000 4.032282 
120.627508 74.636583 138.127395 74.680979 2.541217 0.125000 13.710934 
139.358923 74.829277 158.126517 74.450099 2.051238 0.125000 1.454630 
51.863228 1.504705 96.871896 2.106977 3.933640 0.125000 22.303662 
23.150060 53.858753 0.642419 52.766170 1.430351 0.125000 4.336995 
26.980340 7.364859 10.677807 10.870570 2.181334 0.125000 1.034919 
25.649553 34.009194 0.678154 32.333091 2.243249 0.125000 6.119189 
153.139930 89.140528 135.619012 89.214935 10.010527 0.125000 9.711432 
20.620406 84.274120 0.604991 85.185632 1.760506 0.125000 11.001664 
20.647263 77.513308 0.628018 78.211527 1.641373 0.125000 6.102063 
24.449052 21.087010 0.674080 18.852742 2.138171 0.125000 6.281913 
137.246057 90.512531 118.344736 87.827922 8.487278 0.125000 48.829377 
33.129294 91.890273 24.368837 94.353076 2.218237 0.125000 1.067674 
116.833080 13.541237 45.675369 6.374871 1.852298 0.125000 32.494700 
116.899440 11.572084 139.354120 13.383792 1.447005 0.125000 6.486214 
0.627644 55.544955 21.854476 56.246228 1.620783 0.125000 5.219043 
20.620753 72.292322 0.622824 72.088798 1.402586 0.125000 2.873854 
0.660887 87.669496 20.620165 86.767947 2.384645 0.125000 13.192832 
0.625000 69.375000 21.875000 69.375000 1.250000 0.125000 4.680034 
24.410495 40.515202 0.611453 39.893972 2.401295 0.125000 15.342551 
39.277690 19.798594 12.065173 13.547175 2.815198 0.125000 6.601199 
44.408905 4.045165 111.838865 10.976530 1.754721 0.125000 31.758920 
0.646067 35.280040 25.629229 36.805751 2.571546 0.125000 4.934975 
174.379585 87.977661 154.373150 87.943009 5.004323 0.125000 23.093660 
24.348414 66.244276 35.631283 66.728652 1.624143 0.125000 0.164584 
23.148868 94.744844 0.661853 96.196049 2.253305 0.125000 1.349337 
20.630021 46.763653 0.614357 45.861002 1.980816 0.125000 6.126021 
21.874130 60.315454 0.624298 60.375209 1.292175 0.125000 3.776944 
1.894788 16.509272 23.150196 17.659320 1.450776 0.125000 4.336995 
0.638144 21.723906 26.906833 24.009064 2.653594 0.125000 17.915388 
0.629547 74.846645 20.627688 74.653829 1.406612 0.125000 2.873854 
0.605343 42.278756 24.359895 43.435257 2.375473 0.125000 11.925485 
23.124666 59.380385 36.899235 60.233856 1.711418 0.125000 3.776944 
20.625000 66.875000 0.625000 66.875000 1.250000 0.125000 2.873854 
26.937319 2.141492 4.495315 7.389500 1.659075 0.125000 10.098574 
0.637592 80.855099 20.646076 79.760113 1.657965 0.125000 6.985969 
20.610100 82.705614 35.635544 82.171772 1.648663 0.125000 6.486214 
0.613414 48.266603 23.166974 50.112012 2.491673 0.125000 11.124244 
19.402836 90.123151 0.632313 90.821544 1.435041 0.125000 2.873854 
4.503626 101.218427 34.451341 94.727203 2.708056 0.125000 16.898940 
34.362333 85.493019 23.096139 86.574287 1.721961 0.125000 1.067674 
0.624422 63.325252 23.124235 63.390173 1.296882 0.125000 5.583124 
25.673140 27.645920 0.674347 25.133911 2.112542 0.125000 7.917544 
4.492814 9.869302 26.911009 4.526080 1.562447 0.125000 6.102063 
43.122485 84.002028 113.127731 83.529947 1.705148 0.125000 75.448155 
124.389717 62.022318 131.815611 61.280494 3.482922 0.062500 0.275019 
23.103813 88.907691 33.139856 88.452681 1.645015 0.125000 1.970764 
45.635462 18.010497 64.343486 19.719896 1.250000 0.125000 1.970764 
139.400744 15.057596 120.632665 14.206069 1.588648 0.125000 4.680034 
3.130586 28.068903 25.656180 30.311861 2.239988 0.125000 15.860896 
0.635904 93.380275 20.652776 92.525298 1.408889 0.125000 3.776944 
80.625000 66.875000 111.875000 66.875000 1.250000 0.125000 11.904754 
174.658215 98.812654 149.491446 94.879843 5.827981 0.125000 18.525626 
68.136553 56.557402 111.919559 58.150029 2.225712 0.125000 22.582372 
112.030397 88.327086 95.767300 85.915404 4.259514 0.125000 7.190052 
133.508121 42.866093 140.873856 40.018762 3.497757 0.062500 3.653215 
