59.632447 80.624925 59.615031 20.624930 2.516691 0.125000 70.664644 
40.745831 85.008524 6.570175 91.526782 4.797619 0.125000 37.265622 
61.232015 10.272500 65.485475 13.319754 3.151405 0.062500 0.616176 
87.157864 91.875149 87.186901 36.873845 3.774416 0.125000 98.947600 
61.701522 20.737875 67.560382 29.742374 3.679397 0.125000 0.923527 
87.833834 35.627218 87.783450 0.621893 8.780576 0.125000 70.144743 
6.248630 89.375805 6.363250 0.624339 2.613002 0.125000 114.565415 
53.886838 16.224568 40.065291 0.035653 3.641132 0.125000 9.990166 
66.496719 30.616576 66.250873 78.134705 6.476264 0.125000 119.681456 
3.232631 0.621201 2.920897 94.370165 2.811722 0.125000 177.608813 
44.349682 -0.390009 57.827309 15.871725 3.849687 0.125000 15.101392 
168.137035 82.268277 89.346063 84.679404 5.800576 0.125000 137.610664 
169.932298 0.621890 169.567533 81.870252 3.783633 0.125000 119.729063 
123.108374 49.375155 122.654712 0.629377 4.191886 0.125000 51.637646 
41.729048 4.362077 42.680275 85.630205 4.174013 0.125000 159.121687 
8.014341 84.765174 34.469645 81.360397 4.995789 0.125000 39.417195 
105.981973 14.363783 106.191362 44.362322 7.491093 0.125000 47.091742 
120.474240 0.565213 119.937142 13.148993 1.819422 0.125000 0.797908 
90.628354 92.536858 173.132799 93.007331 5.299290 0.125000 155.281746 
173.902253 93.124075 174.083233 0.624429 1.430978 0.125000 55.253074 
114.123787 29.374654 114.142734 15.622958 3.762052 0.125000 7.274493 
133.163806 51.478478 124.318422 51.880663 2.838080 0.125000 3.456020 
58.258078 95.823006 64.878183 91.373682 4.863985 0.125000 1.454630 
107.393376 49.366875 99.660967 46.180945 2.991035 0.125000 0.820776 
134.948368 35.633387 134.747287 49.380446 3.804445 0.125000 2.536664 
0.453624 111.431935 68.421710 85.142096 2.705631 0.125000 67.985531 
67.684415 0.615267 67.819861 11.878669 1.370154 0.015625 6.486214 
95.625205 79.525615 155.625094 79.443773 1.306265 0.125000 32.675824 
9.234926 47.488857 33.165072 52.949390 1.774845 0.125000 11.416468 
34.390505 69.103904 9.329499 67.670544 2.139036 0.125000 13.631274 
9.321211 42.064614 34.428345 49.186953 2.029679 0.125000 10.285789 
33.117608 64.439864 8.156883 61.595234 1.840009 0.125000 13.710934 
9.381243 59.323615 33.234739 62.221786 1.913447 0.125000 11.416468 
10.539420 13.297213 32.064379 23.993912 2.259323 0.125000 2.089640 
34.416421 55.438367 10.723742 50.180091 1.765105 0.125000 9.438675 
9.406493 6.817022 32.023265 19.102043 2.169375 0.125000 5.336485 
9.295887 24.564147 32.005594 34.062770 2.034650 0.125000 7.782856 
9.545895 30.190158 36.113733 40.631417 2.408156 0.125000 4.092379 
14.376436 65.605039 34.362883 67.043370 1.874848 0.125000 8.292394 
23.113824 76.757833 34.380549 75.683181 1.956491 0.125000 0.820776 
97.068812 0.555758 101.453579 12.828979 3.867439 0.125000 0.614840 
34.551198 51.214948 10.512131 44.797815 1.693830 0.125000 4.658263 
70.617918 84.720241 84.387766 85.002717 1.531746 0.125000 2.576231 
9.233876 18.424033 33.482382 29.867729 1.943605 0.125000 7.098330 
9.213296 36.100781 35.791853 45.134070 2.057636 0.125000 10.695739 
36.106741 38.238026 9.361831 26.906081 2.204694 0.125000 5.388241 
60.262893 106.985327 59.649382 98.020676 4.082634 0.125000 3.048414 
26.950733 44.124817 12.968433 39.892216 1.558546 0.125000 1.970764 
37.194312 59.362777 36.947888 78.125957 3.766092 0.125000 4.032282 
32.103227 31.371348 9.206893 20.995978 1.974570 0.125000 3.782874 
33.442777 27.532350 13.223689 16.690946 1.532818 0.125000 6.985969 
59.644530 8.138277 60.016102 0.595006 1.555980 0.062500 0.465614 
106.756074 0.407921 105.697298 7.084685 2.649495 0.062500 0.616176 
34.382703 73.551383 23.113799 73.754959 1.452997 0.125000 1.067674 
33.231662 17.959631 14.296579 5.746583 1.339315 0.125000 0.050694 
33.453806 22.540610 13.455072 11.288359 2.111843 0.125000 2.246834 
158.164035 79.140477 161.054385 64.216075 2.968594 0.125000 7.689797 
169.291705 96.879447 170.023727 110.590365 2.629729 0.125000 5.962107 
37.444176 33.126341 37.490941 56.876248 1.294301 0.125000 5.096624 
70.561089 94.766329 84.420386 93.734785 3.049787 0.125000 15.517114 
57.101461 10.455715 49.617353 0.443836 1.759522 0.125000 1.067674 
86.064795 127.004224 87.804502 104.254899 5.945866 0.125000 22.982729 
55.625000 53.125000 55.625000 33.125000 1.250000 0.125000 3.776944 
165.913778 54.390009 166.759451 38.118994 1.702476 0.125000 1.720471 
