174.392083 110.449627 154.218219 108.484491 3.368768 0.125000 13.821835 
174.386461 44.608857 158.115785 44.677070 7.505175 0.125000 24.157733 
153.143771 108.508817 105.557765 107.477596 6.275615 0.125000 92.425389 
157.136509 45.189589 55.615330 58.048654 3.720275 0.125000 93.640985 
154.397261 105.448976 174.393619 107.977773 2.779391 0.125000 2.089640 
152.999121 48.129121 154.838649 104.318899 8.213611 0.125000 173.060284 
104.587751 108.000780 46.758464 103.312429 9.731881 0.125000 145.601828 
111.885729 64.077385 33.192931 61.240594 4.951722 0.125000 70.644532 
111.958044 94.720883 51.902732 92.405662 5.574131 0.125000 115.129559 
34.588097 60.671823 31.868967 0.455936 7.210425 0.125000 197.199283 
149.961090 75.837878 136.326860 68.133015 4.967996 0.125000 9.752547 
103.141891 54.542611 149.550433 49.865868 3.480439 0.125000 32.906240 
0.617966 89.224487 43.083638 87.239935 2.613980 0.125000 38.446780 
51.879666 91.826353 34.301589 90.140395 3.465898 0.125000 0.542782 
50.693942 89.962007 123.138818 87.243200 4.246424 0.125000 98.663970 
106.888170 79.911790 51.859958 81.261943 1.824720 0.125000 38.786274 
121.880714 83.254429 70.620249 85.517379 1.910331 0.125000 34.131541 
53.160082 58.130010 149.404108 60.841993 5.085631 0.125000 121.035648 
49.372149 79.249705 83.133112 78.481512 1.846811 0.125000 21.367748 
46.798159 103.279776 0.478423 101.939071 8.947012 0.125000 109.374885 
2.966488 25.551474 15.386769 -1.224947 10.205543 0.125000 93.867859 
134.390397 96.475626 101.938629 95.224533 9.225052 0.125000 99.026333 
0.622956 61.241504 13.126859 61.201151 1.286300 0.125000 0.164584 
168.353355 51.821277 170.312291 105.727214 6.609037 0.125000 153.213301 
135.630432 64.123749 113.113932 63.636939 1.682010 0.125000 17.323294 
34.365295 90.407803 0.626801 91.915299 1.806719 0.125000 20.315323 
64.379638 83.274544 123.111908 81.452895 1.559412 0.125000 37.191274 
104.388432 77.785271 131.894856 78.872800 1.446556 0.125000 7.697740 
126.877124 86.857714 140.725226 88.559351 2.023982 0.125000 0.797908 
154.421436 115.977200 108.151714 122.077619 4.167813 0.125000 39.376452 
70.565271 111.405354 29.346072 116.647537 2.186227 0.125000 29.832985 
0.660177 128.379067 101.873669 114.365385 2.038351 0.125000 46.751764 
71.841974 122.904185 60.655257 124.577301 1.421147 0.062500 0.465614 
29.434671 132.851378 59.399148 131.020121 2.162679 0.125000 8.181183 
42.391158 86.362531 38.891733 65.087667 9.632253 0.125000 28.094123 
71.888111 116.774602 61.895293 115.469606 1.725077 0.062500 1.669734 
141.875000 55.625000 115.625000 55.625000 1.250000 0.125000 8.292394 
63.184515 129.695736 88.025061 125.086409 1.634586 0.125000 5.962107 
49.426104 125.953328 15.524623 131.230115 2.306981 0.125000 12.054691 
128.025544 130.127644 99.419590 135.847981 1.961246 0.125000 10.285789 
0.581820 140.382160 30.524180 135.058004 1.887198 0.125000 9.711716 
10.283027 30.454073 11.609831 18.096529 4.128899 0.125000 10.225862 
158.163225 142.092772 173.140590 139.463818 1.879497 0.125000 5.583124 
15.605990 130.468019 0.524413 132.294388 2.031039 0.125000 6.486214 
111.873584 128.096478 95.663562 128.901492 2.496923 0.031250 8.082032 
45.631277 139.405112 36.746220 141.257199 1.988935 0.125000 0.164584 
96.835124 130.394245 75.781810 134.032423 2.083164 0.125000 2.486513 
103.110056 118.041287 86.929422 120.929853 1.889576 0.062500 0.275019 
20.634551 118.312006 9.350145 118.888346 1.630929 0.125000 1.970764 
11.193393 43.095544 10.479376 29.317767 2.431957 0.125000 1.034919 
61.846088 54.146206 84.303394 51.308345 1.853426 0.125000 0.434640 
