123.307108 26.713856 117.460624 20.106791 4.465080 0.125000 0.149785 
61.037158 30.306893 90.942472 38.167135 5.091429 0.125000 41.265561 
155.610856 28.208632 129.474236 23.788244 4.911801 0.125000 25.447035 
104.414679 35.595059 109.233731 41.981597 2.876442 0.125000 0.820776 
90.666409 37.420578 103.159764 37.132461 5.113948 0.125000 25.451104 
157.709351 28.189569 155.490234 56.864571 3.545926 0.125000 34.131541 
124.606853 0.609200 124.238085 24.372875 2.751839 0.125000 35.385094 
118.278526 14.634058 120.897570 0.444589 4.822150 0.125000 15.479921 
165.673047 25.854202 158.237749 27.412850 3.926686 0.125000 1.653093 
154.326034 65.623838 153.585082 96.856260 3.062578 0.125000 24.750649 
16.812373 32.591376 60.570122 33.443395 6.005471 0.125000 55.935689 
150.156301 56.909442 151.368637 29.407781 6.574233 0.125000 62.901171 
2.858559 24.977149 17.595012 31.497795 4.946687 0.125000 26.567138 
121.297134 45.618787 121.498707 26.870954 1.451512 0.125000 4.680034 
150.606684 64.200542 163.100209 62.888870 0.872370 0.031250 0.465614 
166.043175 54.387321 166.854886 26.837578 3.895627 0.125000 42.294314 
129.244256 16.977397 129.954577 0.542001 5.481097 0.125000 38.181838 
87.148130 46.586182 77.536823 37.496963 2.872620 0.125000 6.985969 
109.480929 45.165375 120.687904 45.859763 5.376940 0.125000 3.885675 
124.721360 25.595851 123.993731 48.153023 2.942005 0.125000 25.871204 
173.076019 57.234415 128.143186 59.705667 3.126538 0.125000 21.342017 
106.695374 56.487231 120.876579 49.918100 2.877255 0.125000 5.301648 
174.337832 0.624522 173.630514 55.631500 1.924922 0.125000 55.253074 
173.521440 65.601755 172.601152 99.394775 3.077562 0.125000 39.215849 
148.730814 101.880995 149.101862 64.384667 5.061600 0.125000 31.631803 
166.072198 79.363353 165.746858 66.871826 2.629333 0.125000 7.389304 
95.742879 44.070238 90.131862 41.899948 3.233525 0.125000 0.164584 
65.808521 61.270119 69.939711 53.986321 3.407949 0.125000 1.653093 
156.807834 55.692098 164.354479 55.263591 2.495980 0.125000 0.164584 
123.956862 71.871542 124.008839 84.376522 2.551934 0.125000 6.102063 
126.433315 46.830656 129.576873 15.519770 4.115758 0.125000 21.486269 
119.373566 75.139044 48.121470 75.005270 7.504680 0.125000 111.475611 
14.354130 33.552146 0.575947 32.878951 2.802029 0.125000 4.480242 
123.323440 49.214322 121.798611 71.055997 10.149828 0.125000 49.091552 
65.706759 33.439010 53.085969 36.725093 2.419338 0.125000 1.034919 
127.560464 81.903987 128.248657 65.630229 2.814648 0.125000 18.226384 
46.884576 74.969725 24.372205 75.086592 3.808350 0.125000 29.806740 
53.071913 37.534039 21.846060 36.665698 3.054987 0.125000 9.973546 
1.711926 38.891803 9.581207 36.236002 5.151956 0.125000 3.048414 
88.562725 44.152759 93.880271 54.626183 2.829441 0.125000 8.292394 
44.357124 82.176565 0.538804 79.579082 3.151683 0.125000 29.824120 
129.938413 25.627427 129.798411 58.126824 2.521516 0.125000 33.717641 
174.521654 108.898772 0.393112 141.901517 4.431475 0.125000 280.673249 
132.245756 65.565462 133.091343 70.831136 2.864760 0.031250 0.255185 
146.641154 17.374485 162.163186 12.538116 7.238350 0.125000 13.041889 
167.532058 11.943999 166.349920 23.201126 2.747424 0.125000 6.486214 
31.835486 61.151464 51.910038 62.658179 2.399431 0.125000 7.098330 
0.507401 137.487627 165.428290 107.058854 3.315615 0.125000 178.312740 
24.349121 78.483737 45.578815 80.015223 2.223701 0.125000 17.323294 
123.926464 85.613089 123.494365 101.884809 1.614565 0.125000 11.001664 
133.031402 21.510762 145.661061 18.265331 1.866623 0.125000 0.820776 
166.434353 3.878709 147.482332 11.533953 6.754178 0.125000 20.179752 
51.947000 121.069385 119.299160 110.156916 2.502212 0.125000 35.973458 
127.458192 58.133090 127.336699 48.119398 1.371226 0.031250 0.255185 
170.547215 54.373042 171.774129 5.622461 1.910034 0.125000 43.512904 
60.411890 0.102608 47.946650 5.187816 2.101717 0.125000 2.576231 
139.136281 55.617388 139.973726 29.354233 1.488394 0.125000 7.870688 
110.676739 114.699424 71.915817 120.880940 1.824981 0.125000 14.776697 
170.334685 81.867997 170.696321 66.876720 1.340072 0.125000 0.164584 
100.625000 83.125000 115.625000 83.125000 1.250000 0.125000 0.164584 
