86.200109 1.864246 86.504731 18.155297 4.975757 0.125000 17.705453 
137.074597 15.356821 130.657763 10.580980 3.260078 0.125000 2.873854 
85.940243 19.055437 87.420596 32.096848 5.532033 0.125000 8.233892 
128.462365 13.967295 135.983947 20.191214 4.316779 0.125000 1.454630 
96.673984 38.128114 96.925624 54.374216 2.712652 0.125000 10.285789 
126.112991 23.606012 138.019153 20.249537 3.577287 0.125000 0.434640 
116.227507 41.886261 116.010170 29.390041 3.945065 0.125000 16.751076 
76.044704 12.090456 72.915284 0.030688 6.723513 0.125000 12.827952 
94.116092 41.870779 94.340542 28.104058 2.581176 0.125000 2.680153 
87.838972 33.092782 87.549593 46.889150 5.077539 0.125000 10.526739 
127.410389 66.750027 123.896159 51.694992 4.220117 0.125000 14.553849 
105.736555 30.611607 105.847448 41.885108 2.610535 0.125000 6.486214 
87.570646 48.114023 87.174763 68.106184 3.922498 0.125000 6.455911 
143.268074 39.389101 142.806157 3.129062 2.866014 0.125000 49.061126 
92.696433 27.913408 91.601258 10.722070 6.714177 0.125000 27.125627 
74.414480 28.073616 75.052306 13.047630 7.599277 0.125000 15.698694 
96.477360 15.788145 97.592627 27.051486 1.862834 0.125000 0.164584 
160.724122 33.108830 160.320025 61.870715 2.850962 0.125000 34.241483 
75.154174 35.354608 74.128601 27.658137 6.030134 0.125000 0.731012 
103.664051 65.681185 100.982367 31.747973 5.378372 0.125000 35.325163 
119.489720 24.363299 121.534347 44.409745 3.121272 0.125000 12.882770 
130.638247 51.643188 140.676897 52.216866 2.923832 0.125000 1.720471 
124.770442 43.132556 125.081761 26.840733 5.118497 0.125000 9.867370 
171.264155 102.165118 160.244046 78.962250 5.136401 0.125000 32.494700 
108.820507 64.387390 109.154809 45.621078 1.561496 0.125000 2.510782 
163.484381 118.277971 170.490677 101.817825 4.748092 0.125000 20.673413 
161.440704 0.613805 160.634860 31.875254 6.408981 0.125000 30.981664 
77.901291 49.409957 80.820973 68.094377 2.778906 0.125000 3.782874 
103.129470 23.435940 118.126371 23.220347 3.857420 0.125000 4.057129 
110.941890 45.622506 111.089517 64.381182 1.387678 0.125000 0.820776 
73.382268 63.274944 75.019730 46.814788 6.089098 0.125000 18.240388 
165.003647 40.678783 164.642625 28.117308 5.069758 0.125000 4.503683 
116.187244 121.869705 116.495242 81.862453 6.211323 0.125000 87.471637 
96.058465 80.621789 95.906006 119.385938 6.338443 0.125000 86.695304 
124.078766 111.861400 126.142910 66.898776 4.536143 0.125000 37.976142 
172.103369 125.241747 161.975281 119.206707 4.163656 0.125000 1.967896 
15.626638 77.908728 66.873699 78.296777 2.291701 0.125000 23.159421 
13.655171 0.546118 11.009270 24.691070 4.987323 0.125000 23.127803 
167.685090 20.620604 167.885061 0.610111 2.699731 0.125000 18.226384 
72.584777 76.889984 72.237367 64.364949 1.596102 0.125000 5.583124 
0.624358 64.039648 14.375229 64.049302 1.259653 0.031250 2.447038 
160.620979 70.584204 149.235177 71.706550 4.222406 0.125000 3.012505 
101.072092 109.386642 101.789399 81.840221 4.041579 0.125000 21.591305 
115.986497 11.461617 123.952980 18.428179 5.173346 0.125000 7.274493 
72.351255 46.883318 72.547684 35.636749 1.446268 0.125000 2.873854 
18.640744 59.222545 15.199517 75.796196 4.226637 0.125000 5.141086 
161.336522 78.147179 161.533578 71.825394 3.865014 0.125000 0.797908 
91.761512 61.901480 91.469364 46.858602 2.766517 0.125000 8.567595 
128.121637 79.509583 156.884913 80.228250 1.811610 0.125000 13.717433 
97.285623 120.602955 97.427773 139.370813 7.575524 0.125000 28.784271 
145.445942 5.841439 158.392326 16.551866 5.612454 0.125000 17.521146 
106.383913 85.601545 105.186909 110.663778 3.093490 0.125000 35.385094 
106.872873 136.977793 107.912468 124.357493 6.536765 0.125000 20.673413 
9.486880 66.656970 0.570643 67.623614 2.754892 0.125000 3.776944 
69.731781 5.627536 69.642953 18.126904 1.294384 0.062500 0.465614 
173.172011 24.376599 173.725637 8.102909 2.838554 0.125000 8.509122 
87.288420 80.613962 87.487586 110.629230 6.241568 0.125000 41.620490 
166.350507 48.568943 174.476707 43.281306 3.092955 0.125000 4.680034 
97.611850 56.843094 97.060265 65.714241 2.417609 0.062500 2.108726 
160.382533 85.633428 161.120246 106.857786 2.759018 0.125000 7.149246 
17.644405 0.609187 18.826744 58.136268 1.934392 0.125000 53.446894 
111.635739 128.438180 115.870221 121.706631 5.290337 0.125000 3.662037 
8.257216 24.674982 1.037029 57.943135 6.742057 0.125000 59.782425 
72.747094 93.134229 72.410757 79.361916 1.524285 0.125000 6.486214 
68.125000 75.625000 68.125000 24.375000 1.250000 0.125000 26.354194 
