110.716354 2.343516 99.173993 4.594123 3.387596 0.125000 0.149785 
98.078714 32.213978 105.776554 33.265094 5.461372 0.125000 3.048414 
57.296483 3.123437 57.249319 28.130421 7.504702 0.125000 36.648834 
76.881671 4.717776 61.854909 4.607281 5.009056 0.125000 14.491747 
127.602194 40.712696 122.944512 12.945599 3.499491 0.125000 27.410457 
89.425826 4.358262 89.606272 31.857077 5.155736 0.125000 49.339121 
135.391072 0.606676 134.680757 58.128776 4.135577 0.125000 75.425240 
68.461826 30.623114 68.699873 73.128781 3.840946 0.125000 21.639811 
65.598102 17.965674 76.902881 18.244466 2.714962 0.125000 7.697740 
71.875000 79.375000 90.625000 79.375000 1.250000 0.125000 2.873854 
108.849812 30.623219 108.951593 0.606610 8.758427 0.125000 55.649670 
127.985570 24.400363 129.566303 33.090201 1.900952 0.062500 0.465614 
48.962375 75.625375 48.894166 0.624300 2.568207 0.125000 82.158780 
85.349089 55.651953 84.369644 45.625523 5.340901 0.062500 1.180108 
83.390832 47.980803 82.540745 24.306211 7.098220 0.125000 51.980481 
85.212697 73.126183 85.235654 56.874450 1.272953 0.125000 1.067674 
131.992595 33.103357 128.754375 15.509163 3.009266 0.125000 5.336485 
70.616375 81.612543 50.637949 82.269056 1.289705 0.125000 2.873854 
80.637900 21.473926 66.872084 21.683099 2.651645 0.125000 2.560371 
113.234221 75.295113 86.799534 76.625562 5.873335 0.125000 44.167193 
127.066721 70.656341 127.692595 41.865600 3.613279 0.125000 43.004826 
146.833117 75.730394 166.852627 76.349012 2.614630 0.125000 8.614963 
115.974745 0.605361 115.619834 16.874887 1.522319 0.125000 1.067674 
115.541361 36.875703 115.656868 50.624732 1.260457 0.031250 6.486214 
98.125000 6.875000 98.125000 29.375000 1.250000 0.125000 5.583124 
154.892708 86.070177 144.407034 79.325201 7.285143 0.125000 9.328486 
115.625000 18.125000 115.625000 26.875000 1.250000 0.031250 0.465614 
57.103625 28.047395 56.239394 39.421682 6.800257 0.125000 6.916790 
98.550190 34.375318 98.522154 71.875297 1.276167 0.125000 14.081748 
115.707735 51.843536 115.033425 76.859054 2.330680 0.125000 14.541222 
174.441456 79.147944 156.864556 78.357118 2.609841 0.125000 13.192832 
135.598409 61.472461 145.554963 60.814757 1.824027 0.062500 2.108726 
116.509026 26.567391 114.540906 36.906581 3.683851 0.125000 0.149785 
85.110318 23.131735 85.259239 6.871650 1.387322 0.125000 1.067674 
95.844227 70.627549 96.265751 34.367917 2.587014 0.125000 31.641506 
95.922610 29.374837 95.910307 6.874844 1.261620 0.125000 5.583124 
65.149499 6.878554 65.214902 15.628065 2.509274 0.125000 1.970764 
83.231954 75.161423 70.458217 76.898661 4.726495 0.125000 4.634728 
70.534336 52.019146 83.143589 52.839152 2.981443 0.125000 4.248691 
129.775237 14.540303 127.061270 0.588765 4.669314 0.125000 8.717065 
108.803957 129.473579 109.766187 110.644992 10.050765 0.125000 35.448053 
66.486621 101.697511 65.549540 116.947175 9.904506 0.125000 33.422861 
78.070232 137.685770 80.956660 120.896928 8.065823 0.125000 15.725779 
154.454854 73.126333 154.515014 13.125140 2.560157 0.125000 76.024143 
67.351114 82.911916 66.104263 102.068908 11.307433 0.125000 25.081212 
46.749339 0.631261 46.387439 65.622285 1.611924 0.125000 38.194039 
107.183289 143.488648 109.078727 128.851044 8.838074 0.125000 29.119350 
33.133637 66.766337 46.896042 67.860285 2.038452 0.125000 4.336995 
90.095873 113.123511 90.157867 143.128548 6.268065 0.125000 29.684951 
80.916043 120.635829 82.316344 83.001890 8.191990 0.125000 57.091237 
125.631646 81.192488 114.368552 81.324386 2.602290 0.125000 5.583124 
99.385081 71.336496 113.130264 71.593807 1.460345 0.015625 2.951974 
150.521902 10.840728 149.664715 0.497399 6.538361 0.125000 11.091767 
147.255404 49.373704 147.123331 10.619894 2.585185 0.125000 40.336189 
174.509702 87.537557 154.147214 82.868387 2.436759 0.125000 7.098330 
66.334576 69.390606 65.792522 50.620162 1.646387 0.125000 4.248691 
43.869408 38.123754 43.961828 0.623982 1.333174 0.125000 15.517114 
51.740130 10.642448 53.033125 20.636886 2.014716 0.062500 1.785718 
87.732416 46.884586 88.282210 69.401682 2.255160 0.125000 10.310893 
109.928738 113.759849 108.170146 97.980656 10.215378 0.125000 4.876462 
169.617868 49.359076 169.261579 71.892971 2.835635 0.125000 33.717641 
113.181444 69.374587 112.961995 39.376192 1.286542 0.125000 11.001664 
56.229493 40.178377 53.799966 50.489510 7.230120 0.125000 6.601199 
0.637644 61.749493 30.585565 64.766456 2.246035 0.125000 18.883306 
113.145162 81.220140 90.670956 81.981514 2.011094 0.125000 1.702576 
158.035451 81.336259 174.341731 83.389246 3.564483 0.125000 15.342551 
132.055784 81.722865 135.514800 114.253805 3.596812 0.125000 22.098620 
164.622342 15.517882 157.967658 0.151796 6.232022 0.125000 11.418727 
49.383073 82.155188 31.861603 82.660016 2.498963 0.125000 11.184171 
127.360423 109.378272 127.537430 83.121039 1.401647 0.125000 20.935654 
26.859482 62.018976 0.644569 59.193438 1.912570 0.125000 3.521151 
94.490651 140.620998 103.395974 139.794426 4.978600 0.125000 11.416468 
163.370272 74.427829 165.448050 15.618748 4.630383 0.125000 70.135811 
31.894214 79.943496 48.125673 79.394899 1.544854 0.125000 1.970764 
119.375000 46.875000 119.375000 69.375000 1.250000 0.125000 5.583124 
55.001462 51.873210 54.961974 65.626685 1.289472 0.125000 4.680034 
