131.858478 110.021696 156.874086 110.660795 3.812626 0.125000 27.273964 
0.564180 9.094649 39.302671 7.555071 3.796681 0.125000 60.467058 
112.317559 0.110325 126.082072 45.376316 9.567451 0.125000 118.577904 
40.010155 7.139618 45.393641 0.439116 5.030145 0.125000 0.923527 
148.233717 116.136093 128.088926 115.034949 7.557046 0.125000 30.348633 
128.101299 43.968039 130.465947 58.356567 4.748307 0.125000 21.367748 
130.843089 58.696425 126.087100 65.928872 4.836030 0.125000 6.009503 
129.671563 78.118267 130.183409 100.663404 8.549145 0.125000 32.789696 
119.185406 53.218153 131.016024 77.297038 3.975294 0.125000 13.507197 
128.075984 113.186126 31.773654 109.585862 13.483682 0.125000 332.379555 
121.477436 70.464085 124.112763 84.424503 3.684919 0.125000 2.089640 
30.852349 109.021767 14.260667 108.317126 10.203150 0.125000 24.425381 
9.717120 93.953290 0.195556 83.516796 4.455258 0.125000 1.602836 
19.376474 95.684879 0.576337 96.147524 1.874243 0.125000 1.034919 
20.592869 23.928604 39.362841 24.679097 3.047341 0.125000 1.939155 
11.648384 66.219427 17.077489 74.694545 5.410558 0.125000 0.553250 
13.898223 107.646666 5.655694 105.506773 8.515776 0.125000 12.105041 
14.972774 29.464794 13.212380 65.689991 5.358146 0.125000 70.531905 
23.492613 52.288950 31.565891 45.119371 7.477159 0.125000 7.558705 
11.874783 110.612730 0.606219 110.811777 0.801417 0.062500 0.465614 
34.515267 13.160613 4.331042 14.830373 6.999933 0.125000 62.312796 
33.280548 38.418268 32.453006 31.802697 5.271641 0.125000 3.508045 
1.457461 28.207660 2.477340 17.936570 4.719750 0.125000 4.067599 
1.033117 74.387731 2.439110 29.314613 3.865096 0.125000 62.191466 
39.545701 23.521846 36.264981 14.599297 7.160162 0.125000 7.673113 
120.629687 140.153073 66.872575 139.619124 1.709300 0.125000 40.075876 
55.591570 128.345566 14.334475 127.407666 3.635395 0.125000 37.066612 
31.879925 119.753964 111.877367 120.206309 1.603380 0.125000 50.167308 
98.083888 127.914734 118.102016 128.706269 2.053560 0.125000 10.098574 
23.089792 141.531477 45.736247 139.210448 3.124195 0.125000 14.776697 
55.653904 125.405417 66.874032 126.882357 1.728711 0.062500 2.873854 
14.384526 129.156150 0.606222 128.556416 1.683680 0.125000 6.486214 
23.789775 96.806565 23.012680 89.257882 2.742865 0.125000 1.970764 
110.569511 126.463090 48.095090 122.326753 2.420531 0.125000 23.305281 
70.625715 128.295069 96.880503 128.184760 2.573504 0.125000 2.651501 
56.838374 100.905169 95.579919 105.969843 2.746160 0.125000 16.748452 
58.122175 68.153684 69.386022 69.263099 1.862961 0.062500 2.957812 
0.652854 142.127927 20.685222 139.921853 1.527169 0.125000 5.583124 
71.875000 136.875000 53.125000 136.875000 1.250000 0.125000 2.873854 
8.142801 117.222252 31.894465 116.004713 1.250000 0.125000 4.680034 
29.375000 124.375000 44.375000 124.375000 1.250000 0.125000 0.164584 
53.278033 52.903994 46.713386 48.358399 2.134804 0.125000 0.164584 
103.766124 31.911786 101.871344 0.549701 3.475427 0.125000 41.199100 
94.892896 35.908298 96.322535 26.986777 3.504976 0.125000 1.720471 
