102.958381 22.663607 132.502353 28.905741 7.734391 0.125000 41.299519 
78.233948 38.270424 95.641822 25.228944 7.006101 0.125000 24.771046 
95.904197 25.705448 102.141821 24.396469 5.406860 0.125000 6.102063 
70.594028 65.613904 80.320908 38.463885 4.637496 0.125000 44.241151 
83.996602 51.779125 70.933463 75.792800 4.875187 0.125000 37.883883 
87.426196 72.013584 90.088222 61.425762 4.246400 0.125000 4.067599 
166.754998 22.530974 174.930576 8.447517 4.603621 0.125000 5.141086 
90.194973 61.656779 84.023799 51.608369 5.157976 0.125000 12.806661 
133.124731 14.359483 169.407181 13.730060 5.346153 0.125000 66.332817 
96.290422 85.446162 88.078662 71.381898 4.861115 0.125000 14.491747 
96.010497 76.394230 104.386637 83.110486 4.876070 0.125000 3.782874 
131.966477 23.201871 131.129748 10.591509 5.071788 0.125000 17.040467 
59.202938 71.585872 69.334311 65.556628 4.731641 0.125000 10.390293 
48.077735 70.327464 58.176925 70.828629 2.930606 0.125000 11.001664 
86.730435 107.692769 93.750218 85.043930 7.652540 0.125000 37.034551 
53.219623 9.604478 14.328795 7.983721 4.371088 0.125000 53.719306 
55.247917 0.554857 54.920555 8.148519 3.908032 0.125000 9.195484 
72.946039 71.073758 60.948462 78.638038 4.505477 0.125000 10.082962 
128.547361 73.314601 116.451954 66.360849 4.198748 0.125000 11.219093 
16.916747 3.989212 49.395593 4.818099 3.296452 0.125000 54.332526 
63.122603 76.892887 48.058089 74.874362 4.712822 0.125000 14.115291 
128.210372 100.633011 129.627391 85.531392 5.678798 0.125000 7.499484 
0.551216 6.917133 10.661007 7.494428 2.923507 0.125000 5.583124 
12.424628 8.138827 12.275640 0.592411 2.598209 0.031250 0.525569 
167.164840 14.662833 145.891374 35.891930 2.676561 0.125000 13.911462 
25.629579 41.771136 36.912758 42.268603 2.202922 0.125000 1.970764 
128.282288 82.899353 110.435412 84.133590 7.827090 0.125000 30.602554 
26.244320 28.039795 24.541023 40.647430 1.852492 0.125000 1.697763 
134.267111 0.563244 133.751362 11.903487 2.951745 0.125000 8.292394 
93.142060 83.440488 70.572867 84.660910 7.219080 0.125000 23.447389 
148.138574 81.627676 136.853961 81.008328 1.727637 0.062500 2.108726 
130.002735 14.437000 131.359744 0.697569 2.733618 0.125000 0.664633 
151.244526 35.040700 163.920883 21.362595 3.667273 0.125000 10.884515 
39.151210 52.998743 39.923058 66.913935 5.407698 0.125000 12.576327 
35.664166 83.306523 18.096132 82.662547 5.362960 0.125000 8.844660 
154.580005 85.316472 148.806674 81.480320 2.155918 0.062500 0.616176 
77.520869 0.619808 77.262955 30.628334 1.486299 0.125000 20.935654 
71.648137 0.608852 71.292532 33.132299 2.527183 0.125000 37.191274 
167.724726 31.683641 172.546233 21.598308 2.060465 0.062500 0.616176 
174.483153 92.760827 155.206000 87.035862 2.657901 0.125000 15.564217 
18.125000 34.375000 0.625000 34.375000 1.250000 0.125000 1.970764 
1.914613 35.165195 18.151788 36.564058 1.250000 0.125000 0.164584 
5.816171 50.622753 5.992619 65.635371 2.617353 0.125000 7.697740 
174.483930 84.898811 164.153855 83.349274 3.399483 0.125000 11.001664 
3.515952 67.765415 13.704135 78.842331 2.612430 0.125000 5.946800 
61.945742 13.037780 60.460958 33.112867 2.629595 0.031250 0.199558 
104.383986 133.511694 85.609998 133.316275 3.918935 0.125000 0.272083 
0.593933 40.079996 16.862324 39.152635 1.532531 0.125000 0.797908 
163.211175 86.444266 174.509123 88.704606 1.961380 0.125000 1.067674 
3.155826 27.853443 18.105087 29.550424 1.250000 0.062500 0.616176 
156.838995 133.159393 150.110971 126.116014 1.929183 0.125000 1.970764 
85.362163 131.167571 80.114589 123.844989 6.248528 0.125000 1.269599 
74.400295 129.373780 75.076686 143.392698 12.304754 0.125000 36.496480 
65.491489 0.627905 66.198779 33.139711 1.521576 0.125000 14.614024 
174.125908 118.402607 163.615325 108.971639 2.243008 0.125000 1.720471 
83.486520 123.907278 77.657357 117.286744 4.578730 0.125000 0.149785 
78.900094 100.811824 83.661041 112.914126 5.568119 0.125000 12.105041 
167.859169 127.222440 158.117304 119.768803 7.242464 0.125000 6.426201 
71.785576 90.628749 80.860900 100.324234 11.571778 0.125000 19.896292 
25.799285 105.963443 4.424295 116.970726 1.683583 0.125000 0.149785 
163.261979 107.817787 150.975268 102.339429 2.792352 0.125000 1.229414 
56.872038 91.889735 69.611117 94.450285 2.457105 0.125000 1.034919 
