36.727364 68.127215 37.065119 90.640901 2.518469 0.031250 1.108749 
0.617296 84.882926 35.626500 84.519458 2.785357 0.125000 35.005105 
33.187150 87.151837 24.322675 89.141926 3.260719 0.125000 5.583124 
37.415420 15.612770 37.924985 38.129526 1.645612 0.125000 1.198571 
145.781600 112.585291 174.640799 120.958944 3.060308 0.125000 34.656173 
134.055269 106.213612 145.363597 112.356232 3.078145 0.125000 2.847294 
138.082112 101.342497 174.398562 98.417542 3.336492 0.125000 20.339004 
59.374433 90.302693 174.376276 90.100416 1.452271 0.125000 73.314873 
174.419153 101.176048 139.343867 103.986442 3.238841 0.125000 27.936484 
174.450735 124.089602 147.758435 117.006350 3.870899 0.125000 30.744904 
28.248485 93.873698 9.328138 92.539617 7.393506 0.125000 4.296684 
34.938232 83.127709 35.136657 41.872651 1.442372 0.125000 34.410704 
9.146172 93.294022 0.479691 94.144794 4.464799 0.125000 11.904754 
148.511614 117.367299 136.549197 111.263520 3.408751 0.125000 9.366697 
36.875000 41.875000 36.875000 66.875000 1.250000 0.125000 7.389304 
174.375000 91.875000 95.625000 91.875000 1.250000 0.125000 46.222174 
39.364651 90.060844 55.632107 89.762426 2.591286 0.125000 11.904754 
0.058435 32.440243 11.920283 44.329822 5.315681 0.125000 36.403061 
56.875000 19.375000 56.875000 58.125000 1.250000 0.125000 17.323294 
20.603858 64.374171 19.915145 81.945167 5.485738 0.125000 34.241483 
9.961087 43.664359 18.837780 66.599125 7.784473 0.125000 54.695566 
54.375000 53.125000 54.375000 0.625000 1.250000 0.125000 26.354194 
59.375000 59.375000 126.875000 59.375000 1.250000 0.125000 38.094364 
89.389561 56.064259 59.381099 57.058984 1.663438 0.125000 17.641629 
56.045772 4.343931 56.878735 15.624724 1.706847 0.125000 1.970764 
141.875000 59.375000 159.375000 59.375000 1.250000 0.125000 1.970764 
