46.859303 87.756745 113.110560 88.936158 3.971897 0.125000 85.503950 
60.366600 0.534220 54.460949 17.344339 6.948790 0.125000 10.567079 
113.139173 91.992702 100.521096 93.512122 2.332629 0.125000 1.653093 
38.147344 8.089224 80.515422 34.550450 6.759307 0.125000 54.563999 
118.135340 95.423711 174.365380 98.312261 3.424421 0.125000 45.769458 
100.405254 96.761006 59.653410 100.186826 8.206625 0.125000 83.179678 
52.381372 21.116033 38.466675 34.749507 5.284979 0.125000 10.958942 
24.373248 87.440984 45.626914 87.506787 1.315785 0.125000 13.710934 
59.651443 101.586785 25.821977 111.310309 6.186655 0.125000 69.289998 
26.309679 111.929135 0.052922 121.566365 9.356802 0.125000 64.513384 
81.698174 33.196639 100.437528 79.450952 7.979201 0.125000 81.840806 
154.375000 99.375000 133.125000 99.375000 1.250000 0.125000 4.680034 
140.613554 58.875401 174.374472 58.101934 1.707755 0.125000 24.548014 
174.389252 54.788433 144.381822 55.822889 1.679919 0.125000 17.641629 
96.947731 80.592264 96.806872 85.657864 2.638015 0.125000 1.067674 
21.737369 56.880879 22.965456 85.631815 1.835653 0.125000 20.032564 
