136.882462 8.784022 174.391806 8.359332 4.103557 0.125000 62.295180 
136.445078 53.157294 136.914502 23.067114 8.748935 0.125000 39.054093 
126.619457 48.339935 121.031801 74.192757 2.774600 0.125000 3.323118 
114.560194 34.703372 116.858738 24.657279 5.710437 0.125000 0.891631 
119.499819 68.159929 124.404438 50.633238 2.308467 0.125000 8.509122 
76.593819 0.612595 76.370869 28.131043 2.722711 0.125000 29.966554 
113.338707 41.870842 113.824916 66.861383 1.711750 0.125000 8.614963 
136.659289 22.043738 135.324788 0.565986 5.067894 0.125000 25.691914 
134.464708 91.393888 124.124968 89.465941 4.373841 0.125000 12.058439 
139.546814 0.549670 139.339572 6.954743 5.159079 0.125000 9.642303 
119.177923 21.889887 119.478803 0.608795 2.764818 0.125000 33.578914 
123.468373 89.253475 112.408126 87.804780 10.992379 0.125000 14.796742 
135.169146 75.653522 135.932971 54.386061 4.862183 0.125000 3.245036 
50.687324 4.831904 14.356738 3.723643 3.976937 0.125000 46.001424 
111.412061 83.166947 110.809750 40.622384 4.999499 0.125000 21.481310 
18.116887 38.295418 28.153648 38.773247 2.734942 0.125000 4.680034 
18.022138 23.116531 16.889289 36.876176 2.799271 0.125000 5.096624 
157.339391 39.697058 164.457924 29.432509 4.506180 0.125000 1.668182 
174.572316 13.288918 157.492112 33.849237 3.224988 0.125000 7.558705 
164.774384 28.670605 174.474257 16.957195 2.226262 0.125000 0.883796 
121.889254 96.949759 138.029169 93.872393 2.433640 0.125000 0.664633 
85.601013 30.368279 111.884152 29.949856 2.619067 0.125000 27.257284 
154.947850 33.868095 148.505506 42.474109 4.500225 0.125000 2.742210 
151.491901 52.305518 157.508396 40.315591 4.484972 0.125000 6.370457 
123.214237 74.978138 133.250830 75.450306 8.975297 0.125000 3.091429 
128.256490 41.030279 134.645109 38.957531 4.277466 0.125000 0.797908 
145.857884 46.960359 140.822797 60.697499 1.720712 0.125000 0.820776 
21.045618 35.662849 20.473763 23.131902 1.419655 0.015625 5.451035 
31.190803 50.607801 31.686629 66.918724 2.764709 0.125000 9.438675 
70.232549 0.620006 69.850451 30.646957 2.515703 0.125000 33.578914 
74.735245 125.428230 76.012819 135.883106 8.837013 0.125000 16.968635 
74.859992 111.819281 75.299828 125.515012 6.607885 0.125000 12.701479 
117.901769 143.164130 117.728712 125.591971 12.560943 0.125000 34.698306 
114.554293 121.219689 119.282208 109.856482 7.404722 0.125000 8.212321 
26.879999 85.817960 8.110213 86.304232 1.638058 0.125000 9.195484 
106.661181 89.620282 87.874148 85.526081 10.302999 0.125000 36.042114 
135.579001 124.380906 135.499201 106.869877 5.039822 0.125000 16.733064 
88.125525 71.639363 109.378207 71.686746 2.505568 0.125000 5.091660 
86.865774 84.929508 63.122347 84.534478 1.499354 0.125000 6.486214 
86.872908 65.688938 108.141038 66.384840 1.698997 0.125000 11.001664 
63.125000 15.625000 63.125000 31.875000 1.250000 0.125000 1.067674 
174.222259 98.561591 158.185795 92.951227 2.301292 0.125000 2.680153 
75.625000 81.875000 105.625000 81.875000 1.250000 0.125000 11.001664 
101.703662 55.623367 107.144491 60.312294 5.288751 0.125000 0.149785 
58.125000 15.625000 58.125000 29.375000 1.250000 0.062500 2.873854 
92.358449 47.580170 100.828703 56.787700 6.439631 0.125000 9.124190 
