33.125583 70.234208 23.125605 70.219293 3.757453 0.125000 5.096564 
30.608311 42.898161 40.626035 43.061559 1.412921 0.015625 0.170563 
23.053290 49.571554 31.932326 48.967138 3.003591 0.125000 5.219043 
44.375988 45.557062 28.129421 45.320896 2.681421 0.125000 5.946800 
87.858751 58.925753 95.064085 52.496388 3.206153 0.125000 0.050694 
26.516109 43.131622 26.636857 26.882519 2.509220 0.125000 12.807844 
103.132050 2.238529 10.622893 2.642737 4.044895 0.125000 131.906621 
85.600343 49.667634 106.900602 49.119042 2.949738 0.125000 12.105041 
9.873999 23.086749 10.530992 53.127056 7.935510 0.125000 38.638223 
29.361399 26.200315 43.119949 26.302834 2.574442 0.125000 8.292394 
29.203862 29.372816 29.044403 41.870782 2.515744 0.125000 4.336995 
8.302242 0.467991 9.638672 23.256151 4.922012 0.125000 21.327785 
9.580576 54.358052 9.813590 74.369893 3.909837 0.125000 32.675824 
41.883078 28.760770 30.618587 28.612623 1.397835 0.125000 1.970764 
74.634574 66.875510 74.602386 4.374883 3.754506 0.125000 91.851788 
126.906478 80.429570 83.095590 79.475464 6.221303 0.125000 41.497435 
9.983444 76.901533 9.434641 89.486619 4.777423 0.125000 12.171350 
83.668097 63.249103 81.852879 52.909435 7.668855 0.125000 8.821999 
109.357665 50.625286 109.563884 63.121883 2.602783 0.125000 1.229414 
38.965277 63.082967 39.142675 71.904808 3.900028 0.125000 5.962107 
34.769230 50.352363 31.892918 59.380709 7.093416 0.125000 4.503683 
174.380323 3.957706 143.123610 4.157515 1.433755 0.125000 11.001664 
60.619717 67.887283 75.612311 67.554071 2.582706 0.125000 2.680153 
86.335860 33.093159 86.955529 46.927383 2.721234 0.125000 13.710934 
127.628097 14.353504 125.734354 58.129731 4.935024 0.125000 55.635934 
74.527700 70.170379 62.983264 72.386728 3.682745 0.125000 9.366697 
43.907435 28.092567 44.530275 43.118564 1.250000 0.015625 4.679098 
79.834814 34.393738 81.108285 3.144695 3.899584 0.125000 24.422870 
33.048385 33.789738 38.446776 33.083050 4.795451 0.125000 1.697763 
173.151452 11.548689 143.140268 12.408132 2.999925 0.125000 41.777504 
143.134277 24.914259 174.396529 24.376435 2.628638 0.125000 27.436248 
55.657846 61.318158 65.694541 60.842565 2.674694 0.125000 3.776944 
69.936059 26.920863 68.516658 5.598927 2.328421 0.125000 3.782874 
11.801682 90.624775 11.804691 123.124775 8.751967 0.125000 46.043538 
60.475850 76.931706 73.091241 75.354905 3.566015 0.125000 7.689797 
126.067112 66.800067 127.990417 78.147810 3.300372 0.125000 5.096624 
19.484954 20.625654 19.328826 46.874725 1.264848 0.125000 6.102063 
129.881908 86.881144 130.897014 3.128297 4.189052 0.125000 87.786662 
19.474139 46.864055 19.319495 63.124472 1.250000 0.125000 1.067674 
145.600853 6.029939 174.471808 7.751554 3.148094 0.125000 10.169903 
73.182025 80.181568 62.967952 80.903715 4.269601 0.125000 2.249350 
5.035871 86.884442 3.773761 8.134636 3.300918 0.125000 101.997671 
122.063248 68.137837 121.579340 28.113462 2.832277 0.125000 43.433053 
83.124490 3.351582 125.624275 3.447179 1.342782 0.125000 19.129474 
143.119811 16.366280 174.379309 16.047432 2.665612 0.125000 31.928121 
85.089862 35.535793 81.998812 10.765536 2.480759 0.125000 4.634728 
143.183076 76.396571 162.014560 74.979122 3.739422 0.125000 9.214542 
174.376460 79.871447 144.374151 79.813298 3.783910 0.125000 22.929543 
18.125000 46.875000 18.125000 33.125000 1.250000 0.015625 2.356067 
110.659521 56.850807 116.830400 65.656256 7.576682 0.125000 9.124190 
123.148164 11.937647 86.887397 12.577530 3.617087 0.125000 37.573451 
174.382109 18.568679 143.120106 19.069560 1.710414 0.125000 30.869644 
120.016530 20.115312 126.060622 14.877699 2.960022 0.125000 0.820776 
81.652678 52.919082 80.755939 43.000154 6.337163 0.125000 3.453467 
87.755958 20.450299 88.807276 33.274021 5.698228 0.125000 8.077908 
144.375000 9.375000 164.375000 9.375000 1.250000 0.031250 4.665956 
43.719195 63.127177 43.665263 46.877356 1.303926 0.125000 0.164584 
85.618074 85.276857 125.627106 84.480864 2.574098 0.125000 43.004826 
161.901586 31.357282 144.333978 31.995074 2.815814 0.125000 17.641629 
19.210253 5.600125 19.383383 13.153459 2.671206 0.125000 3.776944 
129.362299 0.982883 115.629595 0.495520 1.293547 0.062500 2.873854 
174.375000 30.625000 174.375000 63.125000 1.250000 0.125000 12.807844 
72.174882 29.393004 71.123544 46.904930 1.250000 0.125000 1.970764 
31.946059 82.169424 35.178342 95.112206 4.852292 0.125000 17.058749 
103.897210 46.850702 105.548950 14.371133 2.369801 0.125000 17.380123 
68.484113 49.527080 70.507910 28.113934 2.910053 0.125000 9.886491 
21.875000 46.875000 21.875000 26.875000 1.250000 0.125000 3.776944 
107.633112 14.350222 106.499404 36.856080 1.250000 0.125000 4.680034 
22.534388 105.630533 22.382054 89.370250 1.390467 0.125000 1.855669 
138.043308 0.517118 134.489577 44.384282 2.592770 0.125000 39.215849 
163.810711 60.628418 163.644097 33.121856 1.416548 0.125000 26.354194 
75.397101 119.351807 74.688347 88.117890 4.032609 0.125000 51.471014 
93.085523 47.349882 88.434729 34.721278 3.827978 0.125000 3.782874 
118.030279 143.152272 114.087375 129.457813 1.729249 0.125000 3.776944 
168.004470 30.625718 168.175640 59.374698 1.257420 0.125000 7.870688 
93.051425 102.579104 88.320522 93.685952 1.990129 0.062500 0.616176 
