65.718077 65.628984 65.072698 80.708359 3.586221 0.125000 4.824161 
66.836850 79.871627 111.911161 77.589093 3.208165 0.125000 61.954695 
63.106727 111.731363 109.402596 105.841929 3.741973 0.125000 50.840822 
21.776043 100.988759 62.716588 112.126287 4.177503 0.125000 38.288927 
20.950916 94.381541 21.527710 65.643118 4.200740 0.125000 21.782305 
109.413883 94.765875 58.419804 99.838568 6.831460 0.125000 99.376906 
23.118714 65.287215 111.884496 63.635269 4.214524 0.125000 106.786235 
67.939541 114.681583 45.754470 112.038342 3.723663 0.125000 15.291999 
60.609247 94.139588 106.902892 91.041827 3.083280 0.125000 61.206754 
60.713972 98.962065 24.527915 91.165297 5.151117 0.125000 52.268685 
94.342179 110.389516 68.079688 114.049896 2.791009 0.125000 22.163170 
111.194126 104.437602 110.385882 95.646985 3.061736 0.125000 0.883796 
109.494583 109.395326 91.798389 111.061165 3.967797 0.125000 22.232338 
112.335436 88.918591 114.362916 102.069575 5.415176 0.125000 8.712693 
109.394193 66.773098 68.093045 67.463550 4.376294 0.125000 82.057473 
114.160475 78.025359 109.230872 88.638649 6.640979 0.125000 1.962270 
104.403288 81.216653 59.446293 83.366124 5.053991 0.125000 47.847738 
61.409999 103.086683 61.717314 109.382697 2.740792 0.062500 0.616176 
45.746658 111.399888 10.497253 102.373893 6.054658 0.125000 72.424677 
7.996646 101.260080 13.808057 79.557909 5.713958 0.125000 18.407399 
134.376323 114.366607 109.405766 110.429852 5.133662 0.125000 17.679892 
14.328988 80.485570 19.581942 78.752098 4.736272 0.125000 0.797908 
173.653408 0.619912 172.833698 116.881759 3.116845 0.125000 210.637962 
115.614340 106.930608 174.362026 118.192678 2.385037 0.125000 44.326551 
54.398507 81.593392 26.881556 79.296460 1.871641 0.125000 19.129474 
56.323066 93.131020 56.200384 81.882358 1.358982 0.125000 3.776944 
65.947194 0.627671 65.543089 49.374321 1.405387 0.125000 23.644924 
169.349137 119.534157 135.477927 114.030062 2.668127 0.125000 20.307774 
25.617381 76.961946 60.676767 80.034265 1.899958 0.125000 24.374822 
0.589068 48.028471 23.145058 48.731120 2.654469 0.125000 11.507462 
62.314544 78.146647 62.808858 68.109431 1.678887 0.125000 0.820776 
31.885825 49.202713 59.355915 50.928735 1.639472 0.125000 11.904754 
88.088995 75.171088 69.357698 76.656869 2.492172 0.062500 3.472415 
