110.183379 69.479182 111.987758 55.478435 3.879015 0.125000 8.896623 
114.350423 50.165701 125.568302 49.565432 1.869643 0.125000 0.820776 
104.440437 28.080487 88.170524 28.963654 2.902843 0.125000 6.848509 
8.110795 6.125156 41.872359 5.485575 3.867706 0.125000 43.397485 
122.018239 72.754029 98.123450 70.642538 4.980592 0.125000 10.218873 
113.466770 88.308328 110.361776 72.925817 8.812991 0.125000 18.638451 
28.826774 14.670246 7.002751 7.723647 4.549596 0.125000 3.886135 
46.487574 9.393091 48.941866 61.953593 5.577605 0.125000 97.374277 
152.914657 9.441469 174.267511 8.715115 14.693855 0.125000 28.456355 
124.329205 55.626346 124.807580 71.899030 3.821842 0.125000 11.349210 
40.629515 63.710324 11.871584 63.932142 3.817378 0.125000 26.888049 
90.004077 36.836918 90.612326 66.849924 6.248717 0.125000 46.656669 
40.887247 5.665189 45.849626 9.464328 4.729963 0.125000 2.510782 
139.941622 0.551240 139.031409 24.409580 3.937889 0.125000 23.990843 
167.596295 65.644629 167.030482 14.373284 5.987538 0.125000 82.865008 
174.386944 69.598309 159.363065 70.401856 1.982580 0.125000 2.680153 
112.374910 48.126864 112.366755 39.373377 5.005821 0.125000 3.521151 
102.676816 68.506263 109.172378 65.155184 6.162829 0.125000 0.294986 
20.538097 77.205936 34.400545 75.895159 3.733348 0.125000 0.940023 
91.146060 76.867229 91.519641 101.917583 10.315758 0.125000 56.527725 
117.865576 35.620108 117.629068 48.162789 3.702201 0.125000 6.281913 
36.513756 75.579136 37.607054 66.967943 5.117621 0.062500 1.496780 
108.520040 119.238864 113.558418 87.596898 8.892777 0.125000 77.895303 
48.137726 72.967038 59.386198 72.835958 2.601788 0.125000 2.576231 
45.866156 65.278960 43.909159 78.053636 4.563775 0.125000 11.219093 
0.417199 32.077226 15.642061 34.255769 4.066310 0.125000 8.717065 
121.278934 46.886502 121.037344 34.367043 1.466820 0.125000 1.697763 
30.498674 83.449743 12.983835 85.841062 7.261965 0.125000 2.480703 
91.691051 102.628046 94.715038 124.327613 9.041645 0.125000 25.337499 
30.647701 39.338420 39.765007 44.996557 4.248385 0.125000 6.126021 
109.088601 45.678441 106.975917 34.356169 5.373738 0.125000 0.190130 
163.028494 73.244646 174.408981 72.273018 2.490938 0.125000 5.583124 
174.385005 76.618601 161.861102 76.744705 2.613144 0.125000 6.102063 
105.637172 34.680345 93.107254 35.179815 1.647314 0.125000 3.776944 
41.768270 31.977951 41.376719 26.817958 3.833831 0.125000 1.970764 
126.156035 49.418227 125.248416 34.322487 3.020632 0.125000 13.809694 
163.106044 67.745279 174.390324 67.181969 1.684701 0.125000 2.873854 
10.742245 65.487991 11.870804 76.750161 4.105220 0.125000 11.184171 
121.886379 25.922064 114.357600 25.832164 2.589372 0.125000 1.067674 
12.000250 85.956519 0.623614 86.857505 2.492197 0.125000 0.883796 
146.301154 74.499469 147.454935 68.231756 2.911292 0.125000 0.164584 
137.283097 25.634382 137.687006 61.879881 1.612070 0.125000 33.230150 
20.280431 66.750367 21.194479 73.390736 3.714970 0.125000 4.680034 
89.517674 0.561769 89.011524 9.425623 2.852245 0.125000 7.389304 
125.281116 76.843151 124.352208 86.872889 1.705777 0.125000 0.164584 
45.814753 86.654971 47.207030 95.765288 4.084637 0.125000 2.036308 
140.671909 49.372070 139.889424 36.842873 1.637141 0.125000 1.067674 
48.486430 96.843077 49.482048 108.115545 1.975281 0.125000 0.820776 
168.762914 99.367779 168.939851 84.369866 1.397371 0.125000 3.776944 
