113.194261 3.667301 97.963756 5.612491 4.511583 0.125000 2.619268 
59.947143 8.112465 59.391735 38.148424 7.729821 0.125000 42.450819 
133.590779 23.120110 133.356981 60.618653 2.718167 0.125000 36.418285 
75.693632 5.807583 65.494681 5.151816 3.501654 0.125000 2.847294 
70.708420 31.838780 70.086847 51.858291 2.692755 0.125000 7.475045 
134.462624 0.514458 132.532859 20.806437 4.385838 0.125000 23.159421 
126.660896 41.899512 125.074745 28.044889 2.910309 0.125000 12.807844 
97.944450 32.456507 105.860422 33.236863 5.589033 0.125000 7.782856 
90.653411 5.613116 90.776788 31.862536 5.111573 0.125000 50.321409 
60.358016 0.235275 57.638427 10.821130 4.565158 0.125000 12.933632 
124.094365 27.077271 121.410940 6.771139 3.717679 0.125000 7.337580 
110.184953 33.269181 109.153860 3.304662 8.916775 0.125000 45.187531 
52.618394 65.625745 52.522773 0.622208 3.748157 0.125000 49.548781 
80.649604 21.997025 69.380812 22.199106 2.656484 0.125000 3.456020 
66.861960 18.523120 79.389463 18.933456 2.662346 0.125000 1.034919 
126.592295 70.620372 127.042346 43.127739 2.867938 0.125000 41.777504 
84.658043 53.114631 84.868503 8.115616 6.384394 0.125000 59.972361 
116.218594 15.618001 115.871965 48.127633 2.646457 0.125000 26.459591 
86.466457 71.888492 86.323941 54.369314 2.499917 0.125000 15.517114 
129.611197 28.273519 127.765930 15.677603 3.560723 0.125000 1.036501 
114.382707 74.618982 89.328737 75.410353 4.300621 0.125000 37.443052 
116.124405 49.363298 115.714968 75.626403 2.558151 0.125000 23.491411 
96.602374 69.385734 96.986862 34.376229 2.678302 0.125000 16.282393 
71.873209 80.376499 54.374118 80.502593 1.955997 0.125000 1.970764 
152.171204 87.843664 142.435095 77.593019 6.162388 0.125000 2.077850 
96.875000 30.625000 96.875000 8.125000 1.250000 0.125000 5.583124 
174.430081 78.071520 153.112504 77.170713 2.761639 0.125000 20.315323 
99.689470 34.374902 99.701188 71.874898 1.261327 0.125000 12.058439 
129.106473 45.644668 131.207668 74.332323 3.132493 0.125000 10.056191 
67.275227 8.123388 67.305448 15.628300 2.515080 0.125000 1.067674 
164.358542 74.937485 174.382721 74.697518 2.648859 0.015625 4.237417 
116.285781 0.610915 116.580436 14.434567 3.749148 0.125000 2.835356 
128.476766 14.688008 127.150396 5.584874 4.046616 0.125000 7.870688 
70.942707 54.374826 70.939446 71.875059 1.253028 0.125000 1.970764 
99.053875 8.123945 99.078001 29.375337 1.274124 0.125000 4.680034 
71.772729 51.944391 84.390700 52.922460 3.072139 0.125000 1.229414 
84.402364 75.034601 73.136765 75.196035 3.857078 0.125000 1.702576 
134.349175 61.557278 143.041744 60.850724 1.853507 0.062500 0.616176 
81.710953 123.045216 84.042883 81.715206 7.840169 0.125000 52.129957 
69.734813 93.009017 68.070770 105.780798 8.999660 0.125000 18.826518 
144.350774 49.374903 144.521637 6.875590 2.620590 0.125000 45.959375 
148.546688 11.745392 145.063707 0.413322 5.513827 0.125000 8.717065 
110.168253 131.908737 109.882062 106.826427 10.156227 0.125000 38.039616 
91.002695 110.658257 92.097204 139.366528 6.435950 0.125000 30.175308 
150.780692 73.124272 150.500031 13.113892 3.726575 0.125000 96.000852 
50.549809 0.631763 50.182863 64.372455 1.616973 0.125000 25.698706 
126.884208 79.699146 90.627958 80.729114 2.747462 0.125000 12.566789 
67.909382 68.127196 67.743929 51.878880 1.389941 0.125000 1.067674 
47.999125 40.626187 47.633881 1.879630 1.520944 0.125000 17.323294 
39.379893 66.794475 50.664183 67.480188 1.626793 0.125000 0.164584 
65.363331 113.529520 69.862566 125.440833 9.510615 0.125000 9.888716 
101.870310 70.835260 114.364093 71.113951 1.528449 0.031250 0.983154 
113.694430 69.379654 113.949908 38.121526 1.495146 0.125000 28.160374 
164.676805 49.363313 164.399147 71.890704 3.872959 0.125000 32.895604 
59.572603 39.153740 56.393697 54.273809 6.373466 0.125000 13.000786 
67.174299 126.899431 66.566142 134.349789 6.432675 0.125000 4.067599 
154.313148 79.964119 174.484514 82.081912 3.337941 0.125000 23.245778 
0.574181 61.117394 33.114592 64.475842 2.013369 0.125000 19.754330 
174.347360 85.816004 155.627586 83.107131 3.369322 0.125000 4.634728 
126.668826 104.372666 126.923667 81.861400 2.613039 0.125000 5.983381 
89.276928 58.128291 89.655375 69.407533 1.291214 0.062500 0.465614 
53.129944 80.971886 38.115178 81.185901 1.445841 0.125000 0.164584 
130.674684 80.465605 134.071432 108.162230 3.698700 0.125000 15.241215 
161.296928 36.801321 158.693920 13.062616 4.697711 0.125000 20.297755 
33.100608 62.108424 0.564034 58.708417 1.632976 0.125000 16.751076 
57.137586 54.291908 58.312698 75.683356 4.018610 0.125000 15.947212 
69.375000 0.625000 84.375000 0.625000 1.250000 0.125000 0.164584 
38.127048 78.273822 51.874445 78.084667 1.284277 0.062500 2.873854 
60.023483 114.331595 59.846383 121.886051 3.866154 0.125000 5.096564 
172.785469 59.970683 168.883692 49.559120 5.559328 0.125000 6.633937 
159.083917 73.142037 159.706358 38.108678 3.838230 0.125000 47.670303 
119.126497 48.136256 120.033081 68.151810 1.305279 0.125000 2.576231 
121.875000 61.875000 121.875000 46.875000 1.250000 0.125000 0.164584 
