21.441632 15.388418 35.325425 21.325547 3.614320 0.125000 3.012505 
33.643040 21.450868 39.716382 28.868909 3.342776 0.125000 0.883796 
11.871308 81.567838 58.129650 81.011816 2.710153 0.125000 45.808266 
16.605719 39.953672 31.041463 34.163259 2.792128 0.125000 7.653196 
10.607533 13.205891 20.677814 15.380418 2.387354 0.062500 2.527919 
9.093227 14.573432 14.869976 22.776426 2.763738 0.125000 5.583124 
55.897518 85.268526 10.674953 91.017911 7.640128 0.125000 70.733775 
0.417608 18.688478 4.689266 29.736787 2.968987 0.125000 3.403198 
30.911508 45.302628 48.136874 60.611640 6.436343 0.125000 17.100149 
26.998273 47.075122 16.958035 53.259799 3.848445 0.125000 6.126021 
38.157130 107.126543 0.473633 111.939977 4.063648 0.125000 47.899640 
93.128588 84.100304 121.906336 84.476241 3.798664 0.125000 12.782652 
116.855133 90.159626 174.349923 91.615391 2.151161 0.125000 36.830708 
168.087996 93.932997 113.088857 91.414213 2.383010 0.125000 21.193621 
160.622673 83.042858 174.397032 82.652574 1.532726 0.031250 6.486214 
174.375000 88.125000 116.875000 88.125000 1.250000 0.125000 30.869644 
61.862702 83.970042 91.874537 84.406811 1.504522 0.125000 11.001664 
123.065863 83.917427 154.364904 82.833478 2.585030 0.125000 7.648728 
58.209215 76.874035 57.951386 54.362672 1.250000 0.125000 3.456020 
45.149726 59.976410 51.295012 79.160372 6.621891 0.125000 35.727688 
10.918698 58.117119 11.489421 79.385347 1.718986 0.125000 17.323294 
56.875000 24.375000 56.875000 0.625000 1.250000 0.125000 6.486214 
149.375000 86.875000 174.375000 86.875000 1.250000 0.125000 7.389304 
69.660908 35.611414 67.998662 0.631003 1.663917 0.125000 16.442587 
59.375000 0.625000 59.375000 24.375000 1.250000 0.125000 6.486214 
73.126080 65.797901 111.874568 65.555903 1.281202 0.125000 15.517114 
70.625000 0.625000 70.625000 30.625000 1.250000 0.125000 11.001664 
115.625000 63.125000 94.375000 63.125000 1.250000 0.125000 4.680034 
90.625000 63.125000 76.875000 63.125000 1.250000 0.031250 6.486214 
