110.620592 15.649124 121.728172 17.678608 3.239590 0.125000 8.292394 
127.856677 19.814135 160.525147 25.003593 4.938084 0.125000 41.647343 
144.377829 78.517791 126.869734 78.643908 2.616987 0.125000 14.614024 
159.367848 77.962404 144.232183 78.628172 4.885309 0.125000 9.479218 
104.370663 14.391625 111.443656 16.236658 6.047628 0.062500 0.201474 
125.855417 76.883330 126.171946 20.628077 3.517845 0.125000 36.644463 
174.623377 30.378412 163.271151 28.494370 3.085438 0.125000 5.219043 
164.330381 25.856242 174.436504 27.806246 2.217899 0.125000 0.820776 
131.938822 14.365846 129.955999 0.541666 3.357065 0.125000 7.689797 
121.864781 78.761822 104.369640 79.053399 3.895288 0.125000 18.743487 
163.565969 21.935538 164.330567 0.578658 4.862631 0.125000 12.386097 
138.188844 16.077716 128.109276 16.455654 3.887876 0.125000 1.702576 
122.731715 19.359688 122.195779 76.877989 5.395766 0.125000 142.927117 
31.852527 73.861191 53.116520 72.931128 2.333748 0.125000 12.058439 
53.109789 81.678294 16.849300 81.154655 3.713510 0.125000 43.396653 
150.553497 27.576872 128.032543 25.282551 4.594190 0.125000 26.689219 
123.372279 14.191398 104.326491 10.906232 4.714767 0.125000 2.519176 
72.573155 139.373502 72.949706 0.621132 4.038330 0.125000 187.977335 
160.817543 26.853633 159.807639 76.833226 5.201001 0.125000 95.085853 
103.780607 80.602717 103.310910 93.131969 3.841022 0.125000 0.614840 
128.123898 75.377588 155.628920 75.255058 1.372494 0.125000 9.195484 
14.407515 67.954924 53.122418 66.789255 3.184012 0.125000 12.297783 
53.125145 69.312516 33.122344 69.265952 2.526182 0.125000 5.664267 
31.845650 86.401658 51.923470 85.156695 2.108408 0.125000 14.614024 
18.082850 84.720127 30.699983 86.261029 2.178494 0.125000 2.510782 
126.073947 10.638319 126.371464 0.610061 1.545999 0.125000 1.970764 
123.882468 0.617169 123.683468 13.133879 1.448551 0.125000 4.680034 
104.049796 76.875902 104.108286 16.874740 3.754872 0.125000 91.179934 
30.625631 79.418623 51.871185 79.111297 1.376429 0.125000 3.776944 
55.164902 68.124359 55.179111 85.625362 3.757103 0.125000 12.321533 
28.116085 88.192650 10.590992 85.883049 1.729254 0.125000 5.219043 
161.366131 0.614469 161.055301 15.633905 1.534231 0.125000 8.292394 
53.142882 87.180289 31.892572 88.425004 1.613322 0.125000 3.403198 
79.488676 107.732745 98.184296 106.724439 3.169553 0.125000 6.119189 
70.007640 0.623668 69.824262 85.625969 2.505387 0.125000 113.050833 
101.845050 110.227728 80.621438 111.827753 3.551450 0.125000 12.898161 
105.387263 88.841637 174.548612 85.003015 9.290725 0.125000 170.709557 
103.913457 0.448396 106.018581 9.846811 4.605891 0.125000 0.434640 
50.629456 75.922832 30.615235 76.222252 1.530336 0.125000 9.195484 
106.877875 24.367228 119.500065 29.036951 2.602328 0.062500 2.034583 
122.121479 93.130337 122.294333 125.629418 3.816430 0.125000 29.897934 
126.785141 111.879084 125.875392 91.863619 1.816279 0.125000 12.807844 
159.302052 90.564192 161.047626 124.353167 5.509264 0.125000 49.618810 
38.738709 0.618960 38.204690 56.875756 1.605897 0.125000 42.609814 
14.711392 27.362226 23.048297 0.217532 8.176515 0.125000 91.076261 
85.305780 55.614820 84.109846 93.116544 1.647789 0.125000 18.883306 
96.948463 114.890340 78.047971 117.584642 1.592946 0.062500 1.909151 
15.888006 41.904561 17.877201 24.206652 3.447300 0.125000 16.200067 
16.181295 54.338878 16.830431 41.872679 2.626621 0.125000 4.336995 
