92.923954 65.656182 93.444824 48.134507 6.358668 0.125000 12.000505 
72.199384 48.117494 72.306708 70.628901 3.833388 0.125000 27.263089 
94.374883 46.901935 116.879873 46.999363 3.787845 0.125000 26.408166 
72.111414 23.120668 72.009859 46.880919 2.601488 0.125000 17.143730 
72.915077 71.643746 70.636984 98.339362 9.007235 0.125000 38.513745 
108.112502 25.792736 93.010073 24.667488 1.775212 0.125000 0.797908 
85.635629 21.619053 74.360187 21.739614 2.606774 0.125000 6.486214 
112.113974 44.466842 110.506591 26.772206 4.073876 0.125000 12.105041 
119.149060 51.867578 119.312260 74.384515 2.635828 0.125000 14.486264 
94.279792 106.879623 92.636032 73.027351 6.060771 0.125000 35.375108 
116.951971 74.762839 95.316434 72.831285 6.336395 0.125000 45.114425 
105.655995 51.676758 117.019097 53.453359 2.276904 0.125000 1.697763 
145.576221 76.061026 133.092618 74.664454 2.206554 0.125000 2.576231 
108.254311 19.605522 96.853913 19.975874 6.246705 0.125000 12.898161 
99.442927 44.375217 99.490866 29.375370 1.281953 0.062500 2.873854 
71.015304 99.323567 71.417145 121.905391 11.048058 0.125000 54.965033 
89.391403 79.785621 74.372711 79.492130 1.493987 0.062500 0.616176 
117.024921 50.932585 105.664709 49.125386 2.272572 0.062500 1.407712 
74.353566 26.361984 84.417763 26.654691 2.498943 0.125000 3.776944 
81.923600 29.512019 74.328915 29.180385 2.770276 0.125000 1.697763 
110.371577 120.591950 113.340470 97.827062 5.119665 0.125000 26.888049 
1.859616 73.892444 29.358017 74.102135 6.383262 0.125000 43.441263 
134.335686 77.316608 145.607634 78.320077 1.688441 0.031250 4.552599 
160.126446 78.354139 163.129018 68.507388 4.782593 0.125000 9.378608 
87.079268 128.053372 88.959950 100.596571 9.412905 0.125000 31.296024 
74.354435 65.754764 82.057174 66.975488 7.603211 0.125000 3.141359 
120.950726 45.629014 121.212729 24.366839 1.511739 0.125000 11.001664 
22.082320 81.522058 6.980397 80.424620 6.595951 0.125000 16.193513 
106.889268 99.211611 105.038040 113.212668 5.120709 0.125000 3.662453 
85.489650 91.852704 87.159427 81.715946 2.060421 0.125000 1.067674 
130.603447 72.159213 144.369078 73.203098 1.908058 0.125000 2.576231 
85.150953 101.608462 82.582764 94.131885 3.582650 0.125000 0.050694 
45.625000 25.625000 45.625000 0.625000 1.250000 0.125000 6.486214 
150.625000 0.625000 150.625000 19.375000 1.250000 0.125000 2.873854 
151.875000 48.125000 151.875000 21.875000 1.250000 0.125000 8.292394 
153.125000 49.375000 153.125000 63.125000 1.250000 0.062500 0.616176 
