94.296370 36.869698 94.106798 84.373930 5.039866 0.125000 59.676294 
135.719549 35.622466 136.524671 65.667884 4.083495 0.125000 58.157315 
131.842386 35.643932 95.584210 34.712015 5.480108 0.125000 39.859721 
111.287417 83.106522 112.702381 38.111710 3.905306 0.125000 39.839297 
153.298071 10.610172 152.438474 0.576725 6.653990 0.125000 3.369347 
136.950090 66.861711 137.138365 85.634895 3.762347 0.125000 29.245104 
132.675376 74.377838 132.438667 36.879332 3.663130 0.125000 27.684643 
163.802378 0.361441 162.360349 10.333673 6.021899 0.125000 8.275987 
132.931489 0.624386 132.925454 39.374774 11.255256 0.125000 141.809830 
114.861043 38.120810 114.669055 73.126613 1.441935 0.125000 14.614024 
137.101913 85.624803 137.112778 98.125880 2.508690 0.125000 4.232717 
98.866979 14.451814 97.061236 31.894280 3.259025 0.125000 5.882676 
134.382772 86.061158 115.622546 85.882009 1.417050 0.125000 0.820776 
168.002157 76.876052 167.349174 0.620940 4.135190 0.125000 79.054240 
116.860143 75.240574 125.629015 75.391084 1.378527 0.015625 0.170563 
156.514690 83.130545 156.647183 61.873580 2.601235 0.125000 14.541222 
91.899347 83.520674 0.603718 82.464386 7.204041 0.125000 166.836937 
110.621661 86.102634 93.122516 85.980295 2.596065 0.125000 8.509122 
21.377331 38.132453 21.748934 0.623751 2.797076 0.125000 38.181838 
114.552820 24.392307 115.419906 15.483379 3.490189 0.125000 3.370729 
132.602677 84.393598 132.523707 76.868193 3.098561 0.125000 1.067674 
115.628662 4.258886 104.350458 3.903219 2.616958 0.125000 0.797908 
5.072923 0.518867 4.114873 16.786062 4.257950 0.125000 21.498652 
82.000047 41.050979 73.261592 39.724901 3.034330 0.062500 0.275019 
84.035830 23.162581 83.366484 39.384964 4.159067 0.125000 8.712693 
0.621313 78.600840 91.885205 79.308059 2.499925 0.125000 108.223433 
30.615971 10.939627 40.615040 10.843111 2.560209 0.125000 1.697763 
94.486611 88.122753 94.469328 96.877654 2.517269 0.125000 2.873854 
60.625960 45.677584 50.606482 45.860464 3.863434 0.125000 9.642303 
89.171284 71.855766 90.235139 60.588190 3.193926 0.125000 5.962107 
1.294481 15.624416 1.281398 0.624427 1.263083 0.062500 2.873854 
47.941322 37.405263 36.736756 33.524098 3.589708 0.125000 7.653196 
62.128713 26.870851 62.414849 44.366171 5.101537 0.125000 12.593266 
139.359287 85.089912 154.379505 85.420041 1.496902 0.125000 0.164584 
94.373619 21.856857 84.431257 22.613863 3.928976 0.125000 2.036308 
33.543704 30.663120 34.115696 43.136891 2.101413 0.125000 0.218275 
41.841202 101.695466 91.872216 102.169061 10.401840 0.125000 109.166476 
136.653572 102.994722 137.647729 110.843775 3.720277 0.125000 1.720471 
0.605741 100.431298 41.884177 100.776004 7.572805 0.125000 79.309090 
41.024202 9.758203 37.115385 1.079734 4.558918 0.125000 4.480242 
152.827063 59.409465 153.960118 28.109981 3.131457 0.125000 34.993339 
136.946144 110.682710 136.131049 129.342503 3.800978 0.125000 7.673113 
116.963905 82.343057 130.678734 83.902397 2.907632 0.125000 2.036308 
118.253408 19.383975 117.377913 31.910150 1.682727 0.031250 0.525569 
167.141388 98.199189 167.751487 85.729038 4.234183 0.125000 22.741834 
31.925607 0.335385 29.368490 10.925263 3.310364 0.125000 0.664633 
96.832745 100.052291 109.381524 100.327414 3.776498 0.125000 2.246834 
93.270980 33.120539 93.002702 24.340542 3.786427 0.125000 3.403198 
116.872350 100.349566 124.383681 100.277303 2.572035 0.125000 1.067674 
139.352743 100.130909 154.413296 100.574348 2.866804 0.125000 6.126021 
122.383026 31.890010 122.863801 15.617283 1.618604 0.125000 9.195484 
87.883154 15.659902 85.711575 0.612506 2.129909 0.125000 0.426994 
