175.338006 18.672285 161.632338 -0.110065 4.857768 0.125000 37.582520 
174.413154 124.307178 0.593070 122.570102 7.025765 0.125000 290.024618 
11.762289 102.048934 36.750004 99.431642 7.068544 0.125000 30.406237 
145.216559 26.858982 143.842198 61.903127 3.649150 0.125000 50.599658 
98.141273 119.937012 174.378187 121.740275 3.157782 0.125000 82.416506 
99.597644 103.166679 96.263275 120.978485 4.375984 0.125000 18.200964 
110.456145 100.306187 101.554900 105.020625 5.654114 0.125000 4.057129 
143.430860 0.595025 142.675088 24.400401 3.212710 0.125000 35.507777 
99.292949 26.316552 138.115611 25.275033 6.650022 0.125000 44.948597 
143.706892 65.642617 142.988527 89.370868 2.990593 0.125000 23.963988 
124.905887 91.302553 111.727970 96.502381 10.005977 0.125000 12.043499 
145.618657 62.378377 174.379841 62.740774 1.612127 0.125000 27.257284 
35.745538 98.633094 46.957602 95.973185 5.379950 0.125000 0.532358 
40.856529 94.332811 39.232991 85.423101 3.669000 0.125000 0.426994 
138.583417 24.363528 138.927800 0.600404 4.093763 0.125000 57.059254 
43.035624 88.932080 58.115777 89.587280 5.266580 0.125000 6.123218 
0.615817 100.025429 9.378013 99.981925 7.518526 0.125000 4.503683 
101.884858 108.983685 174.401817 110.810481 4.368831 0.125000 114.555314 
138.147355 91.002860 174.437592 91.933060 6.055769 0.125000 47.029893 
174.409495 65.864142 145.607723 64.881302 3.010112 0.125000 34.656173 
167.158580 97.649478 126.810278 93.804111 6.931636 0.125000 60.255031 
59.546821 0.597590 58.719502 33.140114 3.102786 0.125000 42.596452 
59.342453 84.672507 136.860743 86.302884 5.959490 0.125000 129.021077 
111.572068 65.744829 109.995713 78.203537 2.794040 0.125000 6.985969 
71.614493 28.107009 85.793262 25.193996 6.155489 0.125000 2.156200 
93.068816 26.344659 98.275232 25.793096 2.617775 0.031250 0.983154 
40.570455 65.633349 40.780085 35.617353 5.087175 0.125000 20.188221 
87.611584 61.572936 91.841897 71.888575 2.105086 0.125000 0.820776 
40.795436 34.427240 41.672786 10.571591 4.023111 0.125000 8.844660 
48.129506 95.853363 58.125614 95.656134 2.598147 0.125000 0.820776 
39.869498 84.348659 40.480420 66.826377 4.096166 0.125000 4.705434 
145.622708 84.480680 174.386289 85.104467 2.743330 0.125000 30.869644 
60.617842 26.721796 70.654335 26.252896 2.497276 0.125000 1.697763 
121.299142 76.448302 126.658932 69.214898 2.008665 0.125000 0.164584 
41.265527 8.134669 41.379282 0.598649 2.499715 0.125000 1.067674 
44.232036 105.096324 55.660390 102.005870 3.392231 0.125000 2.249350 
149.354314 102.723091 123.045336 104.077199 4.736383 0.125000 19.258290 
