123.694029 48.199643 150.083146 36.863618 6.243988 0.125000 36.763748 
95.610221 49.054701 123.109351 47.785844 2.727806 0.125000 23.097763 
146.902130 23.810339 160.729428 23.262963 5.997886 0.125000 15.291999 
95.595589 26.429261 146.951911 23.040613 3.919253 0.125000 41.925018 
86.869108 9.285046 64.383695 10.757755 2.761640 0.125000 9.284128 
93.775245 62.012193 84.013417 67.273400 5.673274 0.125000 2.720074 
92.687428 40.614347 92.810194 64.383082 7.570918 0.125000 26.121154 
147.827283 36.594606 149.800636 25.702111 8.164187 0.125000 8.929101 
104.388912 74.320200 124.668592 79.468516 9.748748 0.125000 16.445627 
85.408495 67.234192 68.085669 68.986092 5.603495 0.125000 34.410704 
0.618343 77.223088 58.121217 78.322810 3.073178 0.125000 89.570493 
123.691962 71.958385 124.727629 49.391183 9.313854 0.125000 40.051384 
164.941567 52.649393 153.422504 69.201923 11.064096 0.125000 39.640693 
155.522486 86.896340 96.869446 84.511601 7.341465 0.125000 103.390639 
162.081770 24.489987 164.425877 45.757169 5.380745 0.125000 22.378424 
154.294211 69.021958 155.801305 79.349271 9.560811 0.125000 24.220883 
65.190459 66.940586 64.111928 39.239239 7.056643 0.125000 57.942967 
65.613797 82.343606 0.591193 80.789067 4.221794 0.125000 92.784163 
59.306169 77.230629 74.464148 80.164398 4.869300 0.125000 3.307159 
143.193373 27.215741 95.620080 29.260542 3.639185 0.125000 52.240892 
174.607972 66.443182 166.709461 62.181830 4.487360 0.125000 2.249350 
62.665289 9.388685 62.401726 0.534899 6.321621 0.125000 18.013092 
91.777550 9.241668 90.381677 23.348302 7.204331 0.125000 29.844582 
118.132123 3.202174 133.119826 1.818940 1.933966 0.125000 4.680034 
61.884486 31.902254 62.264167 14.356372 5.350387 0.125000 29.004996 
104.425178 51.083134 96.878796 51.909660 3.022083 0.062500 0.966439 
121.877265 50.724291 105.607216 51.095470 1.534771 0.007812 9.051988 
164.480562 84.738013 152.431945 88.241689 5.848230 0.125000 0.272083 
64.425764 14.285352 86.937364 13.300487 5.268393 0.125000 43.816112 
65.584358 37.266882 88.132426 37.825017 3.934443 0.125000 22.582372 
169.765355 61.909756 171.431503 43.196809 5.202014 0.125000 7.806069 
158.093058 6.480853 95.698929 11.537258 2.627091 0.125000 46.614069 
172.298885 0.545434 173.196592 19.431014 4.220574 0.125000 38.094364 
173.273725 25.579505 173.885591 44.390919 2.661224 0.125000 17.323294 
133.052538 6.095803 159.423212 3.643429 2.054851 0.125000 14.541222 
173.867893 49.337133 174.506636 61.868290 1.502911 0.062500 2.873854 
67.992828 0.589444 68.233673 8.161303 2.737174 0.125000 5.583124 
167.896644 23.254291 165.896379 0.382626 6.287840 0.125000 46.065647 
143.138651 32.154428 101.865026 34.170842 2.590417 0.125000 26.818236 
160.604877 71.976170 174.394436 71.734630 5.108692 0.125000 20.493157 
98.088497 8.839707 118.080767 7.476366 1.898898 0.125000 6.829207 
157.222678 89.299593 157.816896 101.889542 6.419845 0.125000 8.695560 
0.625000 58.125000 49.375000 58.125000 1.250000 0.125000 24.548014 
119.380781 56.489229 98.116824 56.170549 1.549563 0.125000 14.081748 
74.245151 8.145704 74.384581 0.602073 2.615073 0.125000 2.873854 
93.076808 66.456584 111.723416 64.308909 5.253215 0.125000 9.973546 
161.784201 80.066494 174.395037 81.722407 2.378534 0.125000 5.219043 
80.624812 75.621108 104.440026 74.468111 4.350083 0.125000 18.496364 
49.375618 56.129478 0.624160 56.189195 1.308182 0.125000 23.644924 
75.603934 81.193210 91.877021 80.690400 1.558239 0.125000 1.970764 
79.443617 6.890041 79.363651 0.609230 2.579365 0.125000 2.873854 
170.717576 41.871132 169.935628 23.153800 1.614138 0.125000 3.456020 
101.890672 32.138201 118.157428 31.169601 1.250000 0.125000 0.164584 
126.548292 101.908251 125.502534 91.633027 5.227433 0.125000 8.896623 
86.472522 61.868793 86.408441 53.119262 3.786518 0.125000 8.292394 
88.118442 40.541820 66.901770 42.214546 1.344378 0.125000 5.583124 
98.125000 44.375000 119.375000 44.375000 1.250000 0.125000 4.680034 
146.859501 96.990516 130.567364 94.804564 2.810248 0.125000 5.301648 
