68.357244 58.131789 67.973571 0.617671 3.808286 0.125000 111.865344 
11.980107 24.974799 0.343391 45.465070 4.790697 0.125000 45.248766 
0.579131 13.188768 12.964743 22.097795 5.358599 0.125000 18.200964 
95.056565 24.472972 93.949691 32.173227 5.652853 0.125000 0.731012 
115.691888 4.779441 125.626878 3.136355 6.166240 0.125000 2.319990 
79.841799 88.143138 80.813627 63.132329 6.196753 0.125000 29.107472 
170.626235 3.081878 153.104806 2.579960 1.714793 0.125000 4.336995 
163.102380 35.582593 174.392677 35.384985 3.815050 0.125000 4.480242 
108.157223 41.020018 123.182991 41.586317 4.076880 0.125000 15.391931 
94.017446 32.612918 97.808870 40.872535 6.015460 0.125000 4.057129 
79.501446 61.428133 70.631123 61.974428 7.793169 0.125000 2.267805 
126.830459 3.835171 136.869368 4.464798 3.820891 0.125000 3.508045 
155.577364 5.552307 174.448201 6.315857 5.400200 0.125000 12.463164 
130.187621 40.883515 144.467303 34.584240 4.709301 0.125000 8.712693 
174.436868 91.064963 81.852394 89.334468 9.040508 0.125000 353.918732 
71.327039 64.360091 70.680415 88.126508 2.771049 0.125000 20.844003 
144.162929 34.899110 154.463999 36.130465 5.315633 0.125000 2.089640 
122.000423 16.517587 100.472898 19.542545 4.603485 0.125000 14.670612 
138.127571 1.843031 128.091946 1.036069 1.847112 0.125000 0.164584 
139.513795 13.888397 122.903790 16.908310 2.906878 0.125000 12.933632 
174.441066 13.170817 155.612548 14.130777 2.624053 0.125000 17.323294 
174.378212 23.173463 151.894138 24.663743 1.366298 0.125000 2.510782 
1.280280 0.607328 0.945185 11.884514 1.546461 0.031250 3.866347 
0.605325 64.962836 49.384356 66.595452 2.456787 0.125000 50.208063 
69.427848 89.848085 36.992897 87.641783 8.161364 0.125000 48.571910 
46.851953 68.870682 0.607494 67.441402 2.189884 0.125000 37.910273 
49.382099 65.631870 67.170198 30.149645 7.819131 0.125000 101.711828 
48.125228 81.910101 68.124385 81.780262 1.266204 0.125000 0.820776 
140.623616 68.257743 88.116292 67.710451 1.445356 0.125000 26.354194 
86.102850 19.435240 87.693128 6.820556 1.865562 0.125000 4.680034 
93.118834 64.737280 171.867295 66.077657 2.329453 0.125000 32.924560 
87.808708 56.961405 85.803659 20.615144 3.331196 0.125000 26.888049 
83.103752 82.313202 99.376103 83.102244 1.732861 0.125000 3.370729 
0.623994 80.673907 43.131725 81.547959 1.815077 0.125000 27.321409 
43.395110 81.453402 47.806563 71.200179 7.063065 0.125000 6.512397 
68.131690 104.223633 41.877729 103.063256 1.855913 0.125000 18.226384 
135.625000 61.875000 105.625000 61.875000 1.250000 0.125000 8.756152 
24.375000 83.125000 8.125000 83.125000 1.250000 0.125000 1.067674 
