74.706671 59.372472 74.258761 0.606831 3.749891 0.125000 110.971640 
138.907723 2.125679 152.431814 6.336768 5.438555 0.125000 5.078000 
30.872209 32.490475 17.189225 54.114778 5.001022 0.125000 25.447035 
7.543784 19.974783 30.633378 28.101196 4.999687 0.125000 27.684643 
83.369385 80.634173 84.027066 63.111941 4.028669 0.125000 30.139265 
14.489575 52.602698 0.062775 49.437969 5.033492 0.125000 16.423266 
93.306506 20.601086 93.025634 33.150752 5.082655 0.125000 5.983381 
131.898024 17.519148 104.390248 16.473769 2.783014 0.125000 7.337580 
93.080442 0.617576 93.100492 10.625049 4.379999 0.125000 0.149785 
0.321527 15.366457 8.018906 16.408613 4.283959 0.125000 0.218275 
110.617406 19.744641 121.877351 19.647510 5.042944 0.125000 4.341659 
166.868037 20.621983 174.437645 3.152144 4.434827 0.125000 7.963887 
144.235996 43.175751 153.012965 42.158423 5.110670 0.125000 2.486513 
94.400672 39.750157 96.501554 46.606407 5.146820 0.125000 0.664633 
139.364588 21.094396 155.606597 21.454659 2.832018 0.125000 2.847294 
76.835728 64.356817 77.079999 80.621921 2.668652 0.125000 14.686571 
114.345628 1.077447 138.157572 2.623264 4.470913 0.125000 29.004996 
104.388697 46.563212 115.671835 47.058887 3.856107 0.125000 12.304394 
165.757968 37.190171 161.795784 23.147351 3.084933 0.125000 0.294986 
156.887229 18.514254 138.123257 18.247657 1.445213 0.125000 0.820776 
119.972887 46.320537 133.426266 41.458633 4.376453 0.125000 8.488164 
109.544081 7.237146 116.180963 4.138477 4.001723 0.125000 0.883796 
174.412081 83.936648 85.567669 81.985349 6.235618 0.125000 186.580524 
83.269314 61.287935 76.867148 61.770920 6.420358 0.125000 0.923527 
107.911731 0.506495 100.068706 14.621317 4.128348 0.125000 5.682535 
127.058047 27.065109 99.213490 30.604338 3.131406 0.125000 20.673413 
163.555804 6.152689 159.289839 19.740702 6.642523 0.125000 8.929101 
104.731825 14.606100 109.832332 6.730763 3.767199 0.125000 0.426994 
174.502023 28.018089 165.447125 29.024296 5.383574 0.125000 1.036501 
154.317050 27.234947 139.294217 27.641748 5.370365 0.125000 19.604676 
160.517382 21.175361 174.467268 23.903138 3.920183 0.125000 8.739380 
75.665207 82.237260 44.309684 80.817138 6.069439 0.125000 56.165502 
17.168290 9.360964 17.003008 20.626878 1.396559 0.007812 1.624540 
160.761417 31.198081 144.538039 35.059918 2.490212 0.125000 1.454630 
16.866279 63.458284 55.622452 64.472373 2.001584 0.125000 29.683823 
57.184032 63.906659 72.968899 32.423453 6.147341 0.125000 86.983274 
156.843280 0.324645 144.350601 1.643965 1.636925 0.125000 0.164584 
68.604656 64.394145 69.304030 46.872167 2.597717 0.125000 15.517114 
53.123341 66.924972 16.871794 65.721594 2.037264 0.125000 27.027597 
88.532826 55.628374 88.392616 20.628936 2.585109 0.125000 11.363855 
0.616412 76.099339 45.624290 76.914198 1.702341 0.125000 36.288184 
174.375000 119.375000 129.375000 119.375000 1.250000 0.125000 21.838744 
50.090863 76.275371 56.592837 69.118651 5.381861 0.125000 5.091660 
108.130009 66.318699 88.120376 66.138522 1.407523 0.125000 12.304394 
100.609116 63.750936 135.618291 64.639356 1.344730 0.125000 11.184171 
13.194797 78.664671 0.582432 80.295862 2.041328 0.125000 3.456020 
125.625000 128.125000 108.125000 128.125000 1.250000 0.125000 1.970764 
164.375000 93.125000 143.125000 93.125000 1.250000 0.125000 4.680034 
13.118601 112.897167 31.888902 112.369999 1.635527 0.125000 5.096624 
60.625000 111.875000 80.625000 111.875000 1.250000 0.125000 3.776944 
