26.099052 0.359119 31.327897 9.681854 3.057382 0.125000 1.034919 
28.454875 7.999971 32.654285 19.079636 4.995843 0.125000 5.101639 
23.124536 79.341406 61.901669 78.805795 3.870491 0.125000 34.294728 
63.125000 44.375000 63.125000 81.875000 1.250000 0.125000 12.058439 
25.318771 44.702697 38.446693 40.343877 2.471734 0.125000 3.370729 
59.581300 83.055825 20.687100 86.356716 6.121907 0.125000 45.830742 
38.189491 48.053732 51.968103 60.522113 5.871014 0.125000 20.042958 
6.284482 50.547743 22.368692 41.502923 3.132782 0.125000 7.475045 
48.010169 95.955517 0.317369 101.911728 4.498985 0.125000 50.092747 
35.175507 49.382906 24.660873 56.074217 3.834813 0.125000 4.864122 
130.585447 88.564535 110.522940 86.759151 1.929778 0.125000 1.855669 
50.255086 61.109092 56.032862 77.177805 5.696212 0.125000 33.374216 
85.624507 81.554088 138.126303 81.473448 3.788394 0.125000 42.910315 
139.353286 81.119684 174.396195 80.112254 1.960157 0.125000 23.884372 
153.123017 88.329865 131.875007 88.124234 1.334617 0.125000 4.680034 
68.117825 81.307062 84.379175 81.478116 1.420856 0.125000 0.820776 
114.364599 85.915693 151.861319 87.257356 1.250000 0.125000 15.517114 
22.004292 58.122128 22.448322 78.112265 1.527279 0.125000 5.583124 
138.125000 84.375000 115.625000 84.375000 1.250000 0.125000 5.583124 
70.625000 31.875000 70.625000 0.625000 1.250000 0.125000 11.904754 
62.773788 0.609635 63.286875 30.622233 1.250000 0.125000 6.829207 
24.375000 106.875000 6.875000 106.875000 1.250000 0.125000 1.970764 
73.125000 6.875000 73.125000 33.125000 1.250000 0.125000 8.292394 
76.875000 65.625000 109.375000 65.625000 1.250000 0.125000 12.807844 
