0.612094 86.178170 51.913950 85.228006 4.027125 0.125000 58.612546 
20.157063 11.775217 27.483398 22.717657 3.477178 0.125000 6.126021 
0.322287 33.481851 18.299202 27.388979 3.591293 0.125000 16.311590 
53.281922 55.627414 52.762528 89.388654 1.288308 0.125000 13.710934 
48.622050 89.956491 0.164921 97.772708 9.554168 0.125000 92.050637 
5.353567 12.799150 8.225915 21.425163 2.766869 0.125000 3.776944 
17.774347 33.428070 16.737423 40.781858 7.252004 0.125000 3.294530 
125.617290 98.211048 158.080664 101.119809 2.043806 0.125000 16.190856 
14.764167 43.715712 2.027626 52.106670 3.438436 0.125000 11.948253 
17.332393 42.531879 36.523248 57.331132 5.259583 0.125000 45.158486 
68.125904 89.429745 174.388210 87.674933 2.219893 0.125000 80.734927 
50.625000 81.875000 50.625000 53.125000 1.250000 0.125000 7.870688 
158.146323 101.058904 174.385237 101.483191 1.674005 0.125000 10.098574 
119.375105 92.471535 174.375104 92.480374 1.257433 0.125000 13.137834 
149.219195 103.095105 117.999422 99.108399 2.533390 0.125000 24.830979 
174.396951 103.834551 149.387439 102.818752 2.092110 0.125000 17.323294 
174.375665 94.519508 120.621049 94.767022 1.497477 0.125000 27.257284 
34.626187 57.203498 43.416096 83.446182 7.134626 0.125000 55.034383 
64.375000 40.625000 64.375000 0.625000 1.250000 0.125000 17.323294 
174.373718 90.419358 128.125516 90.707769 1.288951 0.125000 21.838744 
4.375000 53.125000 4.375000 76.875000 1.250000 0.125000 6.486214 
68.115893 67.440182 130.621462 66.608938 1.332999 0.125000 26.747503 
128.125000 64.375000 110.625000 64.375000 1.250000 0.125000 1.970764 
66.578020 0.626410 66.661093 18.126015 1.297457 0.125000 1.970764 
