136.861323 14.270725 166.676314 10.360172 4.083664 0.125000 58.865434 
129.412868 16.976718 137.226054 14.067964 3.950476 0.125000 0.883796 
171.556864 8.059903 173.130310 0.370311 6.151418 0.125000 3.521151 
114.093334 92.793314 92.849236 96.576456 4.871948 0.125000 38.786274 
93.129288 96.548608 73.116320 96.285698 5.114507 0.125000 27.410457 
133.096613 92.615639 108.035125 94.012333 3.465968 0.125000 12.593266 
56.915006 95.186841 41.812646 93.807914 3.285257 0.125000 4.304398 
73.426393 89.395527 74.077005 0.604498 9.024537 0.125000 274.042630 
174.758146 106.147586 146.616002 102.806658 8.122104 0.125000 48.405804 
86.834597 111.137419 54.363557 112.916094 3.539279 0.125000 22.706994 
13.009366 60.247272 51.903929 59.157679 7.742085 0.125000 51.602281 
50.609825 45.133772 0.580339 46.679284 3.786809 0.125000 48.028551 
52.933450 0.543216 55.062867 93.195377 8.187326 0.125000 278.677858 
136.740252 90.760020 127.989268 82.010759 3.536056 0.125000 1.198571 
115.673730 0.596340 113.644078 85.667207 7.676753 0.125000 181.176873 
126.410985 0.192107 129.224119 13.422857 7.336011 0.125000 11.101521 
8.567127 100.277714 0.139005 102.008692 8.319619 0.125000 16.311590 
40.629284 94.679191 4.376114 94.779130 6.325786 0.125000 90.216280 
145.620445 27.846749 168.134874 27.478219 2.704245 0.125000 8.084162 
53.286267 106.657292 7.316561 101.606297 6.622183 0.125000 87.462571 
126.882374 84.375297 129.560679 17.981217 7.472703 0.125000 115.866849 
158.669313 49.646550 167.390484 43.356579 4.952460 0.125000 1.349337 
15.655412 99.046307 36.954387 101.016993 1.820505 0.125000 6.985969 
71.070779 95.552126 73.191194 108.522871 6.168123 0.125000 8.384587 
96.359371 0.505520 94.910845 21.911261 4.247810 0.125000 31.550228 
163.324675 15.621594 134.122575 20.299084 6.075207 0.125000 48.062208 
89.845823 40.647916 91.796955 0.560362 3.077121 0.125000 44.384717 
59.475707 124.938062 174.388248 141.784634 2.408693 0.125000 82.553826 
86.373491 0.621464 86.188333 26.878972 3.776350 0.125000 15.241215 
83.121980 103.429929 110.619283 103.702247 1.460377 0.125000 10.529091 
174.488007 120.815196 116.843696 114.668573 2.801107 0.125000 42.253640 
81.946200 92.370721 104.519145 89.128590 2.467920 0.125000 8.739380 
64.467933 0.471380 62.943137 24.363393 3.742386 0.125000 10.476738 
54.251505 100.652174 55.678719 107.138234 3.633178 0.125000 1.697763 
108.162935 113.886703 88.089866 112.327242 1.536704 0.125000 7.389304 
88.076152 141.055403 58.177534 137.662118 2.061169 0.125000 11.219093 
159.451378 23.767379 141.902220 25.853940 1.831589 0.125000 6.486214 
0.569010 117.333748 15.649494 119.174307 1.724398 0.125000 5.583124 
40.613206 133.238245 68.075711 136.098277 1.761191 0.125000 3.851484 
29.399833 121.593444 51.944950 123.581919 1.501922 0.125000 7.389304 
140.447046 141.732781 73.274840 130.942232 4.252680 0.125000 56.948165 
110.624070 100.885219 89.374342 100.809315 2.535704 0.125000 1.783865 
140.430305 35.602904 138.297605 54.394589 2.906933 0.125000 11.925485 
94.889431 23.096394 93.965315 46.859068 2.060936 0.125000 6.126021 
101.005014 21.880606 101.318688 0.616794 1.507988 0.125000 8.509122 
138.288710 55.613917 139.647932 75.691147 2.728259 0.125000 10.390293 
86.280358 28.082157 85.467544 39.363656 1.516251 0.062500 0.616176 
46.240259 35.566058 47.160920 25.651551 2.373713 0.125000 1.970764 
