74.018885 8.060287 75.112193 23.162125 3.379177 0.125000 15.564217 
89.042135 20.586144 87.425047 34.439208 3.434849 0.125000 8.533210 
74.337536 27.859742 76.971665 39.900761 6.220168 0.125000 11.021859 
74.278113 0.440807 73.324346 7.415092 6.192364 0.125000 5.301648 
121.527761 19.314710 119.979826 28.230014 2.463148 0.062500 0.293299 
75.051308 45.598531 76.129783 73.154166 2.889169 0.125000 19.847676 
120.167916 40.626695 120.279131 70.626282 2.541689 0.125000 20.451231 
113.177551 71.203829 96.871368 70.757793 2.284219 0.125000 0.434640 
110.421559 43.222880 109.399030 28.039202 4.581422 0.125000 27.912643 
87.124789 41.897967 87.755910 69.383475 2.671510 0.125000 20.504031 
84.887399 38.128030 84.961362 25.621075 2.536917 0.125000 8.292394 
148.963227 34.375944 148.885870 0.623256 3.781503 0.125000 30.083379 
67.245885 35.285646 76.160601 45.028664 3.688859 0.125000 4.864122 
88.124756 84.183235 108.124724 84.157793 1.273850 0.125000 3.776944 
22.182450 87.077659 0.324223 91.703872 3.409907 0.125000 24.995467 
42.041266 26.873514 41.806528 0.614438 3.883934 0.125000 37.034701 
144.525349 0.624323 144.587266 14.379671 2.556240 0.125000 5.096564 
83.030746 25.490160 82.113286 0.616211 8.928350 0.125000 42.420495 
118.358713 66.859763 116.562866 39.313856 2.792445 0.125000 14.491747 
42.186198 54.374000 42.105894 29.374258 2.568246 0.125000 17.058749 
95.038677 69.419370 91.812360 26.785147 5.646007 0.125000 54.965033 
124.165104 13.126223 124.179804 0.623301 2.514695 0.125000 2.560371 
97.653844 28.120192 97.746479 43.127337 2.584826 0.125000 11.904754 
156.877660 54.375145 157.628880 40.597948 3.391665 0.125000 3.274964 
125.751252 69.439272 124.530964 24.370777 6.586040 0.125000 72.384681 
46.692757 83.126884 46.421342 56.866769 2.745325 0.125000 19.641228 
108.125214 86.119387 88.124676 86.128064 1.258134 0.125000 2.873854 
50.635265 26.762371 68.104078 28.354549 1.698679 0.125000 0.050694 
68.677486 73.126203 68.707420 59.373547 2.527201 0.125000 10.098574 
97.780613 5.452197 106.611985 0.184086 5.800685 0.125000 8.084162 
72.467035 59.335356 71.707563 71.940227 2.321549 0.125000 3.456020 
87.578532 6.926705 88.761840 19.433015 2.959865 0.125000 0.426994 
86.888389 86.207157 48.128907 85.430125 1.450184 0.125000 7.917544 
171.614217 35.614767 172.303665 18.043725 3.747117 0.125000 19.641228 
60.603603 29.590066 44.266587 27.964668 2.611472 0.125000 2.249350 
110.856669 123.149775 110.004164 88.109693 5.424160 0.125000 104.019933 
63.285984 59.280968 62.675864 74.457448 4.393426 0.125000 16.190856 
44.373370 31.640790 61.875331 31.668871 3.774062 0.125000 17.040467 
96.873726 20.048660 113.126409 20.012740 1.285911 0.125000 2.873854 
126.872500 11.773466 141.863409 11.404313 2.776191 0.125000 11.001664 
57.487570 40.626540 57.566093 73.126350 1.325500 0.125000 21.725979 
173.526985 4.670587 166.999625 13.547490 2.985617 0.125000 0.883796 
137.532418 70.606639 137.078928 54.369305 1.633385 0.125000 5.583124 
0.128898 96.240285 22.155924 90.442242 5.217428 0.125000 18.364339 
86.450129 88.106736 84.617358 130.742884 6.351600 0.125000 114.251070 
80.603817 63.123165 82.243637 44.190397 5.138221 0.125000 17.991916 
114.430435 31.862780 114.236673 70.624309 3.756202 0.125000 26.562385 
75.176427 74.144789 73.921726 83.402397 5.794101 0.125000 2.402083 
87.164322 74.144598 85.191454 82.370604 4.862121 0.125000 7.697740 
103.668853 46.871889 103.575214 68.126983 1.343604 0.125000 2.576231 
170.636767 75.417768 158.106190 74.706280 2.921146 0.125000 3.370729 
165.641395 33.614867 150.621422 33.290913 1.546203 0.125000 1.067674 
101.140989 69.380922 101.399347 46.869541 1.493783 0.125000 16.442587 
159.654390 0.272340 168.072408 6.941384 3.715580 0.125000 0.149785 
106.979106 80.096453 100.604611 79.723325 6.458450 0.125000 1.702576 
44.373442 43.053008 55.626729 43.067892 2.514877 0.125000 6.486214 
170.649240 83.572855 158.118294 84.251097 1.721078 0.125000 3.776944 
92.451588 111.890857 93.106145 88.090105 2.808330 0.125000 28.160374 
110.250929 4.836263 121.175704 13.695931 6.298767 0.125000 13.088432 
96.931283 88.091902 97.597563 114.388364 2.784151 0.125000 30.869644 
102.332990 144.705712 111.387927 120.600704 13.459895 0.125000 101.025509 
159.372030 83.559399 140.622906 83.431213 3.767004 0.125000 2.986018 
36.200689 0.622720 36.398756 50.626886 1.443088 0.125000 52.543804 
124.772215 83.027741 125.773374 74.249361 4.150774 0.125000 6.829207 
55.687175 38.078500 44.338310 38.664806 2.883620 0.125000 10.098574 
75.269138 88.048354 74.248685 109.428632 4.875129 0.125000 41.416722 
86.041664 127.018128 88.895941 143.636661 10.452874 0.125000 65.486148 
117.441092 81.895176 117.709648 74.360196 1.516346 0.062500 2.873854 
36.649550 71.867099 36.210468 84.395519 1.555705 0.125000 2.873854 
0.595663 81.620155 19.384470 79.457261 1.813603 0.125000 10.098574 
108.133615 12.547606 93.118307 12.323575 1.454991 0.125000 7.389304 
124.663727 104.405529 124.145640 88.092585 2.935210 0.125000 23.644924 
46.500640 101.883145 46.201032 88.112467 1.494412 0.125000 4.680034 
119.808156 88.094216 120.521546 98.132352 1.689913 0.125000 1.067674 
0.264407 101.946999 15.728566 97.213335 3.317525 0.125000 10.285789 
23.374413 26.458398 3.142464 14.345830 1.488792 0.125000 1.034919 
