174.514071 111.637107 156.818162 109.983101 3.268413 0.125000 21.838744 
159.453923 110.437464 10.671993 102.269050 3.196167 0.125000 108.168596 
39.311820 100.556184 174.460044 107.785039 4.391978 0.125000 152.507384 
141.955403 43.086291 142.538934 63.142052 4.039245 0.125000 18.513886 
141.611858 3.126595 141.854417 43.132704 3.939398 0.125000 40.108573 
44.430616 90.942592 89.578390 83.036450 3.137706 0.125000 59.329382 
174.416703 87.348729 138.204063 85.403300 2.831681 0.125000 11.343139 
174.426678 7.716890 146.877024 9.407974 4.607683 0.125000 26.532014 
174.405067 75.328309 156.863097 74.987296 2.718185 0.125000 9.366697 
99.025831 84.867310 44.163474 94.408746 4.711877 0.125000 76.567709 
150.535292 27.878093 148.513489 59.319602 7.885611 0.125000 51.044432 
156.850352 15.250112 174.438691 14.093729 2.986656 0.125000 12.811411 
148.132751 84.162601 174.393395 85.120924 1.659439 0.125000 14.614024 
143.488201 88.122422 143.470101 103.126924 3.768092 0.125000 23.644924 
174.436005 17.885480 154.358254 19.097626 3.215884 0.125000 22.991712 
136.437774 68.162649 137.249342 50.642340 2.902202 0.125000 12.777654 
151.272181 111.198410 158.245806 143.636485 8.554548 0.125000 92.429014 
154.375037 88.102884 154.508112 103.145938 5.121436 0.125000 38.194039 
143.052819 111.824016 144.410012 143.177593 5.427784 0.125000 37.770258 
145.154966 66.638297 171.929138 70.220339 7.180913 0.125000 27.819300 
0.614750 100.748921 8.123657 100.804943 2.555885 0.125000 0.164584 
9.399038 99.052158 38.175649 101.194752 3.514045 0.125000 21.698959 
98.097049 83.938653 129.395994 85.013863 1.726041 0.125000 14.686571 
152.727816 58.723566 163.993921 66.199296 6.239616 0.125000 9.867370 
90.625000 0.625000 90.625000 38.125000 1.250000 0.125000 16.420204 
