106.915364 41.197295 124.416468 39.962954 2.581748 0.125000 8.509122 
174.391433 75.825799 160.625232 75.610188 2.715025 0.125000 8.509122 
71.890831 42.522582 91.878886 42.033958 2.651994 0.125000 14.081748 
90.624029 39.388252 80.495269 38.646498 4.105169 0.125000 1.198571 
161.877031 38.542715 174.376735 38.481939 1.310762 0.062500 0.465614 
134.342545 0.154557 85.651809 3.513607 3.526430 0.125000 35.530268 
95.662410 73.441195 70.652472 72.439250 3.098443 0.125000 22.147897 
158.125640 40.641359 126.874557 41.863678 2.177266 0.125000 25.670416 
125.637924 39.741296 159.390010 38.550406 2.366215 0.125000 12.334838 
72.077213 0.221153 88.572760 8.480764 4.474060 0.125000 13.121880 
128.118690 74.601925 108.134143 74.046196 2.950738 0.125000 13.956256 
89.193919 7.919512 108.270702 5.546117 3.264160 0.125000 18.013092 
113.252355 5.355611 122.016865 4.217337 6.680916 0.125000 4.824161 
174.451349 35.530522 161.841218 36.363713 3.071443 0.125000 6.799042 
160.791255 74.375160 160.793285 40.624935 5.001805 0.125000 83.190395 
138.061091 1.986902 155.646026 0.999433 5.622877 0.125000 14.491747 
92.976140 43.112565 93.301082 71.887127 2.810369 0.125000 48.949632 
60.638911 38.557162 23.217926 39.761760 5.118063 0.125000 37.113219 
161.787006 34.376216 161.804018 0.624964 6.253149 0.125000 60.853073 
0.452372 9.583641 28.171733 7.495306 6.138431 0.125000 28.201148 
122.776170 5.622158 122.562210 31.880600 5.050759 0.125000 26.472287 
48.754634 54.287414 49.867053 78.160318 5.460051 0.125000 26.726663 
97.185133 70.671592 96.598600 43.104285 3.775741 0.125000 48.052778 
127.024375 3.950854 139.566249 1.682366 2.800199 0.125000 3.403198 
157.478956 0.611310 157.055344 20.602334 2.817219 0.125000 12.933632 
39.269454 44.457254 42.166027 48.174045 4.230557 0.125000 0.164584 
91.883396 84.163974 51.847305 82.571105 3.902802 0.125000 37.673731 
0.517822 29.316797 57.003142 24.689094 5.064355 0.125000 73.256866 
70.625719 77.654891 96.875696 77.630703 5.014971 0.125000 42.535576 
59.841783 23.115748 59.679207 36.878594 3.867857 0.125000 10.285789 
122.273583 45.497698 123.433852 71.916334 5.104876 0.125000 33.672074 
40.642764 79.433494 3.098774 79.943178 8.935842 0.125000 59.314892 
109.375749 78.185078 128.138414 77.951224 2.640012 0.125000 20.315323 
127.137767 35.618218 126.363204 5.605948 6.505916 0.125000 31.631803 
34.198890 49.633978 38.990515 54.826274 6.288537 0.125000 0.731012 
79.507877 39.295666 70.597016 38.404961 6.467663 0.125000 2.720074 
70.983222 79.331687 69.300262 16.843347 7.593865 0.125000 114.432280 
105.440152 28.124663 105.351245 76.876780 2.588899 0.125000 52.332758 
29.195313 7.826618 68.146058 3.306458 3.525737 0.125000 41.820163 
38.893841 55.961266 43.970020 67.176787 4.231309 0.125000 6.467797 
11.729963 39.377145 12.247482 74.369491 2.980332 0.125000 48.447225 
170.124980 20.665071 169.655246 29.456760 5.259645 0.125000 8.509122 
72.821055 26.601199 99.234804 34.825274 3.580464 0.125000 21.297394 
166.920444 81.761204 174.495337 82.013610 6.454676 0.125000 16.420204 
129.377880 78.048785 158.134048 79.135593 1.957239 0.125000 22.741834 
5.350639 71.886935 3.934799 39.339773 3.149539 0.125000 38.786274 
162.168204 116.858680 160.218314 81.828059 3.952616 0.125000 44.273365 
128.058339 49.376899 128.699665 71.894235 2.783686 0.125000 27.257284 
60.403777 73.125225 60.370744 40.623988 2.531761 0.125000 34.612635 
19.559781 73.107917 16.663361 41.779001 5.784287 0.125000 57.411872 
0.806480 44.369888 1.581472 71.883268 1.953420 0.125000 15.391931 
48.194482 10.959395 63.071631 7.868153 2.241056 0.125000 1.653093 
130.599026 47.756256 148.100239 46.523484 1.510405 0.031250 0.964265 
93.727247 86.860047 94.038186 99.383363 1.528853 0.125000 1.697763 
15.636030 18.387330 3.105624 18.914171 1.616466 0.125000 1.697763 
101.231397 33.177441 100.514904 24.383971 2.171283 0.125000 0.164584 
156.906460 75.233801 135.693131 73.527817 1.847189 0.125000 5.301648 
123.555968 81.857964 124.297950 100.628046 1.693390 0.125000 2.036308 
164.275503 2.866024 174.548447 3.897406 4.480460 0.062500 3.857961 
