94.412446 62.149359 133.105448 63.634424 3.699300 0.125000 38.164739 
39.342810 59.448922 81.878449 60.483138 4.052729 0.125000 56.295079 
136.293023 12.929419 95.333036 21.772691 5.748301 0.125000 74.010087 
81.834529 68.617961 39.517127 65.143802 3.858177 0.125000 51.924356 
134.379363 69.578079 85.625014 70.625649 5.186812 0.125000 57.264031 
138.126013 62.037703 154.383168 61.936444 4.390474 0.125000 2.319990 
174.498323 85.842562 136.937001 81.355938 3.982044 0.125000 19.613444 
81.920901 19.106684 43.233881 12.488526 4.361175 0.125000 53.799967 
21.884443 89.649186 0.616619 90.381655 1.808582 0.125000 11.184171 
46.885154 93.490298 8.120970 93.733970 5.015616 0.125000 38.901624 
85.607496 62.784366 98.138640 62.140443 2.000001 0.125000 0.218275 
99.369640 5.662774 136.651121 10.952793 4.950413 0.125000 62.931282 
44.366508 6.196449 28.119053 6.399788 3.749706 0.125000 0.532358 
31.832899 100.852631 39.531917 102.276579 5.918435 0.125000 0.731012 
155.365532 67.341122 152.638223 81.291065 10.506163 0.125000 27.794034 
37.461187 66.796718 35.985128 55.743838 7.764928 0.125000 13.088432 
46.866880 105.538650 29.403761 107.180849 1.478572 0.125000 2.873854 
159.393532 81.466328 174.419318 82.147703 2.950439 0.125000 17.323294 
0.354445 93.882712 14.349299 91.709493 3.130158 0.062500 2.480025 
39.857020 102.201105 53.226861 105.165611 1.702265 0.125000 2.873854 
16.661555 104.075903 27.701951 102.554683 7.215231 0.125000 10.033387 
86.642788 21.922545 84.484231 68.130103 4.188828 0.125000 40.133672 
0.624992 66.875219 34.372949 68.178133 2.068862 0.125000 22.608456 
99.826340 22.763694 95.769543 59.801573 9.514579 0.125000 142.641467 
48.097051 68.964532 65.619246 69.547857 1.332488 0.125000 1.067674 
93.057775 19.475443 93.736063 3.047011 6.554072 0.125000 19.027907 
83.889973 71.865478 83.546067 89.383266 1.593250 0.125000 11.416468 
44.325863 83.988333 65.719992 85.205989 5.418097 0.125000 4.529519 
140.999097 24.117994 139.099013 58.318009 9.845921 0.125000 154.737185 
28.126925 107.438206 8.127159 107.506577 2.542717 0.125000 11.948253 
0.482488 86.417576 33.068472 83.697746 5.398559 0.125000 38.540971 
78.049084 89.101193 76.680192 70.732673 13.208610 0.125000 37.806231 
69.392927 72.925230 46.850121 70.902234 2.825173 0.125000 12.171350 
126.747988 123.431772 157.401248 136.123075 4.141530 0.125000 49.459636 
76.886415 58.235808 78.497290 21.725970 11.569657 0.125000 120.859635 
135.653063 1.533253 124.376455 0.607277 1.757303 0.125000 0.164584 
95.611892 72.443582 93.799960 82.449917 9.946337 0.125000 40.829675 
73.117326 109.409307 118.369553 119.531728 2.824856 0.125000 38.490199 
80.274131 0.351493 48.044199 7.774153 3.181862 0.125000 21.492224 
129.302877 60.924800 131.925034 17.823856 10.242452 0.125000 212.101107 
29.386441 70.108197 0.622865 69.471434 1.747673 0.125000 20.032564 
23.099176 97.501715 41.868745 96.724040 1.662901 0.125000 2.510782 
83.699581 0.478151 82.365371 17.971729 6.326961 0.125000 33.256839 
146.624598 136.302550 115.878280 124.939660 4.001733 0.125000 34.605983 
132.208497 88.049917 133.445815 72.946475 8.516661 0.125000 15.077265 
70.809473 110.664073 41.967133 106.270217 2.201199 0.125000 9.284128 
54.231502 105.161332 73.039482 108.593614 2.127321 0.125000 7.697740 
142.011029 79.657291 142.893727 75.323310 4.422956 0.062500 0.293299 
118.903654 120.191538 130.589202 126.937014 2.790076 0.125000 5.096624 
47.470114 15.508215 43.897872 35.539914 7.030729 0.125000 26.000249 
97.901136 10.006608 109.287219 8.642371 4.964492 0.125000 11.964570 
157.427997 136.839842 167.649261 142.704190 4.336891 0.125000 8.614963 
37.370938 20.758750 40.707759 8.385979 8.448162 0.125000 11.670842 
94.281010 111.054595 74.411658 106.707450 2.175068 0.125000 7.653196 
100.617303 83.816372 109.382862 83.695595 1.370432 0.125000 0.164584 
43.357067 71.475027 41.458135 82.242382 7.240513 0.125000 20.493157 
157.791989 142.656086 145.861748 137.569702 4.599427 0.125000 7.695231 
25.714602 39.969703 15.568261 41.498413 3.894379 0.125000 0.149785 
39.099811 30.441152 37.192734 20.329327 3.916700 0.125000 6.799042 
59.369694 8.095846 79.168899 4.492532 2.348873 0.125000 3.274964 
32.870493 82.010471 33.489737 71.746180 6.313933 0.125000 26.563777 
66.897182 91.219644 49.374936 91.873276 1.621902 0.125000 6.486214 
42.717059 45.665194 43.850895 57.172959 6.219882 0.125000 0.632889 
71.270705 20.790682 61.771694 57.810709 7.511494 0.125000 66.248212 
155.250470 85.051508 149.152318 89.034023 4.186338 0.125000 0.883796 
119.275882 60.752417 121.098590 44.289041 2.897470 0.125000 3.782874 
159.625555 33.146654 162.450597 0.458684 6.442048 0.125000 66.816102 
90.613723 119.467244 76.915625 117.792681 1.392444 0.125000 0.164584 
