156.881916 63.513162 123.120362 64.114690 5.511363 0.125000 32.690950 
126.871305 6.846988 155.777901 3.034224 6.850166 0.125000 34.869307 
155.014477 18.404099 137.120693 11.259645 4.877423 0.125000 10.476738 
136.751227 11.010331 126.958577 7.864808 4.717168 0.125000 1.036501 
115.500239 32.391444 130.601479 33.458022 5.163708 0.125000 16.720712 
50.323490 100.627938 49.824136 49.382804 7.487464 0.125000 137.652107 
150.549595 81.512182 132.778058 85.205653 6.167159 0.125000 11.291299 
135.573489 76.984666 143.110028 77.270188 7.589268 0.125000 4.341659 
48.119254 48.476721 20.626591 48.027599 5.101420 0.125000 36.880878 
82.798739 23.022859 93.366177 26.026487 7.720649 0.125000 12.054691 
133.647206 83.853500 52.619688 97.659273 9.857933 0.125000 204.975052 
159.463485 6.919839 161.589116 61.982546 9.076399 0.125000 129.490117 
93.203574 27.789985 110.902666 31.941125 7.722195 0.125000 1.588075 
79.490505 6.916621 79.751486 21.868428 9.976662 0.125000 22.263659 
121.883756 78.745644 136.915629 78.954781 7.516664 0.125000 10.212579 
145.339234 40.196447 152.078228 42.540813 5.133112 0.125000 1.034919 
48.146212 103.828583 0.576393 105.262745 4.614675 0.125000 45.583391 
159.330655 73.725646 174.430960 72.694442 4.081944 0.125000 4.634728 
136.820089 39.729824 144.522510 40.921825 5.132351 0.125000 4.339063 
19.417214 48.679396 0.586035 50.113271 2.777499 0.125000 19.129474 
95.716605 8.686342 85.727087 7.357539 3.552434 0.125000 1.034919 
24.491909 50.622812 25.427238 100.605309 6.903751 0.125000 143.563396 
120.578192 22.171878 130.912543 23.801253 3.898919 0.125000 2.249350 
145.786444 73.823225 149.322024 66.848147 6.689673 0.125000 6.467797 
0.610902 52.710788 21.878809 51.986903 2.583595 0.125000 16.442587 
128.131409 9.345194 109.439282 5.326039 2.273140 0.125000 2.847294 
100.498044 4.503048 106.774702 10.726161 3.550646 0.125000 1.720471 
129.398970 13.568438 109.342387 12.972391 2.907342 0.125000 2.651501 
103.178115 20.485858 111.899425 20.661381 3.849849 0.125000 0.218275 
56.998753 52.094929 111.956391 58.697535 2.977713 0.125000 31.656384 
0.608780 59.571036 20.678235 61.231603 2.697634 0.125000 20.935654 
37.725844 56.882174 38.512317 100.640505 5.673075 0.125000 118.744276 
129.366465 103.086979 115.741855 106.145541 2.165496 0.125000 0.050694 
44.784482 58.232786 40.656018 59.477852 3.951203 0.062500 0.616176 
54.399474 124.752406 74.396441 123.455622 1.328271 0.125000 4.680034 
60.167157 33.094877 58.929463 0.546875 4.948890 0.125000 28.925321 
92.383067 101.779948 77.012755 105.027067 5.012696 0.125000 18.906105 
158.862368 87.776919 163.047107 111.669709 5.015390 0.125000 14.796742 
139.433114 58.848806 154.388746 60.500538 2.347673 0.125000 1.855669 
11.968255 132.390097 0.637048 134.441546 1.675375 0.031250 2.457839 
106.940988 96.119586 96.952026 97.452319 3.139285 0.062500 0.850453 
20.737146 126.002339 46.904789 118.225230 1.554311 0.125000 3.048414 
81.978099 113.570096 54.229661 119.997548 1.692437 0.125000 3.521151 
18.125000 64.375000 0.625000 64.375000 1.250000 0.031250 5.995755 
8.164482 96.093602 0.612772 96.729874 1.665376 0.062500 0.465614 
68.125000 63.125000 83.125000 63.125000 1.250000 0.125000 0.164584 
16.875000 55.625000 0.625000 55.625000 1.250000 0.125000 0.164584 
