87.949039 -0.126161 101.271519 18.922838 5.429629 0.125000 26.888049 
99.235614 77.506500 66.666890 70.317860 3.551870 0.125000 47.567257 
57.004477 -0.910208 67.649099 8.654626 5.578698 0.125000 8.442135 
94.096491 20.035098 79.572420 13.907093 4.660363 0.125000 12.688468 
99.289939 12.754858 108.437820 13.639235 5.980429 0.125000 0.891631 
117.090928 7.330316 130.788676 0.834326 6.602002 0.125000 15.409125 
82.093768 40.578423 85.257306 55.437150 4.708993 0.125000 4.746480 
117.019635 28.763904 96.959934 24.016147 9.155358 0.125000 37.308684 
120.117051 20.757806 116.818022 8.139897 4.219776 0.125000 1.269599 
49.336940 73.120508 47.462720 89.001806 5.405045 0.125000 11.075185 
27.450094 18.131934 27.397853 31.881736 3.783218 0.125000 3.012505 
68.221536 70.111064 52.991683 72.108489 3.128964 0.125000 17.323294 
124.294047 38.409136 120.703731 21.591338 4.450281 0.125000 17.380123 
53.240806 25.197557 81.917822 32.966945 3.821504 0.125000 30.234216 
148.146844 92.009907 135.651638 91.765138 2.646410 0.125000 1.454630 
160.490699 37.072352 174.491243 35.286110 3.270885 0.125000 0.294986 
48.063876 92.204199 25.579974 93.696710 3.907354 0.125000 26.408166 
72.955073 11.556002 69.598113 0.189918 6.484707 0.125000 16.561053 
109.375547 91.961283 89.368425 92.088161 2.563365 0.125000 13.809694 
133.438180 91.128461 117.004314 88.550617 4.552182 0.125000 2.965374 
24.425621 93.722640 0.528523 91.868311 5.855358 0.125000 23.122621 
80.652477 28.032488 54.142208 20.158796 3.464206 0.125000 28.961490 
50.006016 25.018626 44.121596 42.216005 5.913408 0.125000 11.670842 
24.174096 0.449468 26.141324 12.206904 7.195709 0.125000 15.497817 
132.528141 81.610911 125.743945 64.832327 4.191980 0.125000 3.653403 
174.486735 92.420094 153.021079 91.193197 4.777866 0.125000 23.896917 
77.702114 54.477993 79.905216 36.785372 3.093920 0.125000 9.711716 
83.096640 90.368378 93.112456 89.261494 2.622178 0.062500 0.805318 
69.387577 94.010659 49.368283 93.319578 3.877143 0.125000 10.033387 
51.039133 38.212148 53.412137 26.935423 3.218634 0.125000 5.096624 
88.154384 92.111337 71.845658 94.139000 1.703124 0.125000 1.653093 
158.112610 29.146770 136.857392 30.300639 1.504019 0.125000 3.370729 
132.652235 71.204640 143.015166 83.219731 3.916415 0.125000 7.405795 
138.140511 2.018885 146.923199 1.072118 2.619572 0.125000 0.820776 
163.168320 12.167424 148.086089 11.485119 2.214991 0.125000 0.883796 
113.642452 63.708126 107.663566 69.013649 2.910189 0.062500 0.805318 
156.764188 33.281523 130.530253 35.940052 2.596634 0.125000 6.434302 
154.331037 87.464922 174.405855 88.960965 3.329156 0.125000 16.190856 
153.061372 1.134349 159.522841 1.941511 2.325774 0.062500 1.669734 
30.123799 13.040072 32.252567 0.477167 4.532632 0.125000 7.475045 
137.767345 50.603615 138.217872 69.402731 4.048404 0.125000 17.979779 
128.012595 34.996161 149.254206 31.199227 2.371783 0.125000 1.783865 
87.129293 35.333595 96.663583 36.906511 5.136785 0.125000 3.521151 
26.845006 31.874286 25.922889 70.632087 3.511089 0.125000 39.321352 
72.677329 15.423903 53.059187 9.596563 6.086260 0.125000 9.566393 
168.024249 8.200984 153.110351 7.067790 3.208927 0.125000 2.486513 
161.811421 15.917393 129.288800 18.076681 2.913667 0.125000 12.872920 
127.892329 21.695189 151.822292 17.801101 2.639160 0.125000 2.651501 
125.497426 27.669556 140.704789 23.409851 1.877987 0.125000 0.883796 
148.206585 24.868443 130.568726 27.784644 1.854803 0.125000 1.034919 
133.076907 11.599620 146.843632 9.195383 3.322913 0.125000 0.434640 
141.854980 23.263431 158.122216 22.970445 1.762045 0.062500 1.785718 
144.383334 20.659759 126.700984 24.899194 2.381291 0.125000 6.009503 
126.510888 31.721693 144.426426 27.073198 2.017171 0.125000 0.149785 
136.788554 7.929551 122.976229 14.038637 1.771150 0.125000 0.050694 
128.060313 63.121877 128.785619 48.096549 2.497092 0.125000 6.829207 
41.309891 39.408335 40.566416 26.804720 3.560143 0.125000 0.731012 
169.425285 33.128809 169.385590 20.624966 2.515860 0.015625 2.807656 
76.767502 0.262775 78.516616 11.815709 4.569427 0.125000 7.098330 
65.753685 72.941826 71.702258 77.120885 3.787031 0.125000 0.797908 
164.478513 53.377546 150.622047 54.332141 2.408178 0.125000 3.403198 
69.313222 79.615182 58.158187 76.745974 2.070408 0.125000 1.970764 
125.947751 49.220034 123.610337 63.206112 3.702088 0.125000 2.089640 
106.849238 35.712746 90.875213 31.022774 2.750886 0.125000 4.480242 
51.704224 80.158532 59.360179 80.801481 4.668640 0.125000 3.370729 
118.607139 76.301084 127.547828 83.812039 8.154657 0.125000 6.081018 
96.958654 62.326456 109.085903 55.421764 10.997631 0.125000 31.351377 
90.615330 48.513147 99.379782 48.564881 6.249891 0.125000 2.402083 
82.008835 69.927129 90.273246 67.923855 7.288920 0.062500 0.497931 
29.752499 79.381182 30.059819 60.615744 2.745285 0.125000 1.036501 
