30.341866 0.730524 33.357708 8.822394 3.871721 0.062500 1.005729 
38.651941 25.096545 49.293053 35.707182 3.550740 0.125000 2.835356 
26.856089 79.566406 63.139171 78.918221 3.905693 0.125000 43.490280 
36.383515 17.833394 39.056527 24.786325 4.127696 0.125000 0.883796 
26.639884 47.384570 40.933284 42.845854 2.324135 0.125000 1.855669 
40.660025 49.336181 54.456718 61.784430 5.770853 0.125000 13.190779 
63.283358 82.841885 20.643768 85.887738 5.788797 0.125000 39.878354 
38.327085 50.962034 28.215061 57.025202 3.429719 0.125000 6.799042 
31.348914 96.330746 0.166101 101.719531 6.416996 0.125000 49.683587 
30.747616 37.068821 41.605894 30.199620 4.117565 0.125000 2.089640 
50.549545 94.787159 31.838727 96.472224 3.286408 0.125000 16.275264 
75.623539 81.782291 174.388408 80.225818 2.460296 0.125000 118.548984 
18.137689 46.893789 30.780742 38.355617 2.125625 0.125000 4.232717 
52.845588 61.960955 57.493376 77.069307 5.421932 0.125000 26.408166 
151.841805 87.880440 109.346856 86.477456 2.197992 0.125000 32.507550 
118.125000 85.625000 150.625000 85.625000 1.250000 0.125000 12.807844 
0.709917 52.159991 14.707039 47.989363 2.293189 0.125000 1.034919 
25.519935 58.128208 26.129984 78.109582 1.478293 0.125000 3.776944 
61.875000 30.625000 61.875000 0.625000 1.250000 0.125000 11.001664 
71.875000 40.625000 71.875000 0.625000 1.250000 0.125000 17.323294 
133.135630 84.252490 120.621389 83.166613 1.785611 0.125000 1.970764 
64.375000 0.625000 64.375000 30.625000 1.250000 0.125000 11.001664 
74.375000 11.875000 74.375000 31.875000 1.250000 0.125000 3.776944 
94.375000 64.375000 78.125000 64.375000 1.250000 0.125000 1.067674 
