46.875576 89.221069 108.129394 89.450156 2.705680 0.125000 48.033358 
68.341394 0.592549 66.966714 44.377879 4.375762 0.125000 45.534643 
140.630483 93.094063 48.122793 92.893655 3.782487 0.125000 170.699323 
71.879860 16.874921 72.365578 46.867055 3.850713 0.125000 30.107196 
110.622068 89.123700 146.881716 88.700719 3.385228 0.125000 27.125627 
102.951292 23.754283 111.202748 26.032018 6.150186 0.125000 2.536664 
149.513001 86.875242 149.664002 0.625506 6.282817 0.125000 163.039630 
115.373409 25.747949 114.783643 0.556904 9.244966 0.125000 42.470385 
92.135845 0.599788 91.895977 21.903385 5.224858 0.125000 57.025014 
0.556508 38.310814 45.852689 55.007297 2.713914 0.125000 34.755664 
168.123955 24.374997 168.188211 4.375203 2.512035 0.125000 0.614840 
86.218578 40.837375 84.812507 28.215512 8.284253 0.125000 15.993536 
158.554979 10.199071 166.970514 5.808057 3.999407 0.062500 0.234390 
123.052530 0.589381 120.763002 85.595050 3.180813 0.125000 60.110461 
126.781375 70.827514 143.124616 71.880951 2.816440 0.125000 5.301648 
86.905282 26.890050 87.214160 0.614293 2.617372 0.125000 25.258669 
102.430534 0.606731 101.871050 21.874896 1.709767 0.125000 9.195484 
86.135476 71.892367 86.345328 50.619775 2.573861 0.125000 20.935654 
174.053484 15.695118 170.760477 0.595455 3.287103 0.125000 2.246834 
174.106975 70.622074 173.946833 16.872551 1.410137 0.125000 24.777277 
152.857223 26.362174 164.774241 20.139596 4.000906 0.125000 1.349337 
80.425669 35.679982 81.671951 11.864374 4.463436 0.125000 44.364386 
102.403166 26.891495 101.036960 70.637866 2.732894 0.125000 38.291523 
57.751643 28.124953 57.755096 0.624797 3.751726 0.125000 25.999241 
45.825331 52.592809 0.640430 35.584008 2.353076 0.125000 41.909364 
141.910232 74.701122 126.836816 74.126306 2.831618 0.125000 8.533210 
132.140677 24.386289 133.150294 0.626075 2.151013 0.125000 2.089640 
98.445830 69.384034 99.677704 25.633523 2.939327 0.125000 42.535576 
70.024214 95.332867 66.599661 117.028843 10.657271 0.125000 55.480451 
99.971705 21.882860 100.251784 0.620084 1.513315 0.125000 12.807844 
62.226069 61.851179 63.848905 0.611059 2.466010 0.125000 76.927233 
74.384486 46.785162 84.404753 47.843226 3.235528 0.125000 1.720471 
129.243384 26.733391 130.684826 38.117425 2.169239 0.125000 0.820776 
172.276395 43.071542 171.565557 54.355506 2.259289 0.125000 2.873854 
115.751877 84.302411 89.403859 85.211463 6.935907 0.125000 24.678145 
170.338007 5.648538 171.262864 16.925204 1.450169 0.062500 1.669734 
99.402035 72.915883 88.094731 73.209564 3.943465 0.125000 13.192832 
119.394297 74.001630 101.812054 73.092920 4.132111 0.125000 16.423266 
103.132708 70.162420 119.378197 70.433111 1.458079 0.125000 0.164584 
166.097025 21.861030 166.392734 31.852278 2.572865 0.125000 3.776944 
153.125000 30.625000 153.125000 45.625000 1.250000 0.125000 0.164584 
153.016309 51.872637 152.662596 68.142123 2.689597 0.125000 3.048414 
89.776823 40.635717 89.043006 68.149484 2.899032 0.125000 30.918972 
154.308416 47.110698 165.673553 46.364636 2.985910 0.125000 1.229414 
118.716749 69.356440 119.774272 31.851012 2.499007 0.125000 18.096445 
116.078727 126.329667 112.470070 115.850536 9.048073 0.125000 11.418727 
82.817064 128.126929 82.644628 100.604515 7.570336 0.125000 47.776725 
165.134900 66.853547 165.574178 56.818060 2.880251 0.125000 0.883796 
169.392952 74.647832 151.875900 74.326022 2.637339 0.125000 7.917544 
48.027852 59.751195 60.654229 63.011816 2.187817 0.125000 2.510782 
160.536578 91.280041 141.646494 94.087471 4.394412 0.125000 3.033181 
61.326485 0.609108 59.587465 60.631156 2.281745 0.125000 70.605603 
49.931996 0.610585 49.593580 16.879547 1.483694 0.125000 0.820776 
113.398390 115.640565 113.461684 104.362859 10.013873 0.125000 20.339004 
116.037892 143.597960 112.046898 125.986257 11.686532 0.125000 7.564893 
94.353557 99.925964 108.131336 100.462192 1.589345 0.125000 3.776944 
72.369457 50.617062 72.610512 65.633259 1.470539 0.125000 6.985969 
64.128007 64.392448 65.006642 76.830380 2.317621 0.125000 0.797908 
131.875000 61.875000 131.875000 39.375000 1.250000 0.125000 5.583124 
127.484893 43.105229 128.297093 68.159943 2.660688 0.125000 14.776697 
79.741835 134.439716 80.886616 127.950633 3.266130 0.125000 1.970764 
148.532106 105.658833 149.271440 96.762512 3.319167 0.125000 0.050694 
