130.079885 33.120442 129.463298 106.865287 2.573070 0.125000 90.354478 
14.408775 93.267279 128.091202 96.733491 4.205400 0.125000 134.027186 
127.896703 94.375029 127.888492 29.374714 2.508211 0.125000 24.564401 
125.745054 100.173782 110.525243 102.461263 4.265701 0.125000 12.171350 
61.244897 0.070871 55.419834 6.694572 4.155598 0.125000 3.370729 
163.089759 107.668221 174.428448 108.171976 2.553016 0.125000 2.510782 
54.351393 11.849113 35.401487 29.129898 5.541742 0.125000 16.421561 
45.168711 -0.282164 52.602625 6.222043 4.586098 0.125000 5.172956 
108.041713 105.923704 76.703609 108.667395 7.907508 0.125000 65.760187 
131.875000 4.375000 131.875000 25.625000 1.250000 0.125000 4.680034 
57.575622 9.310591 70.358787 16.124431 5.442521 0.125000 31.928121 
131.775158 105.054076 156.901937 106.354547 3.830355 0.125000 31.505821 
76.462477 110.117143 47.822993 116.838076 6.941449 0.125000 52.619694 
159.324864 0.625141 159.486026 58.124689 1.260506 0.125000 29.966554 
72.768263 17.275968 97.896267 39.632093 7.883193 0.125000 70.931546 
45.857350 91.873874 45.524320 23.125488 1.286316 0.125000 38.997454 
43.388077 25.622719 43.962546 91.878576 1.813512 0.125000 78.733413 
47.450446 117.126507 -0.395153 135.463123 8.324509 0.125000 124.059436 
105.675994 51.847566 106.546567 93.131926 6.538496 0.125000 39.732958 
156.767545 66.874088 157.329882 0.618252 1.663699 0.125000 40.803634 
17.559000 39.380029 18.014361 90.625983 1.594262 0.125000 29.683823 
75.639786 105.095242 46.877304 104.292440 1.668022 0.125000 18.226384 
95.699867 39.637363 101.726126 66.629160 6.644567 0.125000 56.587843 
73.125000 91.875000 73.125000 24.375000 1.250000 0.125000 38.094364 
163.063728 59.055155 174.394044 58.612925 2.498098 0.125000 5.583124 
19.375000 90.625000 19.375000 31.875000 1.250000 0.125000 31.772734 
13.095040 59.375739 13.896488 91.886796 1.711696 0.125000 24.548014 
159.375000 70.625000 159.375000 84.375000 1.250000 0.062500 0.616176 
156.875000 90.625000 156.875000 70.625000 1.250000 0.125000 3.776944 
70.625000 21.875000 70.625000 35.625000 1.250000 0.062500 2.873854 
