70.500640 48.086053 69.720965 75.599381 3.996354 0.125000 40.075876 
70.629491 76.666975 43.142301 76.073580 3.937978 0.125000 44.050593 
44.353383 46.572233 69.368881 47.143113 3.012689 0.125000 18.696634 
70.743145 18.124239 70.920218 45.631146 3.814295 0.125000 27.514630 
42.014261 74.394985 42.392308 48.114460 2.859331 0.125000 30.869644 
64.396941 44.391821 44.381037 44.035686 2.521842 0.125000 8.614963 
45.673246 10.945618 25.597567 9.903444 3.079866 0.125000 12.321533 
0.618994 45.073871 9.381576 44.978375 1.331657 0.031250 1.681407 
20.702913 10.749667 0.626064 9.359629 2.791324 0.125000 18.201342 
8.143958 75.981008 0.594338 75.820911 2.499438 0.125000 1.067674 
40.637542 47.756870 14.375438 46.862130 1.972834 0.125000 14.541222 
10.131240 14.382151 10.475155 38.127170 1.521409 0.125000 6.486214 
43.247227 43.150522 43.758944 15.636791 5.185090 0.125000 35.090730 
14.376263 13.104900 70.561431 16.636372 7.406816 0.125000 80.230903 
67.107158 0.570763 66.638681 9.362407 2.829028 0.125000 3.456020 
0.603340 13.476038 9.368646 13.594624 6.333977 0.125000 8.896623 
6.993047 8.576852 17.271230 5.891662 3.682657 0.125000 1.454630 
40.848285 15.637345 40.021526 30.591636 3.606278 0.125000 1.668182 
9.133568 46.878852 9.572529 74.391792 5.099068 0.125000 29.553388 
13.106672 45.073837 39.371389 45.762672 1.544518 0.125000 10.098574 
17.336925 5.443227 23.342618 7.484847 4.511262 0.125000 2.576231 
73.000339 63.123506 73.494780 21.864452 1.414676 0.125000 19.129474 
11.875000 73.125000 11.875000 46.875000 1.250000 0.125000 8.292394 
75.327379 0.575348 74.725162 19.346131 2.659045 0.125000 15.517114 
4.406098 29.365074 0.800675 18.068929 3.572447 0.125000 2.249350 
13.021539 41.850830 12.442066 14.363046 3.986277 0.125000 34.902377 
13.733223 48.122073 13.619170 73.127254 1.364015 0.125000 14.614024 
42.219883 105.637763 41.919805 84.356742 2.746489 0.125000 25.451104 
75.635827 64.788939 174.385454 66.067743 2.046580 0.125000 86.850678 
0.614531 79.149149 13.131635 79.060356 2.499937 0.125000 4.232717 
25.614072 79.673633 69.305569 81.272411 4.661690 0.125000 36.644463 
69.530534 83.122400 69.990460 110.635607 2.729471 0.125000 19.596780 
75.826225 31.881557 74.889029 60.641750 1.615741 0.125000 17.323294 
9.375000 84.375000 9.375000 103.125000 1.250000 0.125000 2.873854 
174.384494 63.740561 76.868920 62.281265 2.013420 0.125000 86.850678 
13.789961 81.862709 13.474417 96.882341 1.512276 0.125000 4.336995 
131.875000 86.875000 86.875000 86.875000 1.250000 0.125000 21.838744 
38.127625 75.590125 29.333361 74.928293 1.621700 0.062500 1.669734 
69.375000 136.875000 51.875000 136.875000 1.250000 0.125000 1.970764 
