146.952184 1.517320 134.437693 2.599793 3.520610 0.125000 15.517114 
160.409903 1.846330 161.137500 28.110802 4.617316 0.125000 41.909364 
163.113427 29.147692 174.461295 28.569933 6.369034 0.125000 5.141086 
135.659012 16.130910 149.347144 15.210665 3.741554 0.125000 13.809694 
174.375217 83.195091 103.122028 83.415908 2.654939 0.125000 38.797233 
150.413346 13.199233 149.900351 3.098319 3.618369 0.125000 6.102063 
126.078395 1.842138 126.706085 34.378259 7.667379 0.125000 64.177513 
143.120515 80.933469 163.134458 81.224432 1.522427 0.125000 4.248691 
151.940195 18.942177 136.836875 20.147123 3.936941 0.125000 11.349210 
137.890570 29.335924 138.518598 45.657952 4.179777 0.125000 6.145961 
120.163858 65.637291 118.429922 0.583555 3.515530 0.125000 91.307194 
154.182647 43.139404 154.424653 4.367508 7.624687 0.125000 86.856394 
174.547813 78.011692 160.391478 76.217237 7.615112 0.125000 12.386097 
141.871720 51.727624 154.374585 51.698273 3.767596 0.125000 6.953153 
158.150479 73.168291 157.660294 59.303045 4.056809 0.125000 20.935654 
157.719558 55.665923 156.695192 45.516982 6.594992 0.125000 3.699353 
136.908480 104.374159 137.602168 131.982360 14.744085 0.125000 89.238815 
154.811219 128.121154 154.953098 98.104099 7.553090 0.125000 49.852843 
101.882891 66.760408 118.141870 67.880005 2.019895 0.125000 6.985969 
164.062126 119.255350 165.376172 143.275378 6.308949 0.125000 51.085275 
153.440587 143.141282 153.113218 124.353425 6.488602 0.125000 10.902746 
8.021742 55.419534 100.605530 64.571955 2.364903 0.125000 80.696950 
140.024950 55.605724 140.543494 73.090346 2.906508 0.125000 12.058439 
96.890110 61.714700 40.668341 56.415199 1.856557 0.125000 28.242380 
169.638171 70.618275 168.679675 33.110825 3.010114 0.125000 50.560360 
137.566364 131.704707 138.583837 143.304047 9.153443 0.125000 26.150267 
135.090042 99.351868 134.705389 108.247389 4.941331 0.125000 2.742210 
172.456095 36.854808 173.630461 70.650872 3.323273 0.125000 42.776318 
103.126013 80.510540 121.874545 80.676401 1.261009 0.125000 1.067674 
125.128247 40.633260 125.668853 73.145056 3.894957 0.125000 32.159369 
136.753076 66.879354 136.216452 51.853877 1.695348 0.125000 3.456020 
113.269725 34.372260 112.701972 4.383009 2.712497 0.125000 20.801514 
115.635931 65.499761 103.122158 64.407567 1.897382 0.125000 3.776944 
115.513233 4.376847 116.504800 64.381118 1.828123 0.125000 24.731049 
120.107885 76.886191 119.945060 69.362663 1.411986 0.125000 0.164584 
25.522467 96.299514 38.069594 94.064023 1.449877 0.062500 1.785718 
38.090450 55.954334 21.887640 54.254512 1.250000 0.125000 1.067674 
160.263891 45.650024 161.907801 69.372727 1.419837 0.125000 8.292394 
