60.463149 56.448140 77.835380 49.861168 5.157342 0.125000 24.921977 
80.535733 38.969315 91.792066 40.159415 4.123494 0.062500 0.201474 
93.475419 36.856252 93.031669 58.149105 3.931499 0.125000 16.094427 
163.800717 8.233583 162.302162 0.307890 4.381404 0.125000 2.680153 
78.551187 50.347940 80.693595 43.977677 4.749756 0.031250 0.802786 
158.703255 66.747141 145.772217 73.410684 3.940054 0.125000 4.341659 
96.826030 68.144370 97.359681 0.618952 5.019601 0.125000 84.169291 
90.122621 62.196364 81.079886 80.885470 8.710922 0.125000 12.407436 
57.021713 74.400633 59.675911 59.209178 6.898338 0.125000 9.545716 
137.836861 78.123744 137.907786 61.857702 6.249941 0.125000 17.229454 
29.324209 53.125589 29.527139 70.623236 5.130127 0.125000 11.418727 
109.322685 77.838844 153.136834 78.874212 5.825455 0.125000 74.152724 
3.283903 16.957440 4.244297 0.544210 3.962648 0.125000 25.670416 
29.326968 68.041080 20.580466 73.047192 5.267358 0.125000 4.557628 
137.632489 61.242965 145.284396 36.385365 5.422819 0.125000 33.076012 
153.119179 82.745076 113.071123 83.358699 5.248369 0.125000 46.058061 
1.438982 73.148926 1.954016 55.627323 2.976371 0.125000 18.201342 
156.695876 16.756174 161.678719 9.244792 3.815930 0.125000 4.232717 
101.593729 0.604559 101.060841 73.109829 5.009052 0.125000 160.990010 
148.215213 33.578777 156.850737 21.000186 5.982874 0.125000 11.215103 
43.297618 79.829789 58.400010 83.108095 9.876682 0.125000 11.224030 
2.360558 40.644074 3.197858 19.328760 4.090560 0.125000 6.073526 
28.141951 18.345902 20.623401 18.222061 2.561421 0.125000 0.164584 
29.999815 0.609506 30.836235 34.338764 7.311767 0.125000 50.947972 
31.873657 56.072440 60.627761 56.024306 2.535568 0.125000 30.869644 
33.124904 35.264739 94.375232 35.248451 2.508975 0.125000 78.733413 
20.463425 72.792023 3.017594 74.572724 4.847227 0.125000 14.703475 
2.156178 55.605615 2.430687 41.886119 2.049541 0.125000 0.218275 
61.901182 87.993859 49.320318 88.288264 4.041406 0.125000 11.948253 
30.603497 36.826074 31.253602 53.149748 6.493764 0.125000 13.921461 
28.140487 42.371252 18.093361 42.164811 2.499472 0.125000 3.776944 
7.871456 3.110030 8.078262 16.875702 2.631157 0.125000 4.248691 
48.153148 88.105947 30.613435 87.909955 3.791667 0.125000 21.498652 
9.251044 55.642650 11.394118 70.693472 3.007717 0.125000 8.533210 
11.887449 16.875499 12.340091 5.593509 2.798654 0.125000 4.232717 
87.972917 56.378795 89.144758 61.923659 5.150411 0.125000 4.336995 
152.733232 13.117537 152.971720 0.598268 2.499547 0.125000 7.389304 
55.790744 60.589425 31.813064 59.539611 6.954810 0.125000 24.425381 
5.612759 21.497063 28.143412 21.813327 3.819809 0.125000 39.900544 
58.110997 16.031027 68.142176 16.376981 1.550846 0.125000 1.970764 
19.119534 16.868998 19.501081 0.627962 3.954471 0.125000 11.349210 
163.077404 18.006466 174.494331 13.422188 4.639926 0.125000 3.586135 
143.125000 36.875000 104.375000 36.875000 1.250000 0.125000 17.323294 
4.257395 43.570646 28.066257 45.221961 4.173456 0.125000 16.468221 
83.976181 90.584893 82.843630 101.846704 4.231484 0.125000 9.378608 
89.370644 3.603474 40.624684 3.159728 2.590925 0.125000 35.075485 
104.375089 14.384864 151.871204 13.955315 1.498646 0.125000 22.741834 
104.374416 55.570243 136.884048 55.223642 1.503124 0.125000 12.807844 
174.774236 103.013558 154.332717 97.019192 5.645706 0.125000 30.377188 
81.050446 91.231178 62.873620 89.471148 10.154929 0.125000 41.883634 
54.376281 37.960919 33.123362 37.985989 2.525064 0.125000 20.935654 
74.376371 21.959254 61.859342 22.162983 2.601216 0.062500 1.438093 
150.628720 16.086829 104.371653 16.459392 1.612387 0.125000 48.347393 
57.354680 103.170368 58.548614 90.546840 3.195092 0.125000 0.434640 
154.304284 117.350657 174.478494 115.508260 3.848142 0.125000 31.928121 
104.373881 34.832134 144.375566 34.775662 1.304705 0.125000 18.226384 
92.999199 75.880164 106.553404 82.562681 8.953520 0.125000 11.966115 
60.644280 22.193745 38.128052 21.727592 1.301479 0.125000 5.583124 
89.375777 21.919325 75.630002 22.160315 1.403188 0.007812 3.073691 
135.628364 57.618334 104.373347 57.759784 1.391413 0.125000 11.904754 
86.812251 77.317930 91.975413 76.916499 2.783159 0.031250 0.983154 
168.414840 123.797988 153.202778 121.384722 5.585248 0.125000 13.088432 
154.397651 89.285244 174.386432 94.329701 2.141061 0.125000 3.048414 
25.661573 80.194415 43.182461 79.412410 4.359360 0.125000 19.736889 
70.624297 19.810018 89.376268 19.840328 1.280305 0.125000 1.970764 
101.882889 88.125684 100.036773 109.432339 3.412296 0.125000 27.027597 
14.968209 6.867979 14.874543 15.630340 1.343457 0.062500 0.465614 
70.624101 1.259790 89.375888 1.232380 1.275579 0.125000 11.416468 
0.625000 0.625000 0.625000 33.125000 1.250000 0.125000 12.807844 
161.867060 79.605255 159.572172 67.067711 8.052618 0.125000 9.917194 
-0.144683 82.022149 14.209081 86.195640 5.652465 0.125000 4.691204 
38.125000 19.375000 55.625000 19.375000 1.250000 0.125000 1.970764 
136.852204 120.653632 137.378230 98.107577 4.098853 0.125000 21.622673 
55.621467 43.224696 39.347608 42.648023 1.470549 0.125000 0.164584 
95.992946 105.636210 96.450662 90.612072 1.630061 0.125000 5.096564 
38.125000 40.625000 55.625000 40.625000 1.250000 0.125000 1.970764 
36.875000 51.875000 51.875000 51.875000 1.250000 0.125000 0.164584 
19.375000 48.125000 5.625000 48.125000 1.250000 0.062500 2.873854 
28.688254 96.911256 29.412155 110.623038 1.577766 0.125000 1.970764 
