60.106945 6.849301 60.636026 21.918501 7.539242 0.125000 15.278426 
113.190863 4.924871 97.960206 6.749197 4.466696 0.125000 0.896461 
132.142088 24.366549 131.841095 59.374708 2.768579 0.125000 44.050593 
123.706278 20.607639 123.108361 0.588164 8.858050 0.125000 17.218083 
75.674884 6.867880 65.542035 6.465797 3.747051 0.125000 5.946800 
70.406854 31.860543 70.967424 71.870202 2.744920 0.125000 26.308242 
132.601357 0.606234 131.928663 19.376923 3.971435 0.125000 13.121880 
97.940603 33.204192 105.979532 34.319421 5.467867 0.125000 4.480242 
109.044540 30.640506 109.232521 4.338247 8.856978 0.125000 47.020697 
125.231286 36.967950 123.076613 27.841316 5.440649 0.125000 1.783865 
117.514822 0.525171 115.828207 31.952988 4.816396 0.125000 16.089658 
68.120208 19.541865 79.396805 19.865691 2.750137 0.125000 0.883796 
53.664735 66.876766 53.499956 0.620959 3.746880 0.125000 47.034315 
90.257655 6.834783 90.730260 31.896587 5.423331 0.125000 52.722605 
60.603177 29.262344 57.598016 63.189043 6.225624 0.125000 32.673815 
81.903067 22.809765 69.376828 23.185879 2.761484 0.125000 5.096624 
125.589525 70.625001 125.588853 38.124975 2.500466 0.125000 34.612635 
86.498338 56.909436 85.570965 46.765661 3.445647 0.125000 5.096564 
84.165144 48.182981 84.637567 19.338355 6.556212 0.125000 47.234938 
86.237907 73.130711 86.377767 58.120367 1.378056 0.125000 4.336995 
113.172650 74.544867 88.075068 75.387134 4.334854 0.125000 44.689301 
115.532050 38.112456 115.667701 50.624537 1.250000 0.031250 4.981064 
141.809630 74.663111 155.640898 75.250940 3.799695 0.125000 0.553250 
128.159187 46.873133 129.660456 74.359409 3.109827 0.125000 10.169903 
174.422274 78.009994 150.614248 77.185448 2.671564 0.125000 22.099308 
96.399020 70.622060 96.615197 35.623395 1.458436 0.125000 11.416468 
96.875000 30.625000 96.875000 9.375000 1.250000 0.125000 4.680034 
115.360401 59.372382 115.199612 75.620791 1.410736 0.125000 1.067674 
73.137011 79.995871 55.619385 80.334755 2.717127 0.125000 6.848509 
163.117580 74.676953 174.391488 74.953973 2.622068 0.125000 5.583124 
73.109136 52.758965 84.377940 52.961194 3.839111 0.125000 4.480242 
99.420067 35.625586 98.964703 70.635922 2.873696 0.125000 36.600481 
143.433988 26.874643 143.403635 0.623233 7.510112 0.125000 25.678364 
86.188422 18.127600 86.145796 6.873028 2.528387 0.125000 0.883796 
109.116706 138.124498 109.126696 108.124085 8.753329 0.125000 75.938880 
84.390734 75.033546 71.897866 75.332031 3.898215 0.125000 0.731012 
99.004805 9.370648 99.109959 30.626311 1.348926 0.125000 4.680034 
91.193192 108.090177 90.610338 119.501938 5.248533 0.125000 11.507462 
82.065359 123.151444 81.950388 113.109825 3.864241 0.125000 10.529091 
90.979915 119.273607 89.907615 141.959260 5.888917 0.125000 27.755130 
81.990813 111.907065 81.600390 98.097424 7.567656 0.125000 12.782652 
147.961019 73.124228 148.178804 26.869368 2.700076 0.125000 80.539593 
141.917706 49.375156 141.995444 28.120869 2.563990 0.125000 14.541222 
67.611201 91.741556 65.709200 116.881370 13.501696 0.125000 72.673375 
126.881167 79.588475 99.368018 80.383336 2.751641 0.125000 9.214542 
49.087974 39.375944 48.968702 3.126337 1.340476 0.125000 14.614024 
51.740945 0.635211 51.157675 64.379874 1.833242 0.125000 29.119350 
39.377486 66.841867 51.900775 67.781451 1.901142 0.125000 2.873854 
67.897584 66.870336 68.179482 53.126117 1.326635 0.015625 4.679098 
81.212814 132.076508 84.039312 123.831411 5.945864 0.125000 1.349337 
161.440296 50.634835 161.168747 73.146637 3.945729 0.125000 34.993339 
69.335897 115.474098 68.580370 121.928305 5.402087 0.125000 5.962107 
151.820142 80.047230 174.475292 81.896026 2.822550 0.125000 25.670416 
113.061340 61.874309 113.291960 40.626812 1.277060 0.125000 4.680034 
125.422659 103.124246 125.501887 81.869882 2.513961 0.125000 4.557628 
153.612187 16.343294 151.056377 7.992967 5.146905 0.125000 0.731012 
174.395884 85.427777 151.883579 83.043981 2.676153 0.125000 7.695231 
129.164713 80.527774 131.746519 108.137015 3.420202 0.125000 17.751826 
54.379142 80.841763 39.360740 81.128739 1.488581 0.031250 1.681407 
100.617091 71.122059 113.133811 71.321219 1.428823 0.125000 2.576231 
30.598525 62.117827 1.916896 58.990728 1.265934 0.125000 9.195484 
0.546898 61.416095 36.935852 65.008630 1.996663 0.125000 31.772734 
158.326301 39.350601 155.453164 15.645827 4.662862 0.125000 13.190779 
88.778595 48.120741 88.917100 69.377984 1.388428 0.125000 9.195484 
79.321152 143.110965 82.000321 132.831861 3.944036 0.125000 1.702576 
49.340323 65.788983 31.830344 62.086171 2.516037 0.125000 2.486513 
84.842467 94.379813 84.765585 81.880286 6.296012 0.125000 8.077908 
69.373335 1.840299 85.645847 1.059445 1.727873 0.125000 5.219043 
58.387767 64.370622 58.337877 75.620401 2.538779 0.125000 2.576231 
60.950879 119.320738 61.211779 126.897836 3.962855 0.125000 4.232717 
169.991781 61.484661 165.136336 50.848068 5.685629 0.125000 10.297348 
155.601616 73.149850 156.286091 39.363069 4.179639 0.125000 32.718253 
119.024585 51.845465 119.517885 66.870309 1.290345 0.125000 0.164584 
172.838505 72.247396 170.202540 61.371473 5.779709 0.125000 12.171350 
