28.262277 4.325878 27.486368 21.901989 4.077122 0.125000 9.990166 
89.056302 30.605123 89.724099 61.894228 3.909181 0.125000 39.990706 
89.502843 0.624607 89.591237 29.385861 5.030710 0.125000 15.718473 
27.862544 23.096273 27.102173 63.129315 5.521328 0.125000 44.704695 
86.019118 70.606228 84.350167 35.566645 3.983636 0.125000 37.351274 
40.702441 10.983653 30.453996 10.093255 5.089429 0.125000 2.536664 
62.918858 36.241313 70.044107 38.624538 7.116747 0.125000 0.553250 
84.093892 33.056416 82.333073 8.181057 6.410923 0.125000 23.930995 
23.002075 53.127494 21.936272 0.598395 3.647800 0.125000 45.534643 
73.003247 34.442519 72.392840 10.740430 7.658419 0.125000 36.002008 
78.554448 4.370670 79.247660 73.126284 3.976649 0.125000 45.668731 
123.275831 28.884591 145.638704 24.444016 4.669562 0.125000 20.340508 
45.315401 21.886824 44.886374 10.653209 2.641292 0.125000 1.653093 
146.620957 23.113651 147.234015 9.391039 2.888025 0.125000 10.310893 
54.831325 13.111328 55.001819 34.390009 3.910123 0.125000 45.319084 
36.145645 39.352316 36.745946 53.130623 4.614397 0.125000 2.986018 
95.467901 15.464220 107.486130 3.721160 4.449827 0.125000 3.307159 
169.789047 0.186235 166.407200 6.629467 2.662327 0.062500 0.616176 
146.998419 46.950741 136.764904 38.254559 4.047180 0.125000 11.124244 
35.563142 22.712971 43.206041 23.277160 2.953331 0.125000 5.583124 
128.137506 1.484723 108.118008 0.843214 1.849879 0.125000 14.081748 
76.880700 74.898821 54.369764 75.143765 3.817781 0.125000 11.657898 
100.893811 49.347313 97.708907 18.425352 13.496059 0.125000 79.015219 
51.223276 59.441084 48.663205 34.193677 7.983551 0.125000 42.684208 
145.661209 10.677544 135.376775 17.764796 3.157159 0.125000 5.946800 
165.640458 28.120150 169.435104 40.213931 6.641782 0.125000 9.867370 
146.197563 61.905096 146.446214 46.847278 3.976513 0.125000 27.027597 
53.092758 1.162578 76.907035 2.590886 2.794862 0.125000 19.754330 
46.875133 26.430045 34.374927 26.432112 2.501447 0.125000 1.720471 
51.865728 73.156492 51.551764 60.601824 2.780468 0.125000 10.529091 
123.127198 76.770639 101.860305 76.322719 1.670866 0.125000 10.098574 
88.519012 64.373693 88.501843 75.621759 3.128811 0.062500 3.653215 
38.118075 54.492057 49.402530 55.159674 3.891102 0.125000 1.702576 
118.153115 3.475122 153.158000 4.568779 4.021414 0.125000 26.000249 
63.450315 38.120083 63.960270 71.862376 2.594162 0.125000 25.554150 
131.840367 76.891165 131.289747 33.132364 4.873783 0.125000 72.424677 
61.141504 70.625200 61.132641 38.124862 2.507840 0.125000 26.459591 
125.553174 8.122474 124.935315 25.688675 5.084789 0.125000 20.949977 
50.256743 28.140979 50.369313 13.123083 3.749895 0.125000 4.824161 
164.368450 49.306141 155.579074 50.142168 2.962219 0.062500 1.407712 
168.991470 13.347183 172.307479 0.415369 2.173382 0.125000 3.456020 
45.701531 3.013861 35.579242 3.694077 2.997238 0.125000 5.219043 
132.059711 25.650809 134.824661 5.862488 4.778917 0.125000 0.738554 
158.689132 6.872283 158.749363 19.378013 1.304168 0.125000 2.873854 
154.987062 6.873622 155.018011 20.623553 1.280946 0.125000 8.292394 
135.494369 74.247549 145.647796 75.429104 2.627730 0.125000 4.680034 
148.500856 75.613591 148.234354 66.833738 2.688473 0.125000 1.970764 
100.167038 8.150861 100.412991 0.618078 2.580253 0.125000 0.164584 
154.375924 80.659297 134.356779 81.198485 1.586095 0.125000 5.583124 
18.840218 36.876755 18.754097 10.631139 2.577918 0.125000 21.725979 
168.145526 61.787394 169.364225 79.461933 4.343020 0.125000 26.567138 
124.366994 34.341134 125.526865 76.877676 4.191541 0.125000 56.478013 
110.440583 54.375684 110.505554 71.880083 2.546378 0.125000 12.304394 
173.826745 83.130295 173.609341 60.620322 2.548172 0.125000 18.201342 
37.230181 56.869518 37.481213 73.134936 1.481326 0.125000 6.486214 
134.669897 34.370216 135.136494 63.132925 1.655339 0.125000 22.991712 
166.888004 80.161970 155.576715 79.844305 2.499015 0.125000 4.336995 
133.129085 81.184743 105.622651 81.021970 2.603512 0.125000 21.498652 
76.008794 135.645001 75.256740 103.075776 9.065084 0.125000 61.289585 
86.885366 78.328563 63.133302 79.538045 1.756935 0.125000 8.567595 
35.087604 80.381657 33.091408 115.552146 12.621581 0.125000 84.918128 
100.190792 69.378532 100.089044 56.869192 2.550751 0.125000 8.292394 
166.206079 56.902371 165.950765 50.662818 2.549015 0.031250 0.255185 
56.888762 96.867259 56.708637 125.631786 4.984247 0.125000 12.352970 
23.476902 66.908500 23.009556 54.379306 1.342318 0.031250 2.447038 
49.465380 115.625194 49.540616 80.617297 7.542965 0.125000 35.290812 
98.140631 141.201328 113.132560 141.549179 1.510622 0.125000 2.576231 
35.613379 5.944799 49.390609 6.445439 1.657711 0.125000 7.389304 
31.577681 113.011695 34.949321 141.360694 12.472762 0.125000 100.572131 
105.623734 78.944702 136.875590 78.992960 2.536671 0.125000 8.524990 
77.004465 70.622860 76.549930 43.130374 1.332483 0.125000 6.102063 
19.349613 67.008965 0.563611 63.448944 2.094640 0.125000 0.434640 
105.971136 73.136227 105.660266 48.109035 2.779265 0.125000 29.245104 
54.276401 50.626945 54.670818 70.619164 1.348380 0.125000 1.697763 
86.171953 99.408924 85.206236 79.395207 2.798324 0.125000 4.341659 
120.586568 72.426476 113.353344 55.527264 5.088505 0.125000 22.582372 
48.003195 135.612521 49.930165 116.803814 4.973964 0.125000 8.542745 
89.015633 79.305340 91.362988 109.317279 3.446173 0.125000 14.787699 
151.390595 55.987319 153.484307 73.233134 5.716800 0.125000 13.744739 
13.114851 69.012809 21.892985 68.766841 1.459581 0.062500 0.465614 
25.633322 79.791887 10.639298 80.091213 1.524188 0.125000 0.883796 
56.631334 126.722159 58.172244 136.867825 4.270571 0.125000 12.304394 
20.625000 18.125000 20.625000 65.625000 1.250000 0.125000 23.644924 
121.888869 18.481850 108.122778 18.268082 1.385708 0.062500 2.873854 
61.521875 139.145591 69.693701 138.088339 8.079549 0.125000 24.777277 
68.144498 85.788578 59.374889 85.631188 2.634180 0.125000 3.776944 
77.197527 99.080460 71.757649 93.123704 6.220877 0.125000 0.218016 
167.012976 91.144941 150.639102 88.050384 2.853185 0.125000 6.953153 
