120.457020 30.616270 120.272176 60.638220 5.153826 0.125000 40.280881 
56.636004 5.616917 54.227469 76.827732 5.697125 0.125000 82.142276 
120.301187 0.644562 120.596353 24.390894 3.858464 0.125000 27.263089 
50.395936 66.875231 50.329152 0.624038 2.555441 0.125000 63.912964 
83.671250 10.576654 84.029507 33.150321 5.098549 0.125000 43.643766 
101.716339 33.183466 101.361167 9.438778 7.592638 0.125000 38.540971 
115.656205 46.870388 113.614119 33.052714 3.526957 0.125000 11.086358 
92.909996 34.935294 98.940643 37.249457 6.011588 0.125000 0.149785 
64.507063 34.345620 64.959721 55.639143 3.908552 0.125000 3.344873 
71.904208 10.286089 59.175567 9.189126 4.659551 0.125000 16.200067 
115.219868 73.118680 115.609798 48.124763 3.905535 0.125000 24.095057 
75.656547 25.320423 64.377395 25.696783 2.748728 0.125000 4.248691 
61.870088 21.954185 73.154206 22.654198 2.257180 0.125000 0.797908 
79.429273 73.142165 79.709315 51.862949 2.746519 0.125000 19.962553 
161.895256 77.555327 134.385590 76.577163 2.409584 0.125000 17.040467 
108.008273 1.874681 107.813604 73.127564 3.934401 0.125000 63.932654 
118.762788 63.007453 118.045562 74.369986 3.427568 0.125000 7.697740 
112.925490 30.517308 111.771183 19.257498 2.232013 0.125000 0.820776 
77.225069 51.959486 78.451181 10.597615 6.913943 0.125000 68.283945 
65.634407 53.999769 76.877341 54.281632 3.874134 0.125000 1.702576 
163.023074 21.073542 174.406895 19.625791 4.193137 0.125000 1.486207 
89.071673 71.871834 89.436938 36.875646 2.656415 0.125000 18.240388 
109.365936 3.063988 119.513383 1.556516 2.656542 0.125000 1.653093 
105.626796 74.608782 81.858993 74.791373 3.797902 0.125000 39.089723 
128.069506 9.324490 136.389730 0.183311 4.373031 0.125000 4.864122 
91.875000 11.875000 91.875000 33.125000 1.250000 0.125000 4.680034 
129.040846 23.145002 128.914203 13.115035 3.828610 0.125000 4.339063 
92.120913 38.124352 92.209831 71.874118 1.329034 0.125000 13.710934 
128.205472 53.124738 128.107671 23.120982 2.565179 0.125000 37.299887 
74.442034 1.982810 65.590186 2.419821 2.928417 0.125000 1.697763 
75.695091 128.174106 76.461364 88.069330 7.689664 0.125000 50.842498 
62.044545 82.937535 59.677801 128.140854 13.861907 0.125000 127.609542 
89.511618 33.126998 89.804280 13.112999 1.469185 0.125000 3.776944 
46.542970 39.375699 46.479858 9.375831 1.299961 0.125000 11.001664 
165.870127 0.268628 163.919202 19.455754 6.217940 0.125000 29.897934 
101.804867 136.908453 101.446350 109.364309 8.977021 0.125000 64.968449 
132.746108 71.876415 132.811103 31.874490 2.548741 0.125000 48.028354 
65.062120 56.874892 65.064685 73.125088 1.252564 0.125000 1.067674 
83.657954 105.623037 83.773077 136.872613 6.291402 0.125000 38.860151 
144.876943 53.100465 144.219006 73.160881 2.990358 0.125000 19.641228 
105.121855 69.384420 105.468868 41.873031 1.580976 0.125000 11.904754 
163.158946 26.874994 163.167199 76.874993 5.007841 0.125000 75.926427 
171.271129 76.845361 172.049998 28.127798 5.738686 0.125000 96.266327 
114.388554 79.005724 83.126721 79.486833 2.634348 0.125000 5.729293 
0.639813 62.953548 36.835631 66.080690 2.337372 0.125000 16.898940 
115.229717 100.626608 115.148344 80.621854 1.321173 0.125000 3.776944 
118.449467 80.599616 120.408627 105.641928 3.467330 0.125000 12.320232 
62.717919 69.383042 62.421227 54.364209 1.496642 0.125000 6.102063 
141.096694 33.459274 137.598503 25.314264 4.594198 0.125000 0.664633 
139.369201 79.512014 164.377309 80.570449 1.936027 0.125000 11.948253 
174.378611 82.891658 136.868250 82.311150 2.925238 0.125000 32.507550 
39.387884 67.980360 48.179472 68.763476 1.577787 0.062500 0.465614 
82.273241 49.368652 82.592275 69.383492 1.548676 0.125000 15.517114 
64.379172 5.727785 78.157209 5.168572 1.553126 0.062500 1.669734 
50.639528 79.895449 39.363421 80.210218 1.528552 0.125000 1.970764 
35.648865 64.142863 10.655997 61.573483 1.882606 0.125000 12.058439 
48.125000 31.875000 48.125000 65.625000 1.250000 0.125000 13.710934 
139.109717 73.157885 140.406535 34.325960 3.664468 0.125000 69.597536 
155.842439 72.872832 147.356459 53.460971 6.872052 0.125000 26.279436 
173.061183 16.914226 173.600701 0.599395 2.953087 0.125000 20.935654 
159.375000 63.125000 159.375000 38.125000 1.250000 0.125000 5.219043 
153.008449 130.754182 140.522258 119.488877 1.493193 0.125000 3.776944 
