174.397764 1.121923 151.880553 0.441280 1.627103 0.125000 7.389304 
174.375029 81.031010 0.624986 81.025139 2.504013 0.125000 240.386521 
0.616826 76.929557 174.381046 77.485574 5.079970 0.125000 300.594128 
108.152464 99.789148 13.095837 101.357908 6.599799 0.125000 192.614988 
163.127155 99.664782 109.361537 100.064595 4.075222 0.125000 128.403363 
174.465376 100.321706 154.409492 102.236308 8.829189 0.125000 53.299150 
0.610432 87.424796 174.385282 86.633732 6.688083 0.125000 618.143518 
13.058210 102.070968 0.496295 102.435119 7.424410 0.125000 38.558193 
76.552527 10.718273 77.075326 5.519444 2.862666 0.125000 0.164584 
81.938624 11.854029 81.761131 21.895083 2.654257 0.125000 7.870688 
166.218406 89.868579 170.723366 95.861397 4.251653 0.062500 0.399485 
174.375000 24.375000 174.375000 3.125000 1.250000 0.125000 4.680034 
129.402860 0.228806 149.391917 1.634428 1.250000 0.125000 2.873854 
156.882908 106.486400 134.366795 106.028174 1.605811 0.125000 18.226384 
119.375000 106.875000 104.375000 106.875000 1.250000 0.125000 0.164584 
