0.622429 83.746576 174.380657 83.508793 6.487766 0.125000 526.179892 
174.383617 88.827452 0.614935 89.594358 7.704043 0.125000 376.520911 
0.590391 100.769888 174.402842 99.530902 10.830938 0.125000 1004.167638 
81.948841 122.445779 26.836710 124.680836 5.553063 0.125000 105.741261 
174.393298 122.705662 81.873136 122.299620 7.587701 0.125000 234.584979 
25.684204 124.798692 0.582963 125.686601 4.454676 0.125000 36.619322 
45.640955 119.851241 8.099336 121.108934 1.745242 0.125000 27.257284 
121.862035 128.025645 110.640014 129.490055 1.724731 0.062500 2.873854 
53.145510 129.575275 35.700454 131.361797 1.625530 0.125000 1.653093 
150.620209 129.635722 138.124429 129.406090 0.762591 0.062500 0.465614 
