174.390141 88.406007 161.873665 88.210426 1.406087 0.031250 0.983154 
160.641803 85.330284 174.418289 86.115725 2.567098 0.125000 4.248691 
106.956669 79.781612 120.656137 77.030023 2.938120 0.125000 7.697740 
159.885181 21.852341 160.609806 78.141287 5.353572 0.125000 91.614111 
174.483904 10.559957 161.860763 11.720095 3.619862 0.125000 14.081748 
160.628479 88.019512 96.865388 85.916411 1.936701 0.125000 30.484120 
129.153341 79.057214 107.973257 82.051728 3.013117 0.125000 9.505731 
0.623611 68.773015 24.376369 68.718193 2.546154 0.125000 22.099308 
174.407579 19.808271 161.884393 20.749925 2.586689 0.125000 4.232717 
25.243109 69.200847 23.632202 84.295730 5.104414 0.125000 11.797682 
120.629947 77.812256 149.372755 78.266899 1.309152 0.125000 5.962107 
159.170403 99.397265 161.619535 121.902801 8.833876 0.125000 35.605018 
30.462314 74.981252 42.748452 78.278209 7.332325 0.125000 11.215103 
43.053809 78.058777 74.482304 76.358892 5.970836 0.125000 67.973711 
160.403659 89.331295 158.459311 99.178292 9.568432 0.125000 25.750214 
68.137169 88.508016 38.143079 88.087008 6.477453 0.125000 31.631803 
162.671711 119.365559 162.581564 135.628916 6.326118 0.125000 14.787699 
164.299300 17.550733 174.452423 16.212337 2.641921 0.125000 4.680034 
43.238916 83.355719 50.646392 84.183588 4.691389 0.031250 6.744012 
10.634882 87.012661 0.617587 87.084000 5.053283 0.125000 7.917544 
50.537531 84.696933 68.233771 83.029088 3.075425 0.125000 14.486264 
78.137899 83.761583 156.879366 85.417351 1.973866 0.125000 44.323167 
164.439800 66.376775 174.593199 67.697335 5.280676 0.125000 15.564217 
25.625000 59.375000 49.375000 59.375000 1.250000 0.125000 4.336995 
20.023483 24.444874 23.941703 58.175333 2.483302 0.125000 22.237868 
0.825993 15.151005 19.413982 23.033071 3.139271 0.125000 9.284128 
15.555243 92.357492 5.637172 93.258927 2.263450 0.125000 1.067674 
