66.885817 50.268473 85.656464 50.837999 4.051548 0.125000 15.599063 
91.878736 5.809915 131.887659 5.001581 3.976482 0.125000 55.259659 
174.461970 27.602256 164.424803 27.109838 1.933248 0.125000 0.820776 
134.344079 10.169015 89.358857 10.984360 3.862645 0.125000 70.723803 
100.773625 37.331397 113.840561 68.864451 7.324117 0.125000 75.112788 
84.957832 50.147521 97.519880 36.206074 7.704676 0.125000 28.283255 
114.372193 81.675666 138.117484 81.341287 1.549087 0.125000 5.219043 
113.932373 73.121860 113.966400 81.871728 7.495082 0.125000 8.181183 
134.724872 0.431670 134.015814 8.317492 5.091852 0.125000 9.438675 
141.431349 13.988707 157.684823 -1.185403 8.041280 0.125000 40.054367 
89.212590 10.469785 88.546022 0.431045 5.739365 0.125000 14.686571 
65.832264 0.487880 68.241524 48.055787 7.410968 0.125000 119.459701 
36.883586 10.391469 11.871438 9.471872 2.544239 0.125000 12.995593 
39.425062 63.220397 1.887236 61.592794 2.825966 0.125000 44.050593 
1.834285 66.381288 39.360115 68.401500 3.341397 0.125000 50.599658 
126.876242 0.787579 95.628065 1.026266 1.469562 0.125000 9.642303 
70.452042 85.778466 45.674169 89.686727 4.872746 0.125000 22.358550 
38.465399 14.481349 40.804919 61.989252 6.057991 0.125000 113.856551 
141.857132 81.095410 146.575304 73.422119 7.777572 0.125000 3.699353 
111.951466 86.145896 66.777422 84.400530 7.880485 0.125000 128.345773 
168.074860 29.259773 169.871151 86.937407 9.874169 0.125000 222.019875 
41.818134 85.743763 0.591645 86.728289 5.297001 0.125000 84.682061 
40.903402 68.201968 42.099845 83.305232 6.329194 0.125000 24.220883 
149.911804 56.380137 155.206764 17.556515 18.521901 0.125000 165.629148 
3.079080 22.476724 35.675422 24.964285 2.682984 0.125000 25.554186 
14.368349 11.934179 35.630760 14.323747 3.307734 0.125000 13.137834 
35.640889 3.446173 20.615823 4.189492 1.742588 0.125000 0.883796 
45.628027 90.920642 0.619947 91.381511 2.499869 0.125000 44.929260 
51.905939 80.884213 50.683230 69.237656 4.972671 0.125000 16.200067 
50.291657 63.126041 50.348429 13.123267 3.802508 0.125000 80.726657 
169.175220 94.949774 153.098338 96.618070 5.958580 0.125000 6.767599 
124.375000 68.125000 140.625000 68.125000 1.250000 0.125000 1.067674 
151.883016 96.095729 133.117172 96.415292 2.542204 0.125000 5.468486 
69.191428 79.462849 67.570139 53.005802 4.990638 0.125000 37.200687 
26.010568 55.594690 26.624953 38.072404 3.616291 0.125000 11.349210 
145.767927 67.193966 144.160529 55.315716 7.599884 0.125000 30.776105 
158.144412 70.622498 156.498142 57.851316 7.758072 0.125000 12.146369 
55.974882 70.585341 57.125719 80.738269 2.343306 0.125000 1.697763 
54.394187 137.114032 28.112851 139.223653 2.146142 0.125000 7.695231 
163.733242 25.264767 174.894508 17.634963 2.495188 0.125000 2.510782 
148.260147 94.311116 142.543722 82.218017 6.123008 0.125000 16.720712 
110.624984 100.589661 3.125006 100.638032 1.256187 0.125000 60.835613 
35.753941 18.375438 6.840090 14.645626 2.639377 0.125000 16.561053 
55.339640 36.872328 55.105429 61.881840 2.511596 0.125000 13.717433 
51.862080 140.379385 78.105215 138.998890 1.250000 0.125000 7.389304 
