130.307025 49.413916 130.728196 39.327116 6.296707 0.125000 8.717065 
161.095502 25.431158 173.018970 18.993943 4.399752 0.125000 0.532358 
133.121264 26.525131 156.895250 26.271248 3.936659 0.125000 45.319084 
130.179045 56.890910 129.908641 49.311368 4.996821 0.062500 2.232796 
164.322904 21.888614 164.564696 0.612950 2.727118 0.125000 29.245104 
131.486585 39.829909 129.918564 25.565250 8.001421 0.125000 21.844880 
119.101087 24.360763 118.384978 38.138513 1.702489 0.125000 3.456020 
133.361499 0.604408 132.878112 24.395381 2.956547 0.125000 37.298484 
120.067418 24.413884 119.555020 0.594238 5.402092 0.125000 23.127803 
72.459027 0.543857 71.609052 20.613737 3.693750 0.125000 26.747503 
88.923399 0.609227 88.575618 38.129177 3.819355 0.125000 35.304335 
32.104718 69.032726 16.703917 66.810850 5.484233 0.125000 13.088432 
70.672124 21.838912 40.620867 20.737794 3.610172 0.125000 45.248766 
117.598837 83.416380 112.660011 74.498045 10.800115 0.125000 3.180751 
64.619590 70.646291 41.541126 66.052227 4.415705 0.125000 20.575909 
113.503559 30.447739 117.691702 24.089585 4.238143 0.125000 0.218275 
114.252513 74.589439 114.852028 67.942539 5.092073 0.125000 6.829207 
43.142629 17.315698 66.908580 17.833378 3.395230 0.125000 23.491411 
34.468295 42.846192 13.477308 35.822147 4.354086 0.125000 13.449242 
110.666990 78.036662 78.081411 77.014303 6.403722 0.125000 30.555059 
130.203751 25.650512 129.520342 14.366198 1.701104 0.125000 0.820776 
68.517641 16.857740 68.844655 0.614323 2.700774 0.125000 11.904754 
28.109396 23.439235 54.418665 24.745641 4.435907 0.125000 17.173606 
167.127664 55.769839 164.764843 39.499917 3.551937 0.125000 2.402083 
85.509540 40.209078 101.940516 39.070295 4.469475 0.125000 1.606321 
66.654366 58.079558 66.343281 68.147195 2.730443 0.125000 4.680034 
13.021555 34.396615 12.482052 0.615305 2.599484 0.125000 27.321409 
54.505201 49.603326 64.428229 48.729373 3.439541 0.125000 0.426994 
38.742577 19.388947 39.167072 0.592075 3.777266 0.125000 10.768851 
133.579941 60.201581 138.833625 50.336684 4.413175 0.125000 0.614840 
61.900140 12.328585 48.163827 11.894986 2.893133 0.125000 11.904754 
64.092415 0.586054 63.836847 10.643089 2.753229 0.125000 4.680034 
42.566085 0.606587 42.413160 15.630478 2.499870 0.125000 11.904754 
158.666464 28.519504 140.790422 43.324733 2.557334 0.125000 8.896623 
47.387665 10.638702 47.655637 0.612455 1.483332 0.031250 3.866347 
54.690372 27.611319 50.119652 47.050093 7.442292 0.125000 21.533911 
86.048250 100.615791 86.485584 120.715068 13.991474 0.125000 66.021685 
169.816860 19.378069 169.947134 0.620292 1.371506 0.125000 3.776944 
56.772631 99.558751 43.090749 91.936480 3.759559 0.125000 6.370457 
117.587524 123.269534 116.271361 84.226795 9.741635 0.125000 111.707162 
84.511677 0.627033 83.935010 39.387051 2.518319 0.125000 15.924938 
85.970119 118.891460 88.192517 143.458132 13.913224 0.125000 84.940304 
164.613381 47.102653 155.444999 56.703099 4.438589 0.125000 2.720074 
12.595659 71.873390 12.553840 85.627064 2.518992 0.125000 7.870688 
12.734216 66.877875 12.559459 43.119965 2.555099 0.125000 19.962553 
168.654652 143.722672 156.748440 121.735944 15.479839 0.125000 43.194350 
51.876868 81.861048 63.257569 83.384962 6.858305 0.125000 9.277472 
129.306660 92.058758 130.504466 84.356256 3.242849 0.125000 2.576231 
34.487678 103.286978 46.855037 104.567766 2.247992 0.125000 0.797908 
165.972979 75.614162 165.349452 55.594650 1.404443 0.125000 3.776944 
133.035695 129.204390 131.428860 141.818167 5.568068 0.125000 11.314525 
119.164123 143.544496 117.500022 122.873424 9.809447 0.125000 25.682221 
129.288344 114.361565 129.501907 93.113712 4.949495 0.125000 20.694162 
132.796175 119.357141 132.311319 128.284476 4.230224 0.125000 0.731012 
164.490199 80.459845 155.595630 79.735795 2.491758 0.125000 2.873854 
156.889596 76.613154 146.851110 76.053566 1.665497 0.125000 1.067674 
145.243417 83.980141 136.550891 80.101339 6.094142 0.125000 17.321641 
168.125000 0.625000 168.125000 18.125000 1.250000 0.125000 1.970764 
29.847718 86.650306 33.677128 94.706716 6.181394 0.062500 0.893077 
165.971855 114.410779 165.659680 95.624424 2.520251 0.125000 1.036501 
25.625000 23.125000 25.625000 5.625000 1.250000 0.062500 4.132106 
79.998442 30.624626 79.993216 39.375369 1.255226 0.062500 0.465614 
