83.251090 61.350432 87.977945 51.222945 3.776052 0.125000 7.697740 
87.313652 51.893210 87.989237 35.619364 2.808932 0.125000 1.702576 
85.707333 72.236204 81.741633 59.416256 3.071315 0.125000 0.434640 
33.147362 23.785301 25.610798 23.499502 2.545572 0.031250 1.681407 
34.540362 41.836147 35.121717 25.606972 2.901132 0.125000 11.904754 
24.998583 34.358133 25.301741 45.566123 7.632451 0.125000 2.675768 
25.684841 19.902026 33.236568 20.527091 2.594591 0.125000 0.164584 
80.634018 15.796251 65.626691 15.891474 3.765787 0.125000 19.423771 
54.268085 19.334790 53.674839 39.354252 3.017261 0.125000 18.201342 
150.643281 62.080715 174.389536 61.782501 3.875278 0.125000 15.947212 
50.618073 20.911427 40.623918 20.669720 2.529491 0.125000 1.697763 
50.667571 70.269486 38.196709 68.776158 3.426160 0.125000 1.702576 
83.581904 41.851463 82.355075 18.035877 3.745034 0.125000 11.657898 
80.617840 88.654196 39.375390 88.096202 2.635055 0.125000 13.507197 
41.828323 17.682226 53.112872 18.334739 2.784467 0.125000 8.292394 
80.634433 24.834948 65.621649 24.655697 2.589365 0.125000 11.904754 
66.859483 21.367011 79.406276 21.629389 2.551722 0.125000 7.389304 
51.942679 40.334879 40.604714 39.836647 2.771973 0.125000 5.583124 
90.516498 46.873766 90.161098 78.119723 2.684658 0.125000 15.910044 
91.445932 43.116491 92.040653 13.128285 2.896067 0.125000 10.373848 
164.083116 70.544159 159.635941 86.601067 3.280306 0.125000 8.739380 
64.373108 86.188686 80.627121 86.243245 1.304539 0.125000 3.456020 
165.382198 85.895445 168.452004 74.462804 3.297553 0.125000 2.249350 
49.446397 59.323517 49.259871 68.122559 4.972385 0.125000 6.009503 
22.732942 10.655090 24.545075 34.266010 5.654930 0.125000 21.342017 
40.604947 37.266624 49.395904 37.716758 1.631893 0.125000 0.164584 
51.330275 36.866330 51.568970 21.870129 1.468673 0.125000 1.067674 
140.249719 90.085491 147.201269 93.757301 2.919067 0.062500 0.805318 
38.569722 68.130073 38.826526 45.618743 1.492317 0.125000 15.860896 
40.621545 86.235374 63.127640 86.113799 1.371522 0.125000 8.756152 
89.326333 80.026123 70.598428 81.548020 1.880204 0.125000 1.229414 
63.657861 18.424487 60.455421 50.855123 8.077883 0.125000 63.683382 
110.951401 0.587397 108.203661 68.077311 3.136701 0.125000 45.999495 
36.828464 78.797842 16.857511 80.408091 3.938791 0.125000 12.334838 
74.403620 73.160565 54.385280 72.688797 2.705458 0.125000 9.711716 
148.917818 70.407092 144.108231 80.497849 2.847322 0.125000 5.219043 
37.828982 0.581156 36.162199 59.354785 2.685443 0.125000 26.687057 
91.204144 101.154241 80.587222 87.696416 12.289103 0.125000 6.825344 
20.557077 77.751474 36.947024 74.771076 2.571650 0.125000 6.848509 
112.114150 58.113087 112.659328 11.854780 2.499826 0.125000 32.586469 
142.020432 80.633944 142.561233 71.840329 1.631289 0.031250 1.681407 
147.288088 80.843537 153.304952 69.470200 2.986818 0.125000 6.829207 
158.152341 83.381030 140.616865 83.554987 7.574030 0.125000 15.047476 
147.994982 93.646639 155.695863 92.271976 3.120081 0.125000 0.820776 
160.637294 58.171550 145.626791 58.313881 2.559148 0.125000 1.229414 
41.554834 26.951636 47.478132 25.335397 4.604883 0.125000 2.576231 
62.746625 104.268765 63.511466 119.543421 10.923361 0.125000 36.002008 
41.881745 49.294712 41.469422 55.679532 2.897582 0.125000 1.970764 
143.032448 55.244023 173.148269 53.535061 3.319063 0.125000 16.968635 
62.478473 90.533263 60.070225 107.505739 11.130066 0.125000 58.351780 
26.908162 61.738570 35.743799 63.886256 3.348656 0.125000 0.218275 
83.450425 130.659811 86.783732 99.498951 12.827956 0.125000 99.788485 
16.882821 70.555286 16.014785 39.329416 5.310683 0.125000 43.681483 
62.027161 119.801102 65.815161 126.247753 7.288383 0.125000 2.835356 
153.143764 93.533123 169.385695 93.895120 1.556070 0.125000 5.096564 
18.125000 0.625000 18.125000 43.125000 1.250000 0.125000 20.032564 
113.117540 87.438950 128.129357 87.275706 1.399439 0.062500 4.132106 
128.636416 82.468698 133.057422 69.352222 5.949089 0.125000 12.054691 
63.116519 67.252819 75.642229 67.318077 8.144384 0.125000 1.721250 
24.365431 86.143831 39.383377 86.420823 1.480299 0.125000 5.096564 
16.875000 88.125000 0.625000 88.125000 1.250000 0.125000 0.164584 
21.455139 89.101133 26.597744 128.161503 7.078357 0.125000 70.135811 
36.530489 121.901620 35.267498 105.556038 2.781464 0.125000 12.058439 
40.211155 109.414352 38.421827 90.596775 1.954346 0.125000 10.529091 
54.014041 106.848369 54.314439 116.876814 2.686011 0.125000 0.797908 
108.829474 90.607809 108.316665 106.881040 1.643090 0.125000 3.370729 
132.121256 64.860950 141.099441 60.311239 2.260126 0.062500 0.966439 
14.631782 29.379424 15.127339 0.616426 1.680475 0.125000 23.644924 
