97.105515 21.868603 96.689808 88.123838 5.148914 0.125000 89.549247 
149.343440 21.557513 124.329786 20.710936 3.536447 0.125000 24.701078 
120.652561 88.125867 122.696708 23.111534 4.054752 0.125000 53.243629 
121.871904 20.355843 96.872153 20.276928 3.821005 0.125000 26.431758 
150.107950 74.375091 150.114592 20.624937 3.756179 0.125000 82.076129 
154.630849 0.617973 157.103842 90.653048 6.316285 0.125000 171.170137 
155.663496 90.926849 126.859475 89.757374 3.562844 0.125000 29.004996 
98.120182 87.196651 119.384135 87.515186 2.780565 0.125000 17.641629 
102.469938 0.574271 101.685230 10.707106 4.028346 0.125000 3.662037 
125.501827 23.099389 124.568747 73.128614 3.842585 0.125000 81.386564 
125.025187 78.038602 124.556419 88.075090 3.862555 0.125000 5.172956 
144.375006 33.315462 130.624995 33.315523 2.500056 0.125000 6.985969 
126.861305 75.860058 140.633188 75.987060 2.615161 0.125000 7.870688 
105.821692 90.621629 92.664891 88.556925 5.011684 0.125000 3.369347 
93.091321 86.613576 0.574650 85.221698 9.990051 0.125000 199.367551 
120.631721 89.934258 106.853666 90.099845 2.619993 0.125000 7.870688 
123.008507 10.460183 124.215269 0.454968 3.124290 0.125000 1.720471 
160.564594 90.233128 174.421911 91.208581 2.406055 0.125000 9.195484 
80.752330 31.216227 69.441671 29.030062 3.444642 0.125000 5.946800 
84.005441 9.551041 82.364025 29.415409 3.726766 0.125000 9.990166 
0.610656 79.463190 94.376680 80.468246 3.709592 0.125000 78.878107 
128.215380 86.511114 148.152853 87.627646 4.443059 0.125000 7.558705 
89.983345 70.509201 92.902327 54.334814 3.792260 0.125000 11.349210 
55.626207 38.305642 43.110066 38.389243 5.049983 0.125000 20.626123 
68.502956 26.863910 68.173143 15.623587 2.645571 0.125000 0.050694 
7.886284 31.219769 0.562643 28.280364 2.785700 0.125000 1.970764 
157.628220 94.362706 157.416962 124.378814 3.890667 0.125000 20.491983 
97.162589 91.810285 98.269877 118.118902 4.219759 0.125000 19.302251 
174.375000 93.125000 160.625000 93.125000 1.250000 0.062500 2.873854 
160.616168 56.374564 174.393712 56.536902 2.499826 0.125000 10.098574 
96.872036 9.173636 83.143413 9.375739 2.628527 0.125000 8.756152 
19.655195 35.699766 11.717155 37.378706 2.704550 0.062500 2.957812 
39.024483 27.862839 26.740490 23.504081 3.192085 0.125000 5.946800 
121.578299 114.391523 120.325316 91.891689 3.952708 0.125000 20.136217 
56.471989 15.624700 56.457120 35.625619 2.510222 0.125000 11.074856 
43.523874 137.318317 56.025432 126.070049 4.089559 0.125000 2.619268 
32.476075 130.408095 43.054298 124.253481 2.514471 0.125000 3.370729 
142.374754 0.439960 141.803143 18.203137 11.404994 0.125000 108.535383 
127.566901 6.834512 126.748487 18.115822 1.608503 0.125000 0.164584 
49.484865 117.073917 38.219445 123.295997 1.323177 0.062500 0.616176 
65.644169 91.901250 50.503122 102.958102 1.554089 0.125000 1.653093 
