8.384076 25.794265 49.375980 35.620913 3.788152 0.125000 33.149115 
74.361707 41.948764 86.686726 44.169782 3.125424 0.125000 1.229414 
83.092757 75.897945 70.606355 76.310001 3.830416 0.125000 9.378608 
45.604011 77.354162 16.909321 78.135480 2.975399 0.125000 27.436248 
68.104255 41.969203 49.433867 37.857686 2.710329 0.125000 10.225862 
50.625512 35.622758 69.531586 39.939140 2.053316 0.125000 6.829207 
31.747400 27.248586 20.664097 26.377533 2.982002 0.125000 0.218275 
71.285938 39.393960 71.752731 23.121493 3.963515 0.125000 5.388241 
70.294913 75.688014 71.276291 41.893913 5.832439 0.125000 89.762388 
19.061761 74.403480 20.392972 30.617946 3.368406 0.125000 58.097950 
84.666559 45.563340 83.861554 74.395565 5.626015 0.125000 86.675623 
53.090393 14.465646 13.597323 -0.612150 4.288677 0.125000 34.969755 
173.267794 39.377856 174.043048 0.618360 2.899453 0.125000 38.786274 
73.959687 32.195999 79.321153 39.132753 4.495902 0.125000 0.664633 
43.442243 37.646445 22.984272 33.891780 4.038442 0.125000 17.093108 
15.719632 29.343730 14.466056 75.661295 5.133444 0.125000 107.921756 
95.588262 30.716673 91.062318 28.902890 6.266464 0.125000 0.218275 
98.819979 80.648403 100.421952 33.076069 7.243336 0.125000 100.173420 
47.171006 36.850752 46.183488 75.702739 8.323378 0.125000 77.527170 
85.914740 27.419676 53.713729 14.191836 4.831275 0.125000 35.204441 
50.088953 32.008444 51.205243 15.579492 4.819022 0.125000 17.533313 
23.630867 23.381755 21.154156 4.145925 5.634812 0.125000 40.176995 
20.619582 75.437859 41.887945 74.822158 1.792046 0.125000 13.192832 
10.256238 0.599688 8.616086 24.494509 5.245060 0.125000 46.976446 
98.209042 108.147944 98.724852 78.156815 5.926647 0.125000 31.144857 
170.180574 0.601007 167.885509 43.112070 4.014092 0.125000 50.709977 
59.355692 81.775545 85.653964 81.399260 6.446080 0.125000 42.644876 
147.554306 0.604149 144.724822 78.046440 5.652507 0.125000 116.638252 
144.376828 78.942484 110.627431 78.799821 3.771102 0.125000 39.185466 
164.361107 108.444299 101.856376 109.377303 4.178684 0.125000 79.796631 
104.417261 30.226084 113.201103 31.156637 2.749462 0.062500 0.293299 
126.862055 103.394809 163.148475 105.135704 3.386282 0.125000 35.831311 
124.427729 32.642136 108.168626 33.759703 2.665548 0.125000 1.702576 
124.819046 54.341307 123.215886 33.212950 8.140525 0.125000 39.359338 
68.960460 111.890233 69.462106 84.376588 5.272613 0.125000 49.409174 
16.747496 3.123980 16.587585 23.122702 2.639846 0.125000 15.860896 
116.203313 34.407454 115.220391 51.922442 3.814147 0.125000 17.891364 
126.893141 33.368277 144.389064 32.063599 2.214213 0.125000 7.870688 
171.634146 40.864693 167.288305 104.488612 7.738114 0.125000 112.577750 
83.627212 84.344286 83.338134 103.147494 5.210775 0.125000 39.064127 
16.760753 85.544544 49.555622 82.728419 8.114171 0.125000 60.872594 
104.369036 82.303251 145.628442 82.877806 1.737221 0.125000 26.401579 
46.781420 15.582438 46.463704 25.611971 2.538324 0.125000 3.776944 
109.492679 76.942148 111.586286 34.299455 3.132521 0.125000 23.929742 
85.475607 29.355589 85.674348 40.624130 2.631867 0.125000 2.036308 
13.953830 91.855002 13.059932 110.681262 4.101490 0.125000 27.436248 
109.560120 9.544740 144.616064 4.973795 4.203381 0.125000 34.294728 
107.240974 35.595881 105.757597 80.629368 4.036031 0.125000 40.616417 
144.448709 11.193044 106.931607 16.061242 2.432017 0.125000 27.249975 
93.215793 24.122634 70.905238 16.096054 2.868820 0.125000 22.608456 
71.546015 8.817880 88.196792 16.723799 2.851399 0.125000 7.098330 
50.642975 45.396523 63.163820 46.381555 1.250000 0.062500 0.465614 
90.729876 11.682493 108.059430 9.963844 3.731693 0.125000 17.058749 
8.169481 75.640041 8.285993 65.612347 2.601490 0.125000 3.456020 
9.049824 60.621524 9.397211 28.125237 3.803233 0.125000 47.311261 
45.765596 88.098961 45.503055 111.887450 5.096259 0.125000 31.279035 
82.262134 9.922711 64.612814 0.193589 2.146930 0.125000 7.653196 
103.212682 20.156520 144.503898 15.523888 4.271984 0.125000 47.256817 
103.086718 105.026934 115.615398 104.224988 1.566838 0.125000 1.067674 
111.877983 75.468173 140.641353 76.015345 1.273549 0.125000 7.870688 
102.764659 1.222752 111.945873 6.757432 1.731002 0.125000 0.164584 
54.229816 130.176301 38.055374 135.409816 1.924079 0.125000 0.218275 
88.124069 77.066126 89.518110 67.955629 2.849373 0.125000 1.653093 
89.018022 48.118677 89.305744 31.873773 1.382620 0.125000 1.067674 
