87.765427 50.739338 87.134430 41.856571 3.652002 0.125000 1.034919 
28.974485 39.374290 29.005512 21.874345 1.278808 0.125000 1.970764 
26.927223 21.133869 18.045164 20.508000 3.916450 0.125000 3.403198 
0.623869 91.390412 116.873615 91.562235 2.669973 0.125000 88.214151 
80.625036 13.114704 64.370916 13.058627 2.551735 0.125000 13.192832 
34.690942 35.613616 33.791298 10.646032 4.107659 0.125000 11.522001 
18.410581 23.098464 17.961902 39.404907 2.911630 0.125000 21.207173 
52.837223 16.833883 52.301058 36.886392 3.000267 0.125000 16.751076 
50.651936 38.617744 35.626484 38.083283 2.720594 0.125000 13.710934 
33.524199 66.876458 33.610913 43.126774 1.336706 0.125000 6.486214 
80.628315 93.749546 39.372843 93.968508 3.736679 0.125000 19.941530 
83.560094 39.349103 82.072896 14.363221 3.758181 0.125000 18.311374 
9.659067 48.126096 9.779628 16.871739 1.370534 0.125000 11.904754 
31.755257 13.124286 31.628512 34.380984 1.376681 0.125000 3.776944 
35.596712 35.160667 48.170425 35.613387 2.498381 0.125000 6.102063 
48.093459 70.755216 38.075662 68.328691 3.093873 0.125000 3.370729 
35.605682 14.803948 50.687681 15.483161 3.352548 0.125000 6.953153 
90.368614 50.623640 90.216156 79.372832 2.599395 0.125000 22.232338 
80.624092 82.043932 40.625248 81.828858 1.323915 0.125000 9.378608 
91.634894 41.871879 92.073450 8.127579 2.775940 0.125000 14.655102 
80.638303 22.420123 64.370506 22.113103 2.664663 0.125000 10.529091 
7.485333 15.627633 7.345124 48.127028 1.384805 0.125000 18.532534 
164.614468 63.367787 172.174385 55.911210 2.706330 0.125000 1.653093 
65.616441 18.800664 79.380067 18.975021 1.424069 0.125000 1.970764 
48.207307 18.251653 35.591858 17.327325 2.767343 0.125000 7.870688 
110.622944 94.459174 81.859573 93.756518 1.646477 0.125000 3.274964 
49.764481 34.389446 50.321772 19.363754 1.758767 0.125000 10.098574 
62.733731 15.951774 59.457515 49.626255 9.710922 0.125000 74.270475 
47.522631 23.042214 46.464642 30.740395 2.987296 0.125000 1.697763 
161.989426 99.162662 174.808460 106.070634 3.557911 0.125000 16.751076 
31.573804 35.613377 30.704975 58.128086 2.931948 0.125000 10.529290 
45.679947 32.530131 38.014427 31.822075 3.064261 0.062500 2.108726 
75.650015 73.089694 51.884689 72.627161 2.694115 0.125000 13.717433 
114.920283 16.846828 113.617156 49.444644 3.297637 0.125000 48.949632 
165.611295 68.213231 174.374821 68.109849 2.558806 0.125000 0.050694 
174.771322 70.769066 168.970172 86.727842 3.097324 0.125000 11.948253 
144.552146 91.590925 156.019730 98.742006 2.508627 0.125000 6.102063 
47.709687 59.249258 47.038579 68.137351 5.174038 0.125000 4.067599 
162.255674 86.974908 163.261579 70.556783 3.590098 0.125000 19.962553 
10.486746 78.486111 30.773656 75.330770 2.854518 0.125000 16.200067 
26.897751 9.763354 20.586141 9.596703 3.814680 0.125000 1.697763 
31.679039 79.524546 5.610239 81.697947 4.360161 0.125000 24.507854 
13.214417 15.625084 13.195520 35.625067 2.509447 0.125000 17.323294 
39.876907 45.257902 37.895577 56.042160 5.143566 0.125000 14.486264 
117.393343 56.802740 119.443409 0.581914 4.704068 0.125000 51.760383 
38.095262 24.192358 45.996378 22.905885 4.935012 0.125000 8.567595 
61.107420 101.828319 61.421914 121.921222 11.326873 0.125000 54.443698 
32.530437 0.454103 31.475729 11.838008 4.079961 0.125000 6.126021 
13.756882 33.101601 13.235324 46.879176 1.579210 0.125000 0.820776 
16.975161 59.999320 29.553040 62.012828 2.319736 0.125000 1.653093 
119.369155 92.631020 140.627548 92.795380 1.404588 0.125000 2.576231 
84.611809 128.333621 86.732071 100.518820 16.773048 0.125000 104.057300 
148.108079 66.990366 160.703789 68.837832 2.292133 0.125000 4.336995 
34.378190 80.059323 74.377321 79.872889 1.436423 0.125000 10.912266 
31.877191 93.736627 8.123018 93.821724 1.330595 0.125000 14.971112 
101.205939 46.936591 102.530346 34.444479 3.013210 0.125000 6.829207 
158.196849 53.385687 174.580378 48.870166 2.410135 0.125000 2.036308 
161.337218 107.805524 157.908362 100.161470 2.679216 0.125000 1.067674 
113.639289 49.345098 114.657575 66.858570 2.640897 0.062500 3.472415 
140.585108 83.130155 139.452525 74.364983 2.799759 0.062500 1.407712 
113.974797 95.592604 112.852727 109.454145 2.895272 0.125000 9.438675 
174.489075 109.267380 164.246296 108.406720 4.260150 0.125000 11.086358 
34.903553 114.322768 33.044404 95.509439 2.487882 0.125000 8.533210 
151.753880 61.706067 159.075207 56.456864 2.472584 0.015625 0.664685 
116.948553 115.625541 117.086507 96.876556 1.314347 0.125000 2.873854 
144.459072 82.792659 146.624116 75.197182 2.638697 0.125000 0.164584 
29.033973 120.631774 29.117880 109.373084 2.555824 0.125000 4.336995 
61.875000 0.625000 89.375000 0.625000 1.250000 0.125000 9.195484 
15.875558 107.112868 18.476539 118.041334 6.948419 0.125000 9.277472 
4.375000 50.625000 4.375000 25.625000 1.250000 0.125000 7.389304 
13.682614 99.430395 12.944829 106.857101 2.734893 0.125000 1.067674 
121.875000 28.125000 121.875000 56.875000 1.250000 0.125000 10.098574 
4.254361 16.878887 3.730001 0.605506 1.651917 0.125000 4.680034 
