79.349876 64.669257 91.971319 65.746881 3.022630 0.125000 5.962107 
24.424498 125.943094 0.476332 129.669592 3.046859 0.125000 15.743835 
63.261835 28.508162 28.166078 26.239529 4.425154 0.125000 27.599896 
92.947917 65.639098 111.852257 68.287346 4.257989 0.125000 19.023505 
51.846336 64.653438 71.902636 64.061712 2.904406 0.125000 17.072773 
54.222620 42.743711 123.260319 54.853550 4.125536 0.125000 75.380704 
103.402217 39.484892 64.232564 29.960797 3.410864 0.125000 52.172723 
124.334994 44.550536 110.722292 41.448106 3.100724 0.125000 10.529091 
58.048531 125.343600 114.542549 109.991563 4.077519 0.125000 65.952510 
0.201545 123.579625 15.426270 125.761624 4.949427 0.125000 12.105041 
34.493054 131.531721 54.479742 128.929483 7.811551 0.125000 24.346698 
75.732916 107.409297 112.975944 99.887018 3.229297 0.125000 49.327496 
109.601524 18.193436 103.541858 38.250939 4.200696 0.125000 19.324164 
109.380586 72.037626 79.287286 73.071234 5.726492 0.125000 43.441263 
116.033918 105.670707 115.085710 88.222236 6.579937 0.125000 16.575611 
108.883547 39.599070 115.258813 18.016831 5.558615 0.125000 23.899005 
114.103063 69.758290 112.143644 55.587853 6.533523 0.125000 19.103668 
29.528317 11.377981 87.894669 -0.506213 4.422801 0.125000 94.300060 
26.986204 27.696217 3.165204 30.921900 2.916053 0.125000 10.526739 
105.547496 79.007494 64.792036 87.602488 7.663132 0.125000 78.287697 
45.631121 114.411693 65.698236 111.063997 4.111431 0.125000 9.124190 
111.832343 102.932030 59.143789 114.579053 3.507456 0.125000 39.100405 
0.618062 63.799218 50.638491 64.313924 2.654208 0.125000 62.477793 
53.243781 137.514467 34.221364 141.047892 6.970462 0.125000 19.449818 
65.848208 110.349920 75.622069 108.112196 3.376450 0.125000 6.102063 
0.591546 45.169490 53.175132 41.307598 5.078127 0.125000 75.508666 
33.083433 112.380746 44.462043 113.315956 2.696383 0.125000 8.292394 
43.142696 45.929451 10.607301 47.820495 2.568319 0.125000 33.717641 
112.890700 114.819528 57.006064 131.075568 5.259537 0.125000 110.403232 
50.581995 117.187485 0.498407 110.294858 2.942546 0.125000 51.867852 
34.409020 28.879085 58.133124 30.506572 2.408589 0.125000 4.341659 
120.785195 48.510554 31.846495 32.028816 7.469014 0.125000 171.951455 
25.738512 134.044362 0.505828 137.159792 2.955880 0.125000 24.830979 
96.955956 56.645786 71.981009 47.824854 5.476940 0.125000 27.520458 
174.400545 102.818395 150.503989 100.827445 5.397606 0.125000 19.700161 
0.513710 93.255528 43.139770 96.691779 3.536991 0.125000 51.021392 
121.088364 117.005162 119.747186 108.899748 4.932926 0.125000 6.799042 
85.592168 91.629525 46.866186 96.809098 2.643646 0.125000 14.953352 
45.637549 71.227596 0.605016 72.165429 3.176146 0.125000 61.737184 
149.476192 97.626500 128.080827 96.388279 7.776355 0.125000 22.303662 
58.265956 31.264741 99.345393 40.753182 1.499249 0.125000 20.844003 
0.639877 33.250717 33.128687 29.406161 1.828913 0.125000 12.049956 
32.460869 0.405271 31.546087 8.374226 5.109934 0.125000 10.529091 
109.768781 63.721817 104.443490 60.511392 4.502279 0.125000 1.653093 
103.887477 60.470084 97.163629 57.476676 5.076175 0.125000 8.756152 
70.794642 48.570756 59.266559 46.139101 2.188184 0.125000 0.820776 
111.056623 -0.182918 139.137715 14.819153 3.534086 0.125000 41.416722 
64.377603 91.899419 91.832093 88.972528 1.955873 0.125000 8.614963 
143.121759 96.909475 163.179529 98.794900 1.670140 0.125000 9.195484 
65.020843 89.066250 54.464212 92.177684 3.597017 0.125000 1.454630 
164.380814 95.226304 150.615513 95.025575 1.432127 0.125000 1.970764 
0.408058 107.158085 31.911642 111.616059 3.024152 0.125000 18.893826 
6.175466 28.083934 7.797188 0.458993 8.661706 0.125000 105.866103 
0.729763 132.514534 21.823263 129.059166 2.648061 0.125000 2.835356 
60.441104 136.317173 116.752453 117.753269 3.248478 0.125000 40.620394 
133.710036 36.373809 117.797882 22.243364 2.497254 0.125000 2.089640 
167.527052 0.586655 166.826495 34.348056 5.699093 0.125000 42.389432 
174.747832 121.212237 123.995928 111.319780 6.789640 0.125000 101.576724 
20.636205 65.793106 0.641715 67.125774 1.579754 0.125000 1.653093 
30.808836 33.240976 0.351131 37.340045 4.573328 0.125000 71.508693 
29.574945 25.674910 29.095075 15.578892 5.172401 0.125000 4.824161 
61.929751 81.179489 94.360413 77.977269 1.505274 0.125000 14.081748 
120.544714 30.757260 132.092290 37.767047 1.945916 0.062500 0.805318 
154.428305 111.476789 174.569379 114.172922 3.463157 0.125000 11.314525 
9.345074 47.989897 0.212515 50.012823 4.201918 0.062500 1.228679 
64.356781 82.977415 44.353012 85.446888 1.853184 0.125000 3.508045 
138.389325 15.575726 137.451233 34.341318 2.871339 0.125000 13.631274 
73.180770 103.434185 90.566068 100.298283 1.250000 0.125000 1.970764 
166.068012 43.089916 164.216713 85.672463 3.692168 0.125000 53.604507 
21.713330 24.375996 21.636288 11.876471 2.523066 0.031250 0.203712 
137.667421 41.857290 137.037553 58.131291 1.684159 0.125000 8.292394 
