86.212925 3.110573 86.582280 18.162855 4.967832 0.125000 14.491747 
75.625492 1.881140 85.661202 1.076559 2.266581 0.062500 2.957812 
86.133957 19.330067 88.024474 40.744229 6.701455 0.125000 28.283255 
128.102292 14.397628 136.836886 23.162980 4.678293 0.062500 0.618640 
116.268628 43.144958 115.856293 30.617387 4.118055 0.125000 16.442587 
77.042329 13.071613 72.960702 0.278605 5.903265 0.125000 5.078000 
96.531910 43.213889 97.157677 54.428974 3.122858 0.125000 8.567595 
94.101169 43.121138 94.312952 28.106493 2.570270 0.125000 3.508045 
105.639304 30.624874 105.749795 43.123897 2.588298 0.125000 6.985969 
87.888090 40.556315 87.196812 68.101706 4.559385 0.125000 22.823135 
74.519394 40.691035 75.472812 20.558596 5.644837 0.125000 10.562660 
92.386679 28.061230 91.755673 10.629319 6.472000 0.125000 21.358529 
142.605015 25.632412 142.319737 5.618661 1.481479 0.125000 15.517114 
104.597389 14.209238 111.067743 9.512824 4.780708 0.125000 4.339063 
160.168792 26.741339 165.960502 6.973296 5.501209 0.125000 18.073763 
103.718311 65.681618 100.588344 29.378160 5.346729 0.125000 33.711967 
143.745946 46.999025 142.415322 26.839336 3.741858 0.125000 2.965374 
124.041861 48.161750 124.896260 26.845790 4.097432 0.125000 14.928004 
133.033142 59.291165 143.747114 47.551950 4.374500 0.125000 5.682535 
119.356800 25.626790 121.206780 44.440706 3.099616 0.125000 7.695231 
74.236651 52.061607 76.380223 39.291944 5.965685 0.125000 8.077908 
96.098734 71.869428 96.053748 78.137049 3.776819 0.125000 0.797908 
158.087114 0.624422 157.686686 26.887376 3.768621 0.125000 12.259834 
125.348580 66.863072 125.118903 48.115886 3.734406 0.125000 14.776697 
72.895139 76.855020 75.042539 52.150331 5.738935 0.125000 20.081346 
115.601719 120.655553 116.568569 81.836235 7.808908 0.125000 59.189506 
92.852428 79.091283 94.236451 108.250238 13.611964 0.125000 67.219468 
133.746990 66.874043 133.735442 59.372136 3.757692 0.125000 4.336995 
16.825891 0.537056 15.202650 24.515647 3.657011 0.125000 20.949977 
104.370024 23.871064 118.136085 23.962873 3.133253 0.125000 7.870688 
153.826198 88.578727 149.673421 72.115025 4.869852 0.125000 14.141600 
155.673070 27.850249 151.079973 47.943263 4.387017 0.125000 12.406669 
135.432507 30.266378 138.609464 39.634609 2.566007 0.125000 0.050694 
164.842278 7.080690 164.178245 0.518423 3.605103 0.125000 4.680034 
160.570886 98.159466 153.875456 87.647030 3.451638 0.125000 4.480242 
110.913825 46.872311 111.076846 64.382431 1.401229 0.062500 0.293299 
175.006367 121.207240 159.988046 116.262890 7.094570 0.125000 28.460202 
108.823896 64.381693 108.991580 46.871328 1.417519 0.062500 0.293299 
101.116198 108.135083 101.655878 81.844842 4.057062 0.125000 21.591305 
125.665760 23.725601 134.375645 23.134506 2.578899 0.062500 0.966439 
19.379297 77.740466 68.123211 78.285099 2.248459 0.125000 27.249975 
168.534592 7.447584 174.168285 0.458376 3.892818 0.125000 8.292394 
152.358565 48.220900 151.531305 63.175136 3.813319 0.125000 3.586135 
0.613585 64.772225 18.127179 64.537799 1.467381 0.125000 1.970764 
21.620608 59.331567 18.818575 75.743416 4.958739 0.125000 7.963887 
92.355957 69.352594 91.307326 46.843213 3.253501 0.125000 22.163170 
105.895445 143.269455 107.778610 123.448371 6.694893 0.125000 20.604813 
115.298367 12.327080 122.965030 17.866333 4.673490 0.125000 2.486513 
96.020028 120.342955 99.493952 140.604605 8.835394 0.125000 34.574583 
0.559415 78.633089 13.181777 77.517278 2.490289 0.125000 5.219043 
144.650577 6.561130 155.961331 16.491933 5.521347 0.125000 10.033387 
95.414287 111.473962 96.875111 119.812931 6.156252 0.125000 5.882676 
106.284506 85.603128 105.217635 114.406211 3.007240 0.125000 28.975529 
20.391414 0.631374 21.960279 58.122673 1.829205 0.125000 46.222174 
13.132799 67.415486 0.617368 67.596068 1.430211 0.125000 5.583124 
73.687727 91.879393 73.607783 79.371914 1.329869 0.062500 1.669734 
123.772351 110.659563 125.439636 79.431842 4.011243 0.125000 17.364708 
167.970255 23.060177 173.803334 9.135527 3.645784 0.125000 0.940023 
12.157828 25.122614 4.456606 59.110255 6.419624 0.125000 69.521727 
69.375000 75.625000 69.375000 26.875000 1.250000 0.125000 24.548014 
8.106850 60.880500 18.233342 61.599858 2.493716 0.125000 1.697763 
86.405293 106.846245 86.494296 113.130392 6.249373 0.125000 1.702576 
115.664782 17.920089 103.139967 17.577623 2.430734 0.125000 0.883796 
146.823935 100.684485 139.417000 94.326074 2.845388 0.125000 1.653093 
