90.315874 26.843264 89.413888 35.628992 2.097412 0.125000 1.067674 
71.357643 33.855308 59.752081 17.494195 2.857505 0.125000 10.529290 
72.094742 0.605515 72.343711 19.385358 5.148691 0.125000 11.522001 
129.957885 38.015943 128.698658 45.718779 3.273921 0.125000 0.797908 
72.469704 40.602341 73.900074 78.143096 4.270801 0.125000 33.175774 
86.203037 43.110620 86.577946 25.591892 3.749142 0.125000 6.907656 
72.445105 20.610911 72.755347 33.165026 2.715405 0.125000 6.102063 
129.246720 46.869465 129.171387 65.629202 2.575273 0.125000 14.081748 
129.390759 16.854604 129.101310 34.370477 2.623579 0.125000 0.614840 
114.386748 75.139494 99.351881 75.370533 2.480499 0.125000 9.642303 
84.202816 24.480099 83.562385 0.579785 11.547309 0.125000 62.512222 
126.097249 56.983884 123.450643 38.079410 4.555556 0.125000 10.912266 
115.253510 43.184308 114.892219 25.691770 6.300291 0.125000 33.256839 
65.730274 30.567332 68.652244 35.901444 2.744194 0.062500 1.669734 
106.597137 45.202972 112.599142 47.217212 4.220630 0.125000 2.576231 
88.560777 39.347592 89.818646 59.347097 3.436635 0.125000 25.670416 
57.143999 59.362197 56.670542 95.638646 3.782306 0.125000 50.240914 
164.878614 41.929861 166.171512 0.602992 3.475946 0.125000 52.816280 
97.094568 53.217026 94.628351 25.602374 6.759263 0.125000 38.827443 
101.060432 25.623456 101.126905 44.373221 3.803155 0.125000 16.311590 
62.067130 78.126975 62.032114 59.374707 2.535007 0.125000 17.323294 
46.964188 81.874781 46.850697 35.621992 2.592006 0.125000 58.964117 
7.430006 84.375123 7.432650 45.624953 3.751962 0.125000 42.942318 
97.599150 74.404457 97.823476 59.370501 2.499722 0.125000 7.697740 
68.818361 50.678793 67.957468 41.770392 2.849121 0.125000 0.050694 
6.649308 44.883849 -0.426409 41.745525 5.584209 0.125000 6.799042 
136.076355 37.073362 137.264115 19.401153 7.818414 0.125000 21.221822 
33.141483 5.311470 56.891557 6.560050 2.365305 0.125000 8.896623 
48.547959 35.436267 63.940959 47.431965 4.263533 0.125000 14.928004 
89.752203 0.579938 91.406880 14.430923 3.520269 0.125000 6.953153 
52.689052 13.456825 65.249856 29.959098 2.315633 0.125000 13.192832 
137.765588 74.405914 134.633855 37.995221 7.833789 0.125000 67.258551 
162.712532 61.027178 152.840412 50.902489 3.579904 0.125000 6.281913 
125.506770 74.370191 126.168643 58.096272 3.005900 0.125000 10.285789 
172.911043 53.284332 174.471167 43.139789 2.850956 0.125000 0.218275 
66.515103 55.607992 66.897570 75.624569 2.762224 0.125000 14.495760 
105.017569 73.116233 105.396367 46.871700 2.553859 0.125000 13.821835 
26.875280 6.342417 0.624630 6.328599 3.759870 0.125000 6.765508 
119.917802 20.625176 119.900004 75.625170 2.516179 0.125000 45.932264 
99.373836 18.498209 118.127551 18.556675 1.304552 0.125000 1.970764 
149.575974 38.128674 149.415647 46.898595 2.613822 0.125000 0.820776 
152.888796 75.629039 152.503816 53.114248 2.542376 0.125000 18.201342 
11.748048 8.833776 19.665713 10.251946 4.921675 0.062500 0.865101 
36.832585 23.125119 36.994203 80.624665 2.615934 0.125000 57.411872 
139.254698 38.347562 163.116638 35.553580 3.076280 0.125000 8.991506 
138.066684 1.702629 159.383350 0.828670 3.265985 0.125000 21.207173 
73.388073 79.329907 71.385479 123.159746 4.830103 0.125000 33.057378 
115.538740 113.461850 114.099344 91.727688 8.400461 0.125000 37.585958 
168.103641 81.921672 167.596194 68.098525 3.976759 0.125000 0.553250 
45.698680 84.291289 19.317065 85.957930 3.204323 0.125000 23.990843 
58.231705 6.431357 69.434901 9.125950 2.722995 0.125000 1.720471 
113.128955 129.374363 111.104275 116.797842 3.058625 0.125000 0.664633 
107.752392 48.120684 107.462706 73.131807 2.774893 0.125000 17.058749 
87.823612 83.048452 86.525475 109.357754 6.628462 0.125000 62.895142 
173.101055 0.621472 173.122647 8.125007 2.521571 0.125000 2.873854 
44.138110 25.626260 44.430710 80.624704 1.349734 0.125000 28.160374 
148.694426 53.111040 149.185211 73.129653 1.617261 0.125000 11.001664 
164.530289 78.347013 141.795094 76.797164 4.733378 0.125000 17.993104 
28.060079 59.388820 25.769025 48.626535 5.229407 0.125000 1.992002 
80.477104 68.131333 80.584838 49.381952 5.064559 0.125000 22.582372 
86.803808 107.078794 88.985471 134.604025 6.390128 0.125000 62.041755 
78.393869 28.119174 78.745804 44.361549 1.520489 0.125000 4.680034 
61.531108 94.367420 61.778974 83.122883 2.609582 0.125000 3.456020 
94.238158 108.116945 95.864255 80.491925 6.606460 0.125000 32.924560 
101.082978 89.311383 98.864234 116.934377 3.337639 0.125000 18.537196 
146.544960 71.947190 144.343376 61.881917 2.976457 0.125000 0.218275 
117.621347 71.889199 118.025915 50.623115 1.606412 0.125000 1.720471 
35.621981 77.670911 19.372699 77.778940 1.349693 0.125000 1.067674 
128.593007 78.124437 128.621589 101.874402 1.277077 0.125000 6.486214 
122.360314 111.782851 125.959503 81.915309 3.573516 0.125000 20.575909 
67.026643 83.077573 66.539445 94.360511 2.821221 0.125000 8.756152 
89.608302 61.867876 89.546929 70.626205 0.686282 0.031250 0.465614 
8.254089 108.188230 7.262120 90.603163 4.569663 0.125000 9.124190 
46.441329 105.644877 46.928759 85.626309 1.462620 0.125000 3.776944 
100.625000 56.875000 100.625000 71.875000 1.250000 0.062500 1.785718 
15.625000 48.125000 15.625000 76.875000 1.250000 0.125000 10.098574 
18.125000 76.875000 18.125000 49.375000 1.250000 0.125000 9.195484 
133.250424 111.883714 135.336816 81.854977 4.087545 0.125000 24.672101 
18.113116 33.909013 34.378326 34.155561 0.852201 0.062500 1.669734 
49.350117 47.626292 59.387497 47.125469 1.746784 0.125000 0.820776 
124.085586 18.521790 113.987450 11.156336 2.019806 0.125000 2.873854 
105.625000 43.125000 105.625000 28.125000 1.250000 0.125000 0.164584 
113.133011 10.117623 95.617641 9.841078 1.486645 0.125000 9.642303 
8.122260 29.188369 34.366605 28.803123 1.506724 0.125000 10.098574 
108.125000 28.125000 108.125000 43.125000 1.250000 0.125000 0.164584 
116.663704 0.830226 127.765331 12.260249 4.586403 0.125000 8.077908 
33.142921 24.206008 8.158768 21.556571 2.881511 0.125000 13.304151 
