169.588972 7.915532 167.499269 18.251217 3.675626 0.125000 1.454630 
156.570227 36.133765 164.274172 21.820730 7.112371 0.125000 6.914500 
166.518154 24.909064 151.334497 50.301805 3.207520 0.125000 23.400890 
156.062910 34.204225 148.569609 47.677059 10.924076 0.015625 0.275685 
130.574272 6.347927 158.114096 8.280398 3.828299 0.125000 14.787699 
162.985438 20.746942 161.868221 8.015901 5.745778 0.125000 7.030996 
145.735956 70.636290 148.027485 48.115078 3.477670 0.125000 13.693766 
150.345387 50.604159 148.849097 70.678971 2.810507 0.125000 11.219093 
119.640777 83.122367 118.910194 9.367222 6.608751 0.125000 175.522021 
126.684172 9.370739 125.343767 69.396633 5.417345 0.125000 68.364306 
14.773707 95.998928 5.689312 105.685315 3.817039 0.125000 4.057129 
145.713861 77.146559 134.443554 80.834500 3.952787 0.125000 2.742210 
173.200869 61.876625 174.191562 15.621071 3.034750 0.125000 25.698953 
160.603940 24.695715 129.406378 22.647150 3.596888 0.125000 27.125627 
16.668125 3.199629 18.951027 9.527946 2.798355 0.062500 0.616176 
125.624349 71.999525 145.630340 72.104170 2.598040 0.125000 19.129474 
148.128607 72.261018 166.876970 72.085811 2.581658 0.125000 1.967896 
151.889198 87.226015 139.308658 87.734892 5.197997 0.125000 6.145961 
174.430194 88.222939 151.802472 87.138872 6.011167 0.125000 20.179752 
120.643820 0.360526 144.362664 2.048358 1.779201 0.125000 11.904754 
144.350435 4.612403 101.916733 0.221680 2.015284 0.125000 29.379557 
33.080472 6.126160 71.857539 9.571526 1.494543 0.125000 14.486264 
128.791410 46.514946 145.836773 43.036865 12.272423 0.125000 51.940854 
142.171443 92.638682 122.115804 89.214568 8.264548 0.125000 24.487237 
15.622819 82.675128 116.876499 82.184185 1.686359 0.125000 116.365569 
5.657985 54.102918 13.049351 54.998998 3.873182 0.125000 0.050694 
9.311845 109.373050 8.966091 120.573791 7.650700 0.125000 11.554906 
79.383678 51.630486 114.383953 52.872741 1.736931 0.125000 24.548014 
89.375000 63.125000 115.625000 63.125000 1.250000 0.125000 8.292394 
64.375000 61.875000 79.375000 61.875000 1.250000 0.125000 0.164584 
