86.997689 0.577560 87.606233 18.186128 5.256059 0.125000 24.823557 
138.879462 14.444148 130.717890 9.229612 5.559444 0.125000 0.218016 
128.475487 12.666695 136.223707 18.592117 4.030280 0.125000 5.946800 
87.164692 19.079203 89.069109 37.039974 6.535583 0.125000 22.358550 
77.257492 11.954854 76.209623 0.571185 3.848791 0.125000 3.274964 
118.208250 41.936832 117.544161 29.405782 4.662236 0.125000 12.806661 
97.947912 43.067717 98.550396 54.352288 3.096229 0.125000 6.799042 
106.946817 29.372222 107.431397 41.901825 2.787977 0.125000 3.403198 
120.696569 68.388101 106.800285 69.045388 7.786916 0.125000 5.840417 
76.888275 28.125175 77.085912 13.111322 3.782581 0.125000 11.219093 
109.328417 43.715519 115.833755 44.228696 4.984515 0.125000 2.560371 
93.477331 26.826912 93.027571 11.840410 6.434672 0.125000 21.765382 
129.085496 74.257514 126.186422 50.556328 4.632854 0.125000 25.089673 
89.013523 48.118603 88.884467 80.628015 3.824404 0.125000 32.973721 
104.955532 13.319745 112.564958 8.492228 4.891662 0.125000 4.480242 
97.963501 15.645838 99.432210 27.028901 2.629126 0.125000 1.720471 
168.075709 21.870772 165.706892 49.489236 6.263544 0.125000 46.452395 
145.149130 23.137199 144.667159 4.335468 2.531212 0.125000 14.971112 
145.992174 40.885915 145.195874 30.561687 4.889068 0.125000 1.349337 
165.574330 50.578424 166.014331 61.908424 2.837668 0.125000 10.098574 
126.620716 51.868160 126.723017 29.368625 5.022682 0.125000 9.524712 
105.519129 65.634498 102.475499 31.708982 4.516866 0.125000 31.111030 
126.704036 19.384719 126.137411 9.416929 2.012855 0.125000 0.820776 
165.598104 60.626572 166.476182 75.648312 2.787511 0.125000 7.653196 
165.673640 77.489064 174.467801 78.161693 2.683377 0.125000 0.820776 
74.163127 63.227203 75.917444 45.407668 7.322154 0.125000 26.472287 
98.166003 80.625590 98.021656 90.659478 5.071405 0.125000 14.486264 
119.264706 123.136698 118.909711 81.857502 5.236302 0.125000 82.567279 
96.725554 91.553945 98.797951 98.657988 8.049818 0.125000 0.532358 
79.495358 50.601619 82.907679 68.167217 3.645977 0.125000 6.633937 
105.621833 23.006040 120.644464 22.606088 4.048077 0.125000 2.720074 
15.625291 78.102801 68.132654 78.791125 2.548940 0.125000 36.384564 
175.168091 83.774364 167.021505 80.283139 5.416335 0.125000 1.036501 
12.247913 0.715314 1.971271 43.148315 5.960466 0.125000 52.368311 
163.159942 70.952894 154.331229 71.148400 3.915123 0.125000 7.870688 
103.910743 110.624924 103.915425 81.874722 3.752850 0.125000 27.779858 
116.781146 10.736067 125.470389 18.078726 4.329930 0.125000 4.067599 
121.568446 26.802441 122.347705 36.934780 3.067752 0.125000 1.229414 
71.978556 28.130075 72.714902 13.104902 1.799175 0.125000 3.370729 
173.011816 49.364157 172.546774 0.606670 3.845204 0.125000 90.354478 
73.308890 45.650311 73.529860 33.132147 2.521672 0.125000 5.219043 
74.011085 76.900395 73.044113 63.043417 2.667968 0.125000 9.642303 
98.717078 105.497462 100.555662 132.052890 6.839439 0.125000 52.913879 
165.151323 4.283567 166.347183 14.437165 4.114153 0.031250 2.361493 
93.343148 61.892325 93.091017 46.875571 2.730477 0.125000 15.860896 
127.684863 101.875281 127.680285 74.374658 5.001457 0.125000 13.341162 
108.498083 86.853941 107.867331 113.118812 2.889411 0.125000 34.117487 
125.192831 9.904778 118.378800 4.346200 5.454667 0.125000 1.198571 
109.961571 143.200840 110.586313 128.071785 9.051992 0.125000 14.687155 
130.613674 79.684520 163.161573 80.875515 2.086942 0.125000 25.670416 
147.225237 5.184572 160.833729 16.006307 5.846794 0.125000 16.694391 
113.085360 48.125343 113.225784 64.374129 1.260756 0.125000 1.067674 
8.185827 66.555871 0.555049 67.054498 2.902212 0.125000 3.456020 
100.440102 133.595063 102.495278 142.989302 7.326720 0.125000 5.552885 
89.650569 81.837375 88.970273 99.455904 4.948047 0.125000 23.159421 
166.227662 81.866418 166.566035 105.629400 2.713317 0.125000 15.342551 
15.558325 0.627391 17.710585 60.639862 2.055608 0.125000 52.332758 
74.212476 93.131121 73.693560 79.353586 1.672534 0.125000 1.697763 
3.108128 59.732949 14.391977 60.264817 1.660590 0.125000 3.776944 
1.549896 43.061140 2.586593 58.075868 2.838469 0.125000 5.301648 
90.358272 100.592779 88.387533 116.906714 5.413646 0.125000 12.593266 
69.656772 76.866401 68.626645 43.109692 1.363801 0.125000 12.058439 
68.125000 39.375000 68.125000 11.875000 1.250000 0.125000 9.195484 
