48.527279 9.358874 51.384820 80.644649 4.297727 0.125000 85.273815 
95.586326 15.715151 75.566925 15.137431 3.784497 0.125000 5.868963 
63.405014 30.651507 65.069100 13.072377 2.724477 0.125000 14.971112 
122.002225 16.864674 121.588180 61.883858 2.821778 0.125000 53.562588 
69.711170 0.563691 68.698129 15.663451 3.498483 0.125000 11.925485 
114.575429 51.649340 110.718726 26.860418 3.595405 0.125000 24.750649 
33.228894 47.113006 24.347637 47.733102 4.176213 0.125000 0.923527 
93.066038 36.987502 92.136022 15.833343 7.657467 0.125000 37.102581 
44.921217 45.645924 43.842224 9.353676 2.833218 0.125000 41.416722 
114.596658 75.624679 114.562235 51.874729 2.532609 0.125000 17.143730 
65.371522 31.877344 65.741552 71.885483 2.788908 0.125000 22.526659 
33.671602 100.615794 32.787653 48.130682 3.812616 0.125000 62.370617 
23.137854 54.392017 23.308776 79.373743 5.162374 0.125000 19.869931 
82.795654 38.627317 89.740088 39.932514 5.449772 0.125000 1.454630 
76.466074 16.837195 76.828769 36.898435 4.065726 0.125000 28.798057 
119.474021 54.314793 120.369816 74.386389 4.080663 0.125000 14.382555 
172.741542 16.879677 172.543168 0.616850 2.576046 0.125000 10.529091 
112.961788 4.649113 109.551624 18.169549 5.459575 0.125000 1.606321 
156.883559 37.022564 171.833264 36.155444 3.671326 0.125000 1.783865 
73.737039 61.955545 71.814105 46.724871 6.670499 0.125000 11.738727 
73.525231 71.895795 73.309739 63.089890 2.713312 0.125000 2.873854 
70.591073 45.695056 71.751833 25.545894 7.030458 0.125000 30.846774 
41.880381 6.861516 41.636363 29.385957 2.499853 0.125000 18.201342 
96.807042 73.484103 75.395577 75.117388 6.422045 0.125000 14.687155 
103.616058 18.974859 102.630356 11.606725 5.784586 0.125000 3.048414 
160.668726 1.777010 161.812640 16.879723 2.304045 0.125000 4.248691 
172.315837 34.391269 172.686072 24.358802 2.544398 0.125000 2.576231 
143.200584 15.695601 143.738756 5.591113 2.828870 0.125000 4.336995 
143.216100 4.484423 148.751417 -0.124004 3.217587 0.125000 1.067674 
59.345345 16.853545 59.697244 36.869335 2.807234 0.125000 21.725979 
173.406198 73.201103 171.528983 49.303988 3.667014 0.125000 27.249975 
41.774320 30.614013 41.929759 46.874477 1.261891 0.125000 1.067674 
148.121070 18.608458 174.370380 18.473879 2.557644 0.125000 17.918538 
43.482066 48.127628 43.196877 86.875529 5.073464 0.125000 43.159627 
75.585147 6.425127 96.906771 7.487135 3.056561 0.125000 14.649975 
54.278548 0.330540 56.005755 7.096887 4.837986 0.125000 4.232717 
64.694515 13.522517 62.207526 -0.119272 8.723519 0.125000 33.415100 
159.402560 16.169348 144.314662 16.933232 2.433597 0.125000 6.985969 
81.797606 70.624292 82.072002 40.626802 2.454161 0.125000 7.673113 
101.860591 71.064730 111.849865 71.392058 1.535896 0.125000 1.067674 
158.150407 74.928962 138.131452 74.198234 1.477152 0.125000 2.576231 
84.630916 40.624514 84.690285 71.874401 1.304618 0.125000 9.642303 
98.990403 43.124802 98.996988 71.874800 5.004581 0.125000 10.433629 
135.021321 59.451391 130.894723 26.840869 6.372776 0.125000 45.733622 
98.224736 16.865391 99.691049 32.085404 4.212203 0.125000 3.042730 
23.653760 84.338548 22.261070 111.894512 6.052748 0.125000 25.204588 
49.546948 71.862570 48.012309 50.633146 1.787498 0.125000 5.962107 
31.948363 81.284336 25.500027 82.001830 2.899362 0.125000 1.067674 
159.785526 21.872146 159.872557 34.388923 3.810748 0.125000 11.086358 
44.615940 87.390096 42.346987 99.463699 2.690944 0.125000 5.219043 
66.405221 73.078070 61.880161 118.375258 8.332626 0.125000 66.369779 
164.328636 74.369427 164.468350 41.870028 3.884306 0.125000 48.186011 
114.288872 95.658903 114.836708 76.852037 2.972095 0.125000 15.342597 
21.871091 80.430672 0.604553 80.858411 2.901678 0.125000 31.033607 
92.980778 119.373628 93.194861 96.875665 9.999547 0.125000 41.975775 
142.658497 59.378611 142.745638 70.637611 2.509599 0.125000 5.583124 
113.123487 77.214416 93.123884 77.125255 1.333576 0.125000 2.873854 
136.512166 21.880259 136.203963 0.616608 5.035707 0.125000 13.190779 
33.195812 21.885102 31.048755 36.935452 3.359343 0.125000 3.012505 
140.952945 46.473280 137.589397 33.261356 4.250867 0.125000 5.336485 
158.833056 41.864012 159.337589 74.375581 3.846528 0.125000 53.219279 
63.803038 76.816924 62.846466 65.648857 2.704230 0.125000 2.510782 
81.875000 35.625000 81.875000 18.125000 1.250000 0.125000 1.970764 
134.869195 70.630990 134.990573 60.617310 2.514967 0.125000 4.680034 
61.282376 61.898622 60.534196 43.128619 3.796810 0.125000 15.599063 
22.033248 -0.387045 36.027486 19.085751 6.248704 0.125000 28.016841 
68.991190 113.088663 72.202498 79.169319 5.633093 0.125000 46.008823 
75.530803 50.626495 75.828580 69.391605 1.269676 0.125000 2.873854 
92.900182 132.002542 91.780818 119.058847 10.178210 0.125000 11.966115 
174.382555 78.499558 163.086725 78.727396 3.199352 0.125000 0.050694 
154.346437 78.821791 138.123697 78.156780 1.658532 0.125000 0.797908 
0.615163 86.103248 21.877641 85.832219 2.627255 0.125000 11.925485 
84.375000 18.125000 84.375000 35.625000 1.250000 0.125000 1.970764 
151.247445 71.591148 144.591678 58.656725 6.129330 0.125000 5.384002 
77.985926 89.290608 76.227273 118.237534 5.066601 0.125000 28.071570 
167.414341 43.134176 167.052898 64.378027 1.483728 0.125000 3.456020 
139.854311 73.117462 140.111028 46.869973 1.494444 0.125000 22.991712 
93.861450 97.610660 91.494046 87.912851 9.064691 0.125000 15.163678 
37.767228 14.467984 34.949292 3.625487 4.887129 0.125000 2.089640 
165.047807 34.410780 165.515343 25.619168 1.580141 0.062500 0.465614 
6.880500 20.469995 30.644934 21.313200 1.648133 0.125000 11.001664 
77.130998 118.050882 75.826408 135.546811 5.540389 0.125000 2.882123 
95.874362 69.379717 96.323945 45.614575 1.604421 0.125000 13.192832 
21.670394 100.307355 0.392118 114.013458 2.030693 0.125000 7.917544 
103.197911 8.037500 94.345159 0.660812 2.400575 0.125000 1.653093 
153.125000 63.125000 153.125000 39.375000 1.250000 0.125000 6.486214 
159.449302 115.476435 144.450066 107.974907 1.677677 0.125000 0.050694 
