55.074276 6.883352 55.301707 21.879903 6.381964 0.125000 10.056191 
54.725522 21.547710 55.640508 29.516742 6.636962 0.125000 10.390293 
123.086855 26.866313 122.867516 59.390123 3.741485 0.125000 54.106009 
100.663218 7.069299 91.853234 7.302422 5.064380 0.125000 0.731012 
122.086098 0.454909 123.355556 20.688959 5.224997 0.125000 20.042958 
102.944299 31.974908 102.277526 5.741855 8.132805 0.125000 47.805854 
71.889013 7.716761 60.609396 7.329589 3.790674 0.125000 5.172956 
117.361694 39.280616 115.869339 31.585206 7.087595 0.125000 0.186775 
116.953364 32.178295 114.338624 0.524749 7.772370 0.125000 43.593426 
55.118048 30.589577 53.025934 60.530735 5.336360 0.125000 29.675036 
64.572176 33.121566 65.247278 71.881579 3.466440 0.125000 28.686196 
79.924868 54.445983 77.879629 34.273145 7.605068 0.125000 25.507042 
48.846571 65.627338 48.558888 0.617548 3.733369 0.125000 50.947972 
84.129880 6.866870 84.224519 33.116529 5.081087 0.125000 50.599658 
80.198129 71.876217 80.222156 55.624404 1.274022 0.125000 1.067674 
61.855702 19.868757 73.137324 20.309691 2.644547 0.125000 0.050694 
93.936513 33.224723 99.928471 35.171341 6.716626 0.125000 0.149785 
74.386946 23.497204 63.108445 23.859201 2.659112 0.125000 2.510782 
117.615712 71.877112 117.486076 40.622465 1.364051 0.125000 22.099308 
76.022694 34.856407 79.444340 23.145259 7.751970 0.125000 10.787410 
121.180884 61.703843 120.169224 73.194922 3.735551 0.125000 13.192832 
169.408920 77.107538 138.110361 76.064098 2.831809 0.125000 39.089723 
106.891241 74.071616 81.855718 74.501160 3.942440 0.125000 28.949636 
66.862234 52.707480 78.128753 52.880251 3.845391 0.125000 4.480242 
90.171496 70.623354 90.298547 35.623815 1.372505 0.125000 10.310893 
92.223935 10.624454 92.211814 30.625204 1.262121 0.125000 3.776944 
108.621843 31.874664 108.648898 71.875491 1.277054 0.125000 18.226384 
150.622174 73.920902 168.121497 73.812005 1.351096 0.125000 0.164584 
109.331137 0.624203 108.785930 30.637006 4.271562 0.125000 20.445754 
90.132332 30.626009 90.158988 10.624379 1.276653 0.125000 3.776944 
134.449408 44.627737 131.853599 6.876472 8.254070 0.125000 60.837022 
92.942927 35.623345 92.624672 70.631815 2.670343 0.125000 31.791110 
80.216923 23.135897 79.882474 10.611449 2.599212 0.125000 8.292394 
102.178287 134.352142 102.843334 106.807838 8.777623 0.125000 52.460089 
76.718375 123.148314 77.626479 80.561061 7.871370 0.125000 59.890760 
84.601052 106.819423 85.262579 124.388646 3.841409 0.125000 14.776697 
106.555119 69.373589 106.687430 39.374173 1.371274 0.125000 10.098574 
62.784813 84.172155 60.450078 116.862507 13.803959 0.125000 76.808369 
78.139734 74.288209 66.875708 74.430888 2.594793 0.125000 8.756152 
136.884008 71.875018 136.884379 45.624982 2.500371 0.125000 28.160374 
172.522567 0.542523 171.959703 13.184426 4.191084 0.125000 18.532534 
119.382958 78.356213 83.132878 79.603888 1.679238 0.125000 18.201342 
149.591306 51.879317 149.191821 71.896291 2.848686 0.125000 28.351130 
44.808115 41.871243 44.471989 3.124159 2.521592 0.125000 18.537196 
75.085166 136.889598 75.444728 119.396988 3.877650 0.125000 6.907656 
35.644392 66.653628 46.917387 67.641122 1.681552 0.125000 1.067674 
46.892225 9.375020 46.828196 65.624947 1.252845 0.125000 29.966554 
61.750572 114.243701 62.951761 124.541022 7.883981 0.125000 32.343103 
168.108764 83.447257 144.356080 82.250512 2.622632 0.125000 2.720074 
170.926237 21.874064 171.093322 75.627430 5.163164 0.125000 91.118856 
117.287478 96.883813 117.635105 80.614532 1.543446 0.125000 10.098574 
120.916995 79.351397 123.141725 106.873648 2.491872 0.125000 24.374822 
62.702170 68.136781 62.248784 51.864585 1.597662 0.125000 7.870688 
82.514702 48.107245 83.105019 69.375555 1.631012 0.125000 10.098574 
145.873307 30.533450 138.078539 9.392130 4.999281 0.125000 16.130864 
0.620779 61.919961 33.185821 64.977137 2.021715 0.125000 19.754330 
140.647948 78.969457 174.360731 80.877162 2.637248 0.125000 20.801514 
35.622157 63.152085 6.925850 60.140476 1.373641 0.125000 9.642303 
60.044096 124.320619 60.260003 136.902713 10.127208 0.125000 11.943987 
49.380322 79.812540 38.116784 79.949550 1.386743 0.015625 5.451035 
63.137450 2.583344 79.382432 2.297811 1.513416 0.125000 6.102063 
55.034716 114.526667 53.334293 121.923116 5.466107 0.125000 1.454630 
53.465075 60.625339 53.451352 74.375326 2.508732 0.125000 6.985969 
144.036954 73.145912 144.983683 31.860294 4.196305 0.125000 51.415280 
161.401970 71.930598 152.220174 51.022351 6.867020 0.125000 26.245045 
111.875000 48.125000 111.875000 68.125000 1.250000 0.125000 3.776944 
36.860642 77.587938 45.637787 77.353281 1.449994 0.125000 1.067674 
164.375000 5.625000 149.375000 5.625000 1.250000 0.125000 0.164584 
165.625000 61.875000 165.625000 34.375000 1.250000 0.125000 9.195484 
