81.719165 45.019148 89.356893 43.054603 3.320400 0.031250 6.062226 
115.623399 79.221607 174.393093 78.608079 3.736747 0.125000 74.864063 
91.889012 45.687480 77.073500 49.010107 3.385571 0.125000 1.783865 
118.104772 84.309508 174.402393 85.270901 4.560492 0.125000 122.020429 
174.640637 27.970794 113.355818 42.827159 2.503711 0.125000 63.706370 
174.583875 94.440737 113.106272 90.955330 6.876764 0.125000 142.096383 
79.283870 56.751167 75.994928 92.370832 12.542459 0.125000 108.263173 
69.104675 15.286401 77.890340 40.706104 10.033985 0.125000 55.187654 
63.665994 -0.286811 68.308144 15.195286 8.740358 0.125000 31.489031 
174.380175 81.687110 119.375390 81.955114 1.304799 0.125000 29.063464 
72.410266 97.005520 82.173233 123.476035 10.929585 0.125000 65.714930 
72.586126 12.203124 82.762397 6.254679 3.602399 0.125000 6.009503 
116.827998 39.187238 174.765234 24.683885 3.342180 0.125000 92.720159 
75.508294 126.561815 30.678075 143.267428 5.740555 0.125000 80.770901 
79.088079 121.864167 78.518962 136.937072 7.730477 0.125000 7.876805 
85.427226 9.879379 74.764570 16.274532 4.929610 0.125000 16.200067 
31.941344 141.325682 19.435108 142.509827 2.842354 0.125000 1.034919 
80.636996 91.048192 105.631734 91.410831 2.717343 0.125000 17.143730 
83.077385 111.015852 109.393667 114.221770 2.783974 0.125000 14.115291 
112.202565 5.524564 114.204265 36.965452 5.284319 0.125000 83.079037 
114.694996 44.212205 118.095599 77.007663 5.277076 0.125000 68.223666 
110.519696 63.131615 107.694150 18.152065 2.495082 0.125000 14.965319 
111.926944 79.515154 110.162118 64.429150 1.422347 0.062500 0.293299 
108.111364 16.876480 106.339397 0.547476 1.271723 0.125000 1.067674 
