54.634466 8.121686 55.273227 58.129493 5.302932 0.125000 73.000395 
101.896735 10.899949 79.401305 11.220575 3.963391 0.125000 12.872920 
99.877931 34.530245 98.213425 13.118126 6.134322 0.125000 37.883883 
80.499362 13.073284 81.479997 34.393169 4.033213 0.125000 35.892993 
70.640891 11.608898 57.962162 10.851739 4.767561 0.125000 12.321533 
84.192992 36.166036 97.068139 37.474431 5.965223 0.125000 8.077908 
116.251893 4.397494 116.551889 29.378880 6.324599 0.125000 22.407429 
154.490350 26.096351 174.803340 21.125314 4.288048 0.125000 15.716783 
60.626493 23.100531 73.156116 23.865039 2.952130 0.125000 0.426994 
116.435184 30.538620 117.699595 60.695247 5.257432 0.125000 45.134651 
49.623769 36.920212 48.894526 0.609545 6.575030 0.125000 44.052579 
62.916993 39.393009 64.215293 54.388827 4.382935 0.125000 6.907656 
113.915471 70.654798 111.553741 34.233719 4.423315 0.125000 46.614069 
76.518409 43.279208 73.726982 14.197238 7.604631 0.125000 57.213633 
74.398162 26.443278 61.837461 26.798822 2.746578 0.125000 1.855669 
104.377254 74.809994 81.871381 74.926616 3.795290 0.125000 24.701078 
104.502061 6.870568 105.505245 35.629177 3.268372 0.125000 24.750649 
154.407577 77.099531 130.602182 76.343287 2.181222 0.125000 15.517114 
79.361535 1.325177 103.126785 1.782196 2.595673 0.125000 23.644924 
78.813070 73.127664 78.838846 54.374263 3.762023 0.125000 11.314525 
123.109040 13.109142 136.190069 -0.055576 4.433487 0.125000 6.916790 
56.367627 0.618572 56.379750 4.376598 3.754013 0.062500 0.465614 
63.158728 54.497294 75.647557 54.870819 3.897801 0.031250 1.539366 
124.237322 25.631052 124.199115 16.870316 5.027209 0.125000 5.468486 
102.280137 130.781534 101.335682 103.058205 9.042842 0.125000 64.612251 
110.501233 29.417360 110.702514 18.126382 6.382686 0.125000 12.105041 
76.683842 54.308333 77.321222 40.529993 7.607513 0.125000 32.369314 
76.852758 75.168252 66.860614 74.888081 1.494755 0.125000 1.067674 
174.372108 41.876602 167.901301 30.191052 4.238777 0.125000 2.089640 
175.085829 7.891242 167.953624 12.879991 3.481516 0.125000 1.653093 
116.276943 64.371655 116.220976 74.378333 2.513943 0.125000 3.776944 
71.824128 3.422532 63.099018 3.888543 3.186331 0.062500 2.957812 
61.874991 6.822537 84.374990 6.818483 1.251802 0.125000 0.797908 
105.094285 36.845910 106.562036 73.137657 4.201550 0.125000 16.752419 
125.715570 41.894339 125.464052 26.815135 10.061150 0.125000 36.544923 
76.050041 124.336171 76.868888 80.578103 7.592236 0.125000 57.884164 
85.019444 100.672909 83.711886 118.261556 4.295704 0.125000 9.277472 
62.833078 86.821649 61.620524 121.866195 12.492524 0.125000 101.223519 
155.950009 3.141602 155.739210 23.139380 5.105128 0.125000 29.004996 
139.909074 55.608986 140.434456 73.130713 3.785779 0.125000 11.688648 
93.127258 71.534870 103.126817 71.601257 1.308062 0.031250 0.465614 
174.377202 82.082627 139.375393 82.135500 2.501885 0.125000 16.507842 
164.450300 14.226480 165.383624 6.844482 5.887053 0.125000 1.702576 
164.213808 76.922303 162.701498 31.805396 5.115833 0.125000 59.449438 
90.835195 43.121816 91.251973 70.634438 1.590661 0.125000 17.323294 
4.384684 63.048548 49.453219 68.757515 2.777755 0.125000 22.134365 
51.580146 66.884191 50.604567 35.586673 2.576676 0.125000 37.191274 
74.940604 136.949494 76.644135 124.015324 6.522936 0.125000 2.731539 
114.387255 78.449520 83.134619 79.629723 1.626474 0.125000 18.226384 
84.571647 119.278749 83.304935 133.141442 6.337816 0.125000 6.426201 
174.401351 77.340116 166.854755 77.767660 1.601519 0.062500 1.669734 
155.469636 31.836933 157.035670 76.869413 4.399384 0.125000 64.653985 
87.777667 70.627784 87.537129 40.619693 1.480406 0.125000 13.809694 
61.190653 119.655894 61.920943 134.434499 11.729841 0.125000 50.023021 
129.501881 73.147256 129.154747 55.629365 2.796691 0.125000 18.883306 
64.906825 56.870683 65.038815 73.129759 1.381870 0.125000 11.001664 
135.121598 36.980798 132.950207 26.649028 3.926919 0.125000 9.438675 
133.146785 26.849495 126.906279 20.590030 7.076422 0.125000 8.488164 
129.220251 55.993363 125.670764 42.457432 7.690053 0.125000 17.505874 
133.122968 79.307031 161.921965 78.446201 2.498884 0.125000 5.868963 
65.016090 79.992426 62.720803 86.737455 7.527558 0.125000 3.294530 
116.994652 80.498026 118.750018 99.432939 2.695507 0.125000 6.467797 
53.125165 79.509315 39.374980 79.507287 0.626843 0.031250 0.255185 
24.372349 63.153662 6.906143 61.538271 1.590039 0.125000 1.697763 
46.919764 66.614584 25.653528 62.959038 2.502505 0.125000 4.557628 
146.804706 63.740825 143.038140 55.665514 4.002940 0.125000 5.962107 
135.457155 73.128020 134.827255 38.116863 3.322166 0.125000 39.662690 
82.719182 132.478105 89.255917 141.008380 5.785915 0.125000 3.042730 
113.678894 99.377192 113.753122 80.622539 1.319252 0.125000 10.098574 
167.160043 33.120215 167.579562 58.113174 1.585486 0.125000 17.323294 
54.347040 59.376761 55.376376 75.719390 2.416481 0.125000 3.662037 
81.875000 53.125000 81.875000 69.375000 1.250000 0.125000 1.067674 
163.753594 21.876500 163.735482 14.373526 1.268101 0.062500 1.669734 
96.121591 107.287115 87.864773 109.754007 3.488437 0.125000 0.050694 
103.125000 69.375000 103.125000 53.125000 1.250000 0.125000 1.067674 
