70.644224 77.010072 45.630108 76.578767 2.909075 0.125000 37.298484 
72.365207 49.355356 71.686142 75.620117 3.145314 0.125000 40.803634 
44.601774 75.666628 45.344116 49.331846 4.276838 0.125000 49.936597 
46.848285 47.679483 70.613588 48.468664 3.203888 0.125000 14.382555 
72.898640 19.372961 72.650901 46.881988 3.783618 0.125000 23.093660 
64.080925 9.429062 64.582175 0.566023 4.167503 0.125000 1.855669 
66.875189 45.615415 46.882947 45.221580 2.524135 0.125000 9.378608 
1.866048 46.360702 13.134392 46.164560 1.402095 0.125000 0.820776 
46.189611 44.383853 46.601431 18.120710 5.038582 0.125000 27.247372 
24.378932 13.079938 0.591883 11.004571 2.975279 0.125000 11.688648 
48.179574 12.966645 29.360956 12.237427 3.166376 0.125000 7.917544 
0.509601 15.100279 13.112640 15.836571 6.312264 0.125000 22.147897 
69.692085 0.552059 68.810243 11.830844 3.836025 0.125000 2.486513 
43.139287 48.944698 16.876737 48.072692 1.913014 0.125000 14.686571 
18.141357 15.360574 73.085754 18.759427 7.498469 0.125000 83.052335 
11.897093 76.240984 0.617232 75.847923 1.553961 0.125000 1.067674 
12.025366 11.023834 21.336898 7.513252 4.390844 0.125000 1.198571 
44.085265 18.109079 43.328212 31.886167 2.839155 0.125000 7.870688 
12.960932 48.126491 13.199520 74.385680 5.045221 0.125000 20.912064 
74.985595 64.388300 75.884267 23.130647 2.172755 0.125000 35.507777 
16.856957 46.127646 41.869597 47.025516 1.652773 0.125000 13.710934 
77.822281 0.608634 77.150121 64.377900 2.539386 0.125000 48.829377 
21.153293 7.676303 26.776581 9.654737 5.546313 0.125000 1.034919 
37.072258 5.514066 40.109564 10.914871 3.856758 0.125000 1.067674 
16.757668 43.123492 16.722724 16.873539 3.778285 0.125000 43.569927 
15.625000 73.125000 15.625000 48.125000 1.250000 0.125000 7.389304 
17.475137 49.367643 17.191985 74.378589 1.518780 0.125000 12.304394 
44.746526 101.882562 44.595717 84.362341 2.629018 0.125000 15.517114 
1.879220 79.686327 23.125316 79.398321 1.993372 0.125000 0.883796 
71.228447 83.137603 71.764310 110.627158 2.523887 0.125000 20.504031 
38.094780 80.522075 71.854280 81.411474 4.341259 0.125000 46.065647 
78.121857 65.824029 174.387331 67.344044 1.980033 0.125000 93.271773 
0.990793 74.380858 1.251302 58.115011 1.510061 0.125000 7.389304 
19.393827 52.683903 33.118823 53.269722 1.567555 0.062500 0.616176 
12.836641 81.877595 13.027871 103.125874 1.396190 0.125000 4.680034 
174.391362 64.816774 79.379691 62.893284 2.246480 0.125000 52.619694 
16.875000 83.125000 16.875000 99.375000 1.250000 0.125000 1.067674 
133.125000 86.875000 105.625000 86.875000 1.250000 0.125000 9.195484 
