34.297732 68.234940 35.851406 51.661858 4.511485 0.125000 11.550453 
35.582891 46.476197 54.410490 47.407601 4.115992 0.125000 18.816157 
54.449475 72.359401 22.013219 69.204111 5.944706 0.125000 28.525517 
136.725683 1.960046 156.892825 4.215625 4.290716 0.125000 20.801514 
121.872086 63.068936 109.340969 63.720284 2.821057 0.125000 3.508045 
56.680574 49.349020 57.327763 75.644622 5.183021 0.125000 24.312805 
133.009632 0.421520 123.296993 5.928352 2.320424 0.125000 1.697763 
120.616941 69.276293 109.340057 70.197024 2.491709 0.125000 2.576231 
89.360678 5.568833 115.623861 5.421684 8.714845 0.125000 26.801630 
11.008645 29.346960 14.397569 75.714710 4.895582 0.125000 58.439813 
111.526114 15.626176 111.500816 8.117837 3.766825 0.125000 0.883796 
79.032231 0.616077 79.120149 21.870884 6.260287 0.125000 18.722328 
111.974303 55.519789 131.824938 53.797874 3.411899 0.125000 12.995593 
109.934342 61.900804 108.341713 19.273499 7.530490 0.125000 84.806985 
122.939028 10.313662 136.374989 2.287927 3.846081 0.125000 5.595353 
108.092697 73.588778 120.622903 73.073959 2.959723 0.125000 11.904754 
37.546028 96.807102 35.004042 71.684870 4.848761 0.125000 26.532014 
111.770508 24.149486 132.526925 14.531979 4.204135 0.125000 29.800836 
121.902891 76.350272 106.829043 76.929958 2.978503 0.125000 12.933632 
50.606310 27.056233 33.035364 25.244166 2.358580 0.125000 8.567595 
144.158086 21.880118 144.354335 78.125072 2.683165 0.125000 66.971626 
11.845583 74.374673 11.359503 118.119272 10.249382 0.125000 100.093809 
174.647340 83.400037 145.586014 81.122443 6.719221 0.125000 43.416092 
152.049037 31.273861 174.602848 25.224482 4.829302 0.125000 21.597948 
144.506411 79.366684 125.829566 77.416192 6.660823 0.125000 18.094855 
31.736211 22.109042 11.677843 20.233170 4.279919 0.125000 10.792579 
36.881109 23.074150 49.351295 24.572312 1.688382 0.125000 0.164584 
149.324731 10.485463 135.559912 15.444330 2.775693 0.125000 5.096624 
133.294898 21.874982 133.298056 51.874982 2.501974 0.125000 23.963988 
38.094844 58.262141 50.804885 61.056926 6.372618 0.125000 4.000928 
136.198518 20.638511 154.097638 12.513948 6.102883 0.125000 13.754996 
133.658808 55.604055 134.397200 74.423174 4.237193 0.125000 37.191274 
174.375726 76.847417 155.638723 76.353950 2.630770 0.125000 3.521151 
138.794945 51.880846 138.886286 21.881124 3.837518 0.125000 42.071000 
149.486953 39.374537 149.445574 29.369538 5.025806 0.125000 2.536664 
114.364147 33.124500 113.441656 53.139595 2.842655 0.125000 8.084162 
166.736734 6.453037 174.249299 3.991380 5.550054 0.062500 2.851401 
53.005423 44.480428 51.739805 28.039184 3.451121 0.125000 3.141359 
154.414570 11.977952 166.561449 7.309219 2.782027 0.125000 6.102063 
134.687472 7.498004 111.700580 19.027244 2.805522 0.125000 10.526739 
154.458165 68.190725 154.836109 60.524483 4.114751 0.125000 8.292394 
130.672554 27.593562 113.089636 26.020211 3.158493 0.125000 10.285789 
87.416896 74.486529 88.701745 68.243701 4.141403 0.125000 0.797908 
152.686580 60.648631 152.809782 36.866891 8.847016 0.125000 45.999495 
154.439370 75.798939 155.316781 69.168791 4.373552 0.125000 2.560371 
31.875000 76.875000 15.625000 76.875000 1.250000 0.062500 2.957812 
149.134442 76.961876 148.395663 64.286370 3.089062 0.125000 10.098574 
54.550336 18.077966 36.011973 20.779991 5.668868 0.125000 9.883338 
52.894617 119.443562 54.495689 95.633115 4.580187 0.125000 35.782118 
12.863416 118.449892 16.005701 134.544718 8.558634 0.125000 15.032918 
15.582191 11.066297 54.331328 14.825202 1.402099 0.125000 15.564217 
58.894780 46.881277 58.633188 26.868357 1.494956 0.125000 17.323294 
170.860804 65.611359 169.555237 43.042264 3.671553 0.125000 31.136691 
41.138945 41.883033 41.295510 31.865943 1.386591 0.125000 1.067674 
122.150942 141.517907 108.703450 131.126435 2.652531 0.125000 4.658263 
76.365291 28.119312 76.197775 43.131391 1.403346 0.125000 9.195484 
50.787933 90.113371 39.271223 92.654706 4.613189 0.125000 1.668182 
164.952087 43.089422 166.036370 60.676703 1.649160 0.125000 3.456020 
33.921138 106.746477 36.400583 97.990656 3.086573 0.125000 1.653093 
124.987689 46.726417 121.916398 34.061823 3.313373 0.125000 4.480242 
28.427880 124.448893 32.092459 109.428053 4.235685 0.125000 1.228753 
82.708949 2.676269 91.600241 4.479655 4.900222 0.062500 0.523524 
70.522437 114.498118 84.171920 125.868780 1.250000 0.125000 0.164584 
76.924584 53.113761 80.072247 67.000293 2.161821 0.062500 4.110396 
