174.628409 30.445059 153.343511 0.469839 5.626939 0.125000 54.602006 
174.409820 117.262690 0.604022 114.397629 5.685958 0.125000 293.216130 
29.324802 97.455718 45.577128 96.236741 7.478993 0.125000 18.216075 
110.430055 96.465493 100.337097 101.270223 4.514553 0.125000 8.614963 
99.343197 99.367515 96.079920 113.232074 4.007852 0.125000 6.905508 
98.131516 112.862466 174.396586 114.755252 2.831309 0.125000 70.942296 
141.451450 0.621034 141.303322 63.126608 3.844782 0.125000 79.237528 
86.806023 31.100811 136.833123 29.396077 6.629509 0.125000 72.759531 
13.108990 96.481406 30.579517 96.808006 7.708964 0.125000 20.300265 
141.879678 63.891791 174.376632 64.206380 1.552445 0.125000 11.001664 
140.923358 65.640278 139.707068 89.392005 4.673823 0.125000 19.027907 
174.577634 97.240396 142.991828 95.349376 9.033172 0.125000 68.544378 
142.107190 94.780661 109.311326 93.477713 13.383345 0.125000 79.443692 
47.599317 91.907711 48.242197 53.106231 4.308594 0.125000 27.285547 
136.724766 28.121643 137.340175 0.579533 3.888681 0.125000 49.834534 
61.844557 84.481857 135.613513 86.136983 5.475400 0.125000 100.558819 
145.622283 90.711802 171.924766 91.535100 4.139237 0.125000 45.808266 
100.643279 103.751999 174.403133 105.916154 4.301311 0.125000 95.825887 
49.310267 87.862054 60.593715 88.602044 5.152885 0.125000 3.141359 
173.109018 67.338988 143.101564 66.305385 2.928824 0.125000 32.895604 
63.376203 0.600662 62.522366 35.640775 3.169163 0.125000 50.560360 
110.399018 68.013655 109.540998 79.387523 2.492917 0.125000 2.510782 
48.105892 95.495313 65.594572 92.918489 2.694334 0.125000 4.067599 
174.074651 84.374880 174.080651 69.374882 1.255000 0.125000 0.164584 
48.567258 29.394293 49.823786 0.590049 4.396003 0.125000 16.954991 
110.706168 91.027135 100.559825 90.055799 3.084228 0.125000 5.219043 
81.854569 100.442646 99.414241 98.475235 4.133824 0.125000 3.662453 
50.393919 100.986329 60.673941 98.313213 2.419539 0.125000 4.680034 
48.425655 51.897196 48.730271 30.615772 3.803287 0.125000 12.827952 
64.378037 30.359509 78.111940 30.516619 3.792650 0.125000 4.304398 
9.423763 46.907700 8.503861 13.114687 2.805205 0.125000 39.447077 
6.250467 49.359053 7.334178 91.863293 4.449709 0.125000 19.565193 
143.124242 85.277440 171.876832 85.214705 3.758173 0.125000 16.748452 
88.462862 63.000110 92.165774 73.017516 2.217191 0.125000 0.820776 
4.185630 14.372429 3.778237 44.383867 3.851454 0.125000 19.302251 
1.871459 138.323718 34.361145 138.902605 1.583828 0.125000 7.695231 
