52.857656 68.607341 47.002178 50.187216 6.279771 0.125000 11.246672 
145.627628 28.109375 174.813442 33.018215 5.530157 0.125000 27.285547 
50.220627 50.697376 49.337786 30.517258 8.523107 0.125000 8.749240 
70.898638 33.566909 82.387567 26.452767 4.251003 0.125000 4.057129 
60.624042 39.868976 70.624726 39.874471 3.750686 0.125000 1.229414 
87.718729 26.771571 109.352915 34.437327 5.353076 0.125000 44.384717 
108.303062 34.052260 144.616866 31.082421 5.414098 0.125000 47.101738 
49.205343 29.868582 71.735288 32.060832 4.337663 0.125000 24.220883 
53.192958 73.968574 37.989527 75.193361 4.336102 0.125000 1.921036 
129.354300 37.364834 96.806777 35.989420 3.447743 0.125000 21.070294 
95.676070 35.032268 84.295157 34.051688 4.272670 0.125000 7.782856 
175.352643 41.804752 166.114521 34.963931 3.757565 0.125000 12.304394 
145.672725 33.324115 130.637659 36.927815 3.064000 0.125000 8.533210 
174.381557 77.930123 74.372271 77.476252 4.948893 0.125000 148.094860 
52.468151 45.250233 60.510211 39.800078 4.874576 0.125000 12.058439 
153.323825 62.559926 158.335011 53.237894 4.486720 0.125000 8.533210 
51.039474 99.378660 51.091715 75.620529 8.771967 0.125000 14.552315 
69.996318 40.894405 74.844999 52.209249 3.939206 0.125000 1.036501 
84.493405 81.447447 72.758702 78.197680 3.743772 0.125000 5.301648 
68.134589 65.624292 68.875769 75.661864 1.868212 0.125000 1.067674 
30.617364 75.288759 0.604456 75.970340 2.612874 0.125000 11.797682 
72.548286 75.647902 72.199393 66.862118 2.071430 0.125000 0.820776 
72.918221 54.901570 78.459818 62.892817 5.218494 0.125000 3.521151 
89.323372 65.224307 113.002385 62.173362 3.917136 0.125000 14.122904 
114.070648 60.790858 130.630266 64.350504 3.574844 0.125000 4.341659 
83.744698 115.097575 77.311037 104.887923 9.286188 0.125000 19.792362 
79.520564 16.960041 80.520989 0.542492 5.522948 0.125000 8.604442 
81.543108 24.407242 81.807709 16.872637 2.630072 0.125000 1.067674 
61.718919 49.685440 71.652442 48.035269 3.904148 0.125000 0.664633 
83.417603 143.237854 84.049124 120.615903 11.699082 0.125000 43.230351 
76.550293 92.485096 61.570362 89.870133 5.785336 0.125000 19.324164 
1.590941 125.364080 4.448469 135.942805 6.456837 0.125000 12.321533 
1.960355 66.471496 19.723196 70.228952 3.856977 0.125000 6.729638 
3.638327 119.324941 3.478563 125.665406 3.748810 0.062500 1.900835 
1.368912 0.604983 1.070773 8.142632 1.496038 0.062500 1.669734 
1.863372 86.875428 3.015617 118.175044 3.149649 0.125000 20.694162 
68.291621 105.938848 53.320909 103.274293 5.141675 0.125000 10.248991 
