92.929166 65.672453 93.720381 48.095533 6.412311 0.125000 13.826215 
95.622081 46.650735 116.879023 46.711225 3.789112 0.125000 24.701078 
72.775360 48.121273 72.868546 70.631236 3.801714 0.125000 29.047326 
72.666140 23.123884 72.608367 46.879823 3.759109 0.125000 26.401579 
85.625017 21.681969 74.374908 21.680986 2.500873 0.125000 6.486214 
73.014244 71.740334 71.193793 107.033292 9.754075 0.125000 59.450486 
112.321362 44.454446 110.571802 26.756687 3.977754 0.125000 12.688468 
3.341473 0.620023 3.088591 53.130844 3.749957 0.125000 99.315089 
94.127501 103.132033 93.416672 78.116712 5.317530 0.125000 40.841404 
116.982023 73.852536 95.734014 72.569565 6.087960 0.125000 44.250828 
118.933078 48.123704 118.856096 74.373478 2.565974 0.125000 17.918538 
81.554049 48.151525 81.024053 41.738712 3.943172 0.125000 0.050694 
99.381457 44.375042 99.478429 29.375669 1.290379 0.125000 0.164584 
108.131401 19.829410 96.851959 19.738657 5.030009 0.125000 9.079857 
87.583160 40.617919 87.452492 50.616211 1.364238 0.125000 1.970764 
144.384104 75.555283 133.001739 74.068902 2.155235 0.125000 2.873854 
104.475019 51.254822 116.854624 53.251343 2.269087 0.125000 2.576231 
115.664625 50.309913 106.896104 49.207190 1.708143 0.031250 3.475914 
96.910970 30.594218 97.241341 44.396152 2.439460 0.125000 1.229414 
72.507794 108.076007 72.175737 120.731286 8.910924 0.125000 24.962463 
75.601641 26.362807 84.421950 26.642058 2.498748 0.125000 1.970764 
94.035806 44.728315 91.593593 33.743373 7.863808 0.125000 1.793200 
83.124880 29.401430 75.625035 29.367275 2.522744 0.125000 2.873854 
109.619488 122.977760 113.102992 99.188736 5.490571 0.125000 30.484120 
90.625887 78.736682 75.624106 78.758440 1.271753 0.125000 6.985969 
5.611047 73.496032 30.609195 73.711196 5.161194 0.125000 35.175139 
158.491919 76.972341 161.134798 67.010246 4.832823 0.125000 3.521151 
30.535635 74.032020 29.516228 81.728135 5.242607 0.125000 0.923527 
106.520432 98.101240 105.508592 113.200963 4.243063 0.125000 6.434302 
29.482622 81.609751 9.406336 80.183809 6.677093 0.125000 21.486269 
87.635592 124.411284 88.774519 100.536724 10.107767 0.125000 38.513745 
120.625000 45.625000 120.625000 23.125000 1.250000 0.125000 5.583124 
85.849075 90.671024 87.674721 81.782515 2.230409 0.125000 1.970764 
118.827143 78.107421 118.345061 93.132061 1.570053 0.125000 1.653093 
130.572297 71.661538 144.350234 72.362078 2.052454 0.125000 0.820776 
118.125000 30.625000 118.125000 44.375000 1.250000 0.062500 0.616176 
85.404563 100.714571 82.693442 94.042438 4.198321 0.125000 0.883796 
0.613166 63.728838 13.131860 63.499563 1.432906 0.125000 1.067674 
46.875000 19.375000 46.875000 0.625000 1.250000 0.125000 2.873854 
151.875000 44.375000 151.875000 61.875000 1.250000 0.125000 1.970764 
79.375000 11.875000 95.625000 11.875000 1.250000 0.125000 1.067674 
