149.549210 76.874645 149.475439 40.622252 2.571217 0.125000 39.089723 
81.190064 38.886130 92.749612 68.272663 4.862441 0.125000 53.574076 
74.304458 0.623289 74.315337 8.125087 2.510875 0.125000 1.067674 
64.709178 52.419325 72.476718 42.338646 6.558015 0.125000 5.748204 
150.610310 39.918771 161.852105 40.222478 2.769148 0.125000 1.697763 
149.386808 32.488340 140.615994 32.657200 3.148366 0.062500 0.293299 
50.636735 51.259758 64.405568 51.522381 3.773156 0.125000 3.294530 
75.625024 9.352051 108.126319 9.386667 2.533281 0.125000 50.129656 
112.646070 0.607360 112.933200 13.157985 2.756653 0.125000 6.102063 
161.867572 77.667142 150.600257 77.849946 2.621337 0.125000 2.576231 
110.626315 14.204677 70.626350 14.167633 3.752314 0.125000 72.293038 
92.354987 73.075552 93.273190 81.988507 5.229868 0.125000 2.246834 
109.189312 8.195815 108.814205 0.591005 2.804871 0.062500 2.957812 
70.328073 13.102598 70.033736 0.580136 4.013319 0.125000 20.032564 
94.375724 80.691268 115.623186 80.459036 2.663789 0.062500 2.020772 
119.322754 18.061605 138.592189 -1.388889 7.079257 0.125000 53.894388 
35.576858 64.361482 34.859927 0.619546 3.034059 0.125000 36.551449 
25.155076 15.633703 26.034954 63.140559 3.170845 0.125000 67.845089 
48.689933 13.021989 49.912545 49.398945 5.574662 0.125000 45.470928 
161.813865 41.868144 161.637324 75.630293 2.669904 0.125000 39.985532 
50.466327 0.330293 48.001755 12.110727 5.206351 0.125000 11.349210 
118.854784 79.577019 121.781842 69.003186 4.818777 0.125000 8.739380 
124.100619 58.297760 130.199321 23.856928 13.975277 0.125000 131.442496 
162.347067 0.616030 161.943383 35.625788 2.903379 0.125000 38.786274 
24.566941 0.552800 25.197520 13.146405 2.934448 0.125000 4.232717 
161.590536 35.586455 151.714548 36.693138 6.907131 0.125000 7.673113 
138.791191 34.356088 140.211483 84.386739 4.067731 0.125000 63.526481 
26.213321 69.394475 26.654431 84.381492 3.785152 0.125000 8.896623 
35.909288 84.366473 35.458670 69.342497 2.761200 0.125000 9.378608 
174.423768 91.697245 151.864695 90.926687 3.833158 0.125000 28.118887 
23.184900 14.437992 0.616214 13.299111 2.685818 0.125000 16.200067 
24.400802 63.711349 0.589597 62.785588 2.983736 0.125000 21.298988 
145.666402 34.374923 145.759655 84.374749 2.586255 0.125000 49.936597 
104.384185 4.959737 79.371695 4.614410 2.551530 0.125000 25.451104 
90.690683 85.759765 62.992281 84.128428 11.451018 0.125000 57.319281 
0.598911 67.558025 24.409663 68.467492 3.213825 0.125000 32.343103 
38.550189 69.405980 38.973906 80.687015 2.498238 0.125000 3.456020 
129.575390 70.621518 129.379617 59.353203 2.629906 0.125000 8.292394 
62.053908 83.685493 42.995920 85.568756 7.709494 0.125000 29.814012 
147.886896 81.767019 161.813369 84.670603 7.394087 0.125000 17.726396 
37.033604 44.366612 38.025919 63.130240 1.908396 0.125000 9.642303 
25.615986 85.535088 0.368475 88.066159 10.822940 0.125000 74.517107 
0.593996 15.939403 23.121461 18.160892 3.101285 0.125000 14.649975 
121.388418 89.537756 118.754845 81.664324 4.349362 0.125000 5.962107 
0.569061 26.438460 23.219824 27.996085 2.579866 0.125000 17.143730 
136.726887 30.389447 160.174225 15.646058 4.745837 0.125000 24.421907 
46.875000 46.875000 46.875000 31.875000 1.250000 0.125000 0.164584 
51.569221 39.723862 62.888285 49.645068 1.880040 0.125000 5.583124 
129.450798 91.493388 121.996602 90.012786 6.373769 0.125000 3.521151 
8.651107 55.631524 8.868282 38.118716 2.623808 0.125000 13.192832 
49.918845 79.344330 48.154195 48.052861 4.729380 0.125000 46.900404 
19.372882 60.625075 18.930668 48.140739 1.470462 0.062500 1.669734 
44.155516 61.883939 44.919945 80.653714 1.401563 0.125000 2.873854 
16.093949 48.093759 16.928544 60.621433 1.662690 0.125000 2.873854 
121.882388 67.257954 120.424953 57.771645 7.316423 0.125000 25.258669 
121.979999 92.087938 95.495258 89.406445 2.975438 0.125000 14.141600 
149.614990 104.381019 149.897757 93.106760 2.624578 0.125000 0.883796 
101.875000 68.125000 116.875000 68.125000 1.250000 0.125000 0.164584 
42.601689 80.656808 41.613021 64.390924 1.551046 0.125000 4.680034 
161.572722 2.926419 151.703888 11.821936 5.479325 0.125000 14.115291 
23.129797 21.829369 0.615772 19.462785 2.157876 0.125000 7.782856 
40.308632 38.167223 42.810977 56.916910 1.651230 0.125000 5.219043 
24.375000 95.625000 6.875000 95.625000 1.250000 0.125000 1.970764 
149.409628 118.127015 150.066419 106.842489 1.611041 0.125000 1.067674 
81.878332 94.509329 56.862718 95.129851 1.652579 0.062500 2.480025 
