92.842309 66.915764 93.685867 46.898636 6.402349 0.125000 13.672899 
74.068335 30.613535 74.615533 75.637269 3.932013 0.125000 59.504567 
95.616058 46.445599 106.887201 46.210875 4.946864 0.125000 2.402083 
114.447833 72.345613 79.403434 69.070733 5.478309 0.125000 34.565475 
116.894177 48.120574 116.745813 89.374535 2.589892 0.125000 26.763565 
85.694718 22.730705 73.928496 20.650251 4.298627 0.125000 0.218016 
25.208402 0.612389 23.543822 55.599839 4.922065 0.125000 87.262407 
94.044688 91.973177 92.792548 71.817997 6.082960 0.125000 25.981593 
73.807543 75.660290 72.640650 98.229216 9.190130 0.125000 46.238358 
81.589978 46.906971 81.005023 41.692157 2.623760 0.062500 0.465614 
93.578592 24.662825 86.536509 21.343019 3.989617 0.125000 0.883796 
112.153022 43.246695 110.072690 26.631142 4.807996 0.125000 13.357671 
4.588113 76.875440 4.624273 59.372932 2.533567 0.125000 4.658263 
99.496551 44.375909 99.608692 29.376747 1.362109 0.125000 0.164584 
104.524735 50.974294 114.458018 52.625619 2.056177 0.125000 1.067674 
109.264642 20.469335 96.792281 19.882208 6.654530 0.125000 2.371854 
73.010426 99.337793 73.303422 118.122217 8.943885 0.125000 43.244794 
94.049545 98.147327 93.440386 89.267613 2.659377 0.125000 0.820776 
19.290954 58.783549 15.298176 76.227981 7.208028 0.125000 21.193621 
21.884396 72.210699 38.156636 71.755235 5.242861 0.125000 18.893826 
151.094434 74.525731 153.511196 66.999004 3.952605 0.125000 3.370729 
14.151932 11.902602 12.743163 0.517575 2.481078 0.125000 2.510782 
37.038172 79.164469 23.043889 77.601010 5.524237 0.125000 11.797682 
38.241979 72.615522 36.909528 78.847894 5.048517 0.125000 1.034919 
109.509211 118.138272 111.736853 95.611339 4.852721 0.125000 22.378424 
87.856541 121.877268 87.885449 109.368669 8.755754 0.125000 0.234860 
107.548491 95.822242 103.781883 108.683460 4.592762 0.125000 5.865812 
118.645085 45.620951 118.762961 24.371605 1.367859 0.125000 13.710934 
18.323128 88.082361 18.950434 109.387501 2.719651 0.125000 18.532534 
116.625496 23.125477 116.661365 41.875409 1.283476 0.125000 0.820776 
142.693128 0.593214 143.325407 16.867214 1.297586 0.125000 1.067674 
100.625000 13.125000 114.375000 13.125000 1.250000 0.062500 0.616176 
140.140125 26.878425 140.272580 45.627490 1.347105 0.125000 2.873854 
