60.634505 97.771323 163.121424 97.317436 3.976934 0.125000 111.050009 
65.688145 0.569452 63.164331 54.493848 5.929566 0.125000 53.947348 
161.875422 103.234858 28.122594 103.748585 6.432394 0.125000 202.956586 
70.408659 14.381008 71.310465 46.855965 5.102168 0.125000 24.883698 
152.614438 95.627343 152.915479 0.628297 6.269774 0.125000 148.933608 
104.146468 22.897252 111.163555 24.465973 5.970411 0.125000 8.567595 
115.624596 21.911734 115.415879 0.602562 7.695525 0.125000 52.478902 
92.231009 0.603241 92.014852 21.901792 5.202710 0.125000 44.050593 
136.865293 72.810346 145.627322 72.901273 1.340730 0.015625 0.170563 
173.279893 23.126333 173.473512 0.627999 2.661263 0.125000 15.407743 
86.189290 71.882965 87.195275 0.611877 3.502640 0.125000 81.992817 
103.212049 0.626632 102.837296 20.619607 1.343485 0.125000 3.776944 
156.756400 69.729459 166.863710 69.170754 3.606301 0.125000 0.664633 
162.316327 7.734294 170.763995 3.395634 3.967300 0.125000 2.680153 
29.375900 98.277817 59.367497 98.101155 2.661939 0.125000 39.447077 
98.834658 71.900340 100.531790 24.371672 2.676832 0.125000 40.841404 
157.001598 24.606346 171.703288 16.561213 4.096857 0.125000 3.323118 
81.406010 45.655408 80.764579 9.394643 4.910785 0.125000 54.941985 
123.907097 13.117064 123.122132 59.396153 2.478442 0.125000 50.129656 
124.775084 0.495218 124.068172 11.933291 3.665751 0.125000 9.366697 
0.501936 40.970555 29.571493 51.323265 2.435658 0.125000 24.830979 
122.665949 60.624119 122.605948 91.874003 1.309999 0.125000 11.904754 
145.633397 75.603364 128.125906 75.487761 2.607244 0.125000 12.058439 
100.164793 20.651408 100.835568 0.590245 2.415059 0.125000 14.971112 
172.257838 46.858309 172.570499 30.614327 1.514377 0.125000 1.034919 
102.709243 25.616634 101.777984 71.898200 2.600082 0.125000 53.219279 
96.800946 89.342159 89.820567 96.086183 5.087524 0.062500 0.841357 
72.269341 82.018835 67.217926 95.867887 8.330927 0.125000 27.099318 
51.348046 33.126998 51.437887 0.620337 5.041437 0.125000 34.946618 
29.565834 48.851387 0.567504 38.282757 2.249803 0.125000 19.596780 
73.121640 46.925896 84.404987 47.670756 3.906532 0.125000 1.967896 
114.603094 90.551422 96.557528 92.247779 8.636973 0.125000 33.669137 
57.261472 61.886232 59.042182 0.615327 2.426318 0.125000 74.090277 
131.121041 25.559020 132.634883 36.940192 2.313359 0.125000 5.583124 
120.643194 74.756299 88.105107 74.074814 4.010923 0.125000 49.061126 
103.138079 71.207782 120.631357 71.550688 1.543736 0.125000 7.389304 
31.807633 57.141653 55.616953 63.156852 2.156063 0.125000 16.751076 
155.904485 53.112224 156.645772 69.328337 2.896964 0.125000 3.662037 
171.224413 19.371812 171.277631 29.378177 1.303166 0.125000 3.776944 
120.678947 48.127684 121.550541 30.608858 3.055928 0.125000 8.614963 
121.875000 29.375000 121.875000 0.625000 1.250000 0.125000 10.098574 
89.819253 40.608374 89.225222 69.397702 2.783121 0.125000 39.089723 
68.996472 110.431915 67.500310 123.050934 8.689140 0.125000 24.890011 
115.345672 143.243512 114.527926 106.815447 12.637118 0.125000 119.010287 
119.958000 70.599144 120.827011 48.181286 3.262996 0.125000 8.712693 
174.399771 75.968158 155.595513 75.454507 2.908650 0.125000 10.884515 
156.945890 29.378241 156.258829 44.403982 1.648376 0.125000 3.776944 
68.239183 123.048026 67.920638 138.094210 8.695124 0.125000 26.726663 
56.019644 0.597538 54.132763 59.367223 3.140509 0.125000 49.029924 
53.192326 60.371176 32.958129 55.004116 1.602383 0.125000 7.389304 
82.470423 130.689317 83.301712 106.837593 8.875308 0.125000 52.722299 
157.996474 47.136127 171.837590 45.337172 3.123587 0.125000 2.742210 
71.284381 51.868015 71.443404 66.879572 1.382340 0.125000 1.970764 
91.830451 115.626423 92.310373 130.651021 5.157082 0.125000 9.569680 
133.831736 61.874520 133.852713 38.124539 1.268768 0.125000 6.486214 
129.580082 40.598336 130.107585 69.384482 2.545385 0.125000 23.097763 
61.032483 68.093477 61.712800 76.887548 2.685378 0.125000 0.820776 
37.202853 0.587531 38.770158 14.301267 2.058026 0.125000 6.486214 
