69.650691 0.602152 73.586025 48.086792 6.221808 0.125000 67.543241 
164.376649 88.834894 56.871421 89.084689 3.944588 0.125000 122.088441 
56.871816 86.313974 80.628145 86.179160 1.384756 0.125000 18.201342 
81.866108 86.393321 151.865328 85.101061 2.891805 0.125000 63.297865 
100.501088 26.317455 109.846560 27.989790 5.802558 0.125000 7.475045 
114.828235 27.167545 113.110162 0.465101 10.176639 0.125000 57.719970 
91.880818 0.619455 91.825212 25.630447 5.052790 0.125000 66.539489 
86.856725 71.874905 87.225810 0.620342 2.856074 0.125000 102.972151 
147.273750 84.384200 146.368460 0.616965 5.702136 0.125000 132.383532 
121.471964 0.618664 120.174957 83.117925 2.806367 0.125000 66.035788 
67.000407 46.874992 66.997462 0.624913 2.500159 0.125000 18.073763 
80.047581 9.395504 79.734117 0.567861 2.720219 0.125000 0.820776 
125.571756 71.224241 140.564457 72.556385 2.490190 0.125000 5.962107 
102.067430 0.611180 101.756908 24.373457 2.303786 0.125000 9.642303 
62.383778 29.378746 62.595493 0.621102 2.610360 0.125000 24.120316 
150.317340 28.811702 162.574523 22.117125 2.868736 0.125000 0.664633 
98.624755 69.382823 99.270635 28.123366 2.617085 0.125000 40.539510 
175.094725 24.007493 168.141665 29.678125 5.454811 0.125000 3.521151 
140.625217 74.748469 125.624496 74.757179 2.507984 0.125000 9.642303 
74.777081 75.370562 71.955307 84.774189 6.652083 0.125000 1.575894 
102.039049 28.129007 101.000815 70.634180 3.048678 0.125000 44.250828 
165.819237 26.843876 163.022661 9.391399 4.541466 0.125000 10.033387 
115.681787 82.299896 89.334931 83.193173 5.039485 0.125000 28.024159 
72.177562 103.968815 66.973182 132.124204 8.604241 0.125000 38.513745 
75.547657 48.678844 84.472724 49.925209 3.886843 0.125000 1.034919 
81.330349 38.139310 81.787668 15.597868 4.180258 0.125000 41.777504 
0.504761 38.445563 54.612854 58.740870 2.490665 0.125000 45.163605 
164.414934 35.625286 164.146481 73.132311 1.419952 0.125000 16.420204 
166.606109 76.876334 166.565484 30.624174 3.781838 0.125000 31.588206 
99.260884 24.411389 100.023515 0.605731 2.218550 0.125000 17.323294 
127.330624 29.311141 128.753351 39.462128 2.302301 0.125000 3.776944 
118.125748 74.055135 89.372983 73.987938 3.773361 0.125000 36.639556 
55.671454 56.753258 0.583813 35.732939 2.305024 0.125000 45.086361 
89.629411 40.623154 89.837977 69.371641 1.440402 0.125000 10.098574 
103.115917 71.008036 118.137112 71.364234 1.575611 0.125000 6.102063 
151.844899 48.987502 161.977954 48.200374 1.629721 0.125000 0.164584 
117.733010 69.410033 119.418608 28.126781 2.395929 0.125000 37.034701 
150.243616 58.095104 150.588866 68.126244 2.756502 0.125000 4.336995 
70.883141 91.303754 72.207738 103.496252 13.101910 0.125000 30.143508 
56.915018 62.963184 66.921292 65.437815 1.826698 0.125000 0.164584 
83.828841 128.126690 83.716629 91.865433 6.342805 0.125000 73.719329 
104.635196 103.456429 90.093800 99.337414 3.617071 0.125000 0.553250 
64.493921 20.626132 64.089434 63.122282 1.368915 0.125000 20.032564 
66.875000 63.125000 66.875000 48.125000 1.250000 0.125000 0.164584 
113.895714 125.653883 113.777009 103.134741 11.269611 0.125000 40.537129 
114.587456 143.327633 112.929764 124.613746 13.255193 0.125000 44.316659 
70.134181 132.839658 69.419298 143.464404 10.229189 0.125000 1.710112 
73.659277 53.119831 73.780313 65.630753 1.358774 0.125000 3.456020 
56.790704 4.378962 57.555611 20.651764 1.659464 0.125000 2.576231 
0.396608 127.802326 23.049510 111.768347 1.742449 0.125000 6.281913 
49.563523 23.673452 61.308973 26.829749 7.567434 0.125000 11.215103 
126.031850 50.600464 127.167558 69.432740 2.495466 0.125000 7.782856 
23.990559 113.846840 0.139361 131.207809 1.739420 0.125000 5.091660 
44.878044 1.875805 44.848056 20.625757 2.521988 0.125000 6.848509 
129.138494 61.863105 130.145022 41.850859 1.562373 0.125000 6.102063 
92.805535 108.082503 93.724836 128.211780 3.860151 0.125000 2.318777 
