31.874034 72.032134 18.124554 71.947605 3.788352 0.125000 3.782874 
19.380165 50.712504 30.664632 50.046469 4.038084 0.125000 4.658263 
87.724840 60.040715 96.220688 52.397680 3.903738 0.125000 3.662037 
40.633847 46.462695 26.890175 46.167792 2.633502 0.125000 4.232717 
25.567723 26.303303 38.130897 26.676473 2.424672 0.125000 2.560371 
28.455128 30.604552 28.204556 41.876768 1.499707 0.007812 3.634935 
18.822767 70.619013 18.661904 51.870393 2.650052 0.125000 6.953153 
84.397215 49.396163 110.639200 48.937549 2.936460 0.125000 18.906105 
38.172947 29.551264 29.384653 29.158826 2.720562 0.125000 3.456020 
25.716246 44.397990 25.995438 28.109924 2.778132 0.125000 15.517114 
33.302701 51.311985 30.665942 62.187974 7.546625 0.125000 4.691204 
72.544227 68.127834 72.830083 0.618458 3.961680 0.125000 106.215074 
112.020711 50.620615 112.472802 65.644625 2.724451 0.125000 1.454630 
37.535550 64.271927 36.755750 78.188361 3.814060 0.125000 5.336485 
31.885060 34.434599 39.587589 33.134471 4.529885 0.125000 2.680153 
51.898684 62.398073 63.182149 61.887181 2.836678 0.125000 8.292394 
86.607470 30.635365 87.237971 46.909366 2.788479 0.125000 15.860896 
174.399756 5.246042 159.376365 5.673032 2.854118 0.125000 10.225809 
73.197628 72.222092 59.272646 75.135846 3.727072 0.125000 6.467797 
135.905465 -0.213968 128.983017 7.785806 2.963003 0.125000 0.050694 
0.621061 78.088771 15.714462 76.447917 2.350261 0.125000 9.195484 
16.853047 79.069631 0.597197 80.238258 2.314303 0.125000 7.870688 
138.111184 83.669553 88.104848 84.022876 6.294003 0.125000 101.382726 
137.989550 0.634674 138.574313 84.380591 3.941925 0.125000 88.834542 
56.753223 79.609839 70.664619 78.861952 4.992790 0.125000 9.214542 
142.597034 95.631866 142.141550 60.605279 2.564803 0.125000 38.194039 
159.369742 10.326864 174.387116 10.062032 1.470210 0.125000 2.873854 
124.594654 17.070842 136.407007 3.822231 4.035471 0.125000 11.091767 
78.723677 19.439190 80.753827 0.504788 5.504551 0.125000 13.611144 
16.291686 20.622770 16.124415 64.376909 1.412466 0.125000 40.881460 
66.448193 14.358196 66.988715 0.629477 2.350535 0.125000 1.653093 
142.606286 61.865738 143.700769 0.568323 5.601723 0.125000 86.733787 
136.492681 10.220853 128.790450 17.507075 2.012317 0.125000 1.067674 
159.364842 19.739998 174.422753 20.159047 2.533805 0.125000 6.829207 
126.527365 71.886989 126.170800 24.370904 3.975011 0.125000 34.162662 
130.248236 30.624220 130.196456 55.624112 2.523296 0.125000 18.883306 
130.883408 76.357997 136.883914 79.357165 3.847460 0.125000 0.797908 
82.186343 60.235119 80.485536 47.970989 8.287444 0.125000 12.463164 
108.856781 71.971860 110.341733 60.752958 2.223321 0.125000 0.797908 
85.609320 91.150930 138.111769 90.013991 3.365410 0.125000 59.572863 
174.376303 13.500046 159.376484 13.552160 1.302106 0.125000 0.164584 
68.125000 40.625000 68.125000 33.125000 1.250000 0.007812 3.174884 
84.172881 21.911251 81.527465 7.161524 2.314089 0.125000 0.426994 
108.126725 8.176439 86.858725 8.889727 3.747893 0.125000 22.147897 
158.152876 101.381396 144.305853 100.599386 2.707467 0.125000 7.870688 
174.392928 83.844762 160.616413 83.378949 3.874581 0.125000 8.896623 
106.726687 38.120525 107.556781 10.607856 2.800439 0.125000 4.000928 
128.131133 8.277440 111.875978 8.348529 2.565575 0.125000 12.807844 
89.006597 18.108499 88.802436 38.131907 6.402609 0.125000 16.555253 
144.370804 97.573857 158.127813 97.656456 1.332532 0.062500 1.669734 
171.898757 29.251819 161.850516 29.463665 2.683879 0.125000 9.195484 
39.743373 60.634660 39.606271 48.122466 1.373189 0.015625 5.451035 
79.426864 46.874093 78.967316 20.610262 1.512229 0.125000 8.292394 
70.635504 82.671665 63.110580 82.497301 1.423404 0.015625 1.925686 
161.868937 2.567938 174.381059 2.431767 1.385957 0.125000 7.389304 
64.482516 60.482411 66.825078 41.712762 2.947099 0.125000 2.835356 
3.682454 48.119118 3.431878 24.371762 1.447765 0.125000 7.389304 
16.121005 0.623987 16.146525 13.123935 2.502547 0.125000 6.486214 
84.376511 35.624935 83.834714 23.094314 1.518817 0.062500 0.616176 
68.310893 8.094615 71.161979 25.537228 1.660686 0.125000 1.653093 
110.268077 10.602766 108.474374 39.396764 1.325299 0.125000 2.847294 
0.625000 26.875000 0.625000 46.875000 1.250000 0.125000 3.776944 
70.342055 26.853174 68.601942 49.411790 2.111523 0.125000 5.882676 
173.666140 61.875277 173.682127 30.624646 1.265347 0.125000 9.642303 
151.867034 0.624224 148.454773 35.657120 2.819434 0.125000 25.750214 
14.375000 46.875000 14.375000 28.125000 1.250000 0.125000 2.873854 
93.599900 46.334049 88.238955 31.022764 4.306025 0.125000 6.729638 
39.010345 24.381896 38.608184 3.115863 1.604293 0.125000 14.081748 
72.507793 120.628752 72.663458 94.372264 3.735113 0.125000 16.694391 
19.137847 48.131799 18.599736 29.361390 1.679330 0.125000 11.904754 
16.871163 83.053309 0.600867 83.924065 1.715828 0.125000 5.583124 
71.686429 130.557469 75.683561 119.395972 2.107190 0.125000 0.820776 
11.566841 36.861817 11.137550 46.896926 1.569406 0.125000 1.970764 
