174.426707 88.195437 161.848098 88.688008 2.889379 0.125000 7.870688 
160.769654 86.901115 162.385849 0.587754 4.404594 0.125000 187.968956 
73.080204 76.847594 108.168559 75.617105 2.959144 0.125000 34.925376 
72.416824 66.912949 71.632717 78.108030 2.843236 0.062500 4.606112 
34.153256 89.361834 35.632403 64.449658 5.065298 0.125000 16.232776 
93.188069 90.159925 68.148851 92.171842 5.284284 0.125000 46.814548 
70.544587 101.041339 106.818806 97.542419 3.132602 0.125000 35.777365 
70.267936 91.675719 36.932853 86.502229 4.664142 0.125000 41.087246 
38.298163 94.779142 70.227695 101.315730 3.287989 0.125000 31.526772 
36.875233 65.641777 108.128837 64.650894 3.714875 0.125000 104.568942 
105.512723 88.737492 87.898628 91.839661 4.126783 0.125000 9.479218 
90.607556 102.814167 53.097280 102.117472 3.563651 0.125000 17.679892 
68.114643 87.917264 104.399091 86.108196 2.745879 0.125000 37.299887 
105.632724 67.433003 74.354112 67.865944 2.897664 0.125000 31.928121 
104.386300 100.909040 91.856402 101.407503 1.646516 0.125000 4.680034 
52.118265 100.620560 26.856254 95.721666 3.882103 0.125000 32.409963 
101.900989 78.747510 68.105521 80.158413 4.476696 0.125000 41.894680 
107.663147 81.756757 110.102442 98.015865 4.573748 0.125000 11.550453 
153.427980 0.608770 151.670734 103.142922 3.428156 0.125000 196.532893 
153.038255 105.026332 174.383473 101.933477 2.509488 0.125000 14.541222 
24.781782 94.462649 28.496117 77.224301 5.151118 0.125000 20.949977 
128.196468 103.865941 107.894656 101.015714 3.539794 0.125000 3.323118 
0.619405 95.532638 21.867155 94.245499 3.894305 0.125000 7.963887 
111.790721 98.653442 146.894614 104.252015 2.075061 0.125000 23.963988 
0.568527 50.421036 33.108653 52.177789 2.428979 0.125000 18.906105 
71.099194 0.615638 70.480637 51.873258 1.491243 0.125000 26.354194 
63.179989 78.554551 39.369392 76.958679 1.581570 0.125000 9.195484 
145.581282 105.987058 129.267273 104.017157 1.732732 0.125000 2.576231 
39.350827 75.188434 60.619192 75.820459 1.360837 0.125000 1.697763 
88.148308 73.467344 76.865504 74.235524 1.756565 0.125000 2.873854 
48.125000 53.125000 63.125000 53.125000 1.250000 0.125000 0.164584 
71.818235 107.519863 90.637154 105.754566 1.250000 0.125000 0.820776 
