122.188238 63.152907 123.543627 47.939566 3.981942 0.125000 14.495760 
125.593257 38.261404 164.380164 39.149454 6.420035 0.125000 42.790691 
129.375992 72.789892 114.373300 72.806153 6.264899 0.125000 8.168637 
113.730038 16.867408 113.376592 46.892676 4.073438 0.125000 41.688129 
112.208326 50.615163 112.613745 64.353199 3.600879 0.125000 1.198571 
106.881674 86.286446 121.867535 86.135229 1.401289 0.125000 1.653093 
146.875546 88.232627 113.126414 88.403769 2.582371 0.125000 26.459591 
112.510070 73.112926 112.724334 84.382618 2.017116 0.031250 0.203712 
130.624215 50.174374 124.994781 58.971722 2.694973 0.125000 3.456020 
113.819635 0.618774 113.651194 15.644911 3.707730 0.125000 0.940023 
111.770518 89.374948 111.743945 143.124935 5.025337 0.125000 112.664607 
126.471732 64.794259 131.432775 54.774969 6.721195 0.125000 3.307159 
128.124081 5.669685 144.392908 6.004301 1.532485 0.125000 0.164584 
0.260562 103.469286 44.840321 85.531431 3.677785 0.125000 66.341446 
149.381698 8.938521 128.117524 8.612216 1.575902 0.125000 10.225862 
165.577940 38.561684 174.442915 38.048740 3.001271 0.125000 3.456020 
146.588458 36.904410 147.200722 16.846786 3.032780 0.125000 27.027597 
145.617376 15.852712 126.888369 15.225675 2.833207 0.125000 14.486264 
137.075471 73.246101 129.143847 73.852741 7.764138 0.125000 12.995593 
139.154744 51.110586 147.899103 48.591010 3.391673 0.125000 0.050694 
163.191259 46.389215 154.266308 45.171891 2.983856 0.125000 0.797908 
150.681364 76.441948 137.749657 74.758827 8.515483 0.125000 9.883338 
142.282957 58.647746 133.813588 65.257340 3.869377 0.125000 2.847294 
122.903136 84.459282 122.324217 74.349277 6.168318 0.125000 0.879778 
128.097301 12.076383 144.389079 12.387303 2.666504 0.125000 9.438675 
51.995824 87.817653 -0.550345 108.952869 7.197902 0.125000 101.852859 
125.030506 10.605664 124.460607 28.127784 2.742484 0.125000 7.689797 
174.403317 86.711664 148.106028 87.396946 4.269732 0.125000 15.087828 
148.345473 143.174181 147.186360 89.449188 10.644771 0.125000 207.198415 
174.378328 74.916302 151.863810 75.054711 3.765298 0.125000 10.613974 
53.128502 87.386350 104.377350 87.629336 1.457416 0.125000 48.788863 
144.390020 2.238080 128.102354 1.962257 3.939948 0.125000 24.548014 
150.661279 35.624948 150.626997 11.874997 1.260825 0.125000 5.583124 
47.572175 0.615685 46.139614 85.633671 2.078453 0.125000 91.172129 
142.010124 83.279770 125.851856 81.286245 4.487073 0.125000 10.526739 
125.625000 85.625000 140.625000 85.625000 1.250000 0.125000 0.164584 
122.849828 105.629613 123.479050 143.160977 6.332936 0.125000 49.440389 
44.375000 49.375000 44.375000 0.625000 1.250000 0.125000 24.548014 
125.127943 90.584693 124.003884 104.446270 1.784590 0.125000 3.776944 
