172.907353 104.756656 164.357775 71.879479 9.314909 0.125000 63.172599 
141.472310 76.989146 147.184680 97.141542 6.353987 0.125000 35.569547 
174.398274 118.121201 172.313260 105.349389 4.305200 0.125000 11.219093 
61.714628 28.759770 94.403402 31.541213 3.868710 0.125000 31.689591 
28.089496 12.222527 49.372769 14.396840 3.503372 0.125000 20.451231 
152.425261 71.384847 143.716363 77.691604 5.795213 0.125000 10.695739 
99.349041 96.810472 0.071131 136.748183 4.718114 0.125000 173.205371 
44.272688 26.081890 23.894961 21.518698 4.733214 0.125000 15.924938 
57.867151 18.136626 88.135658 24.322854 3.227075 0.125000 23.550741 
25.216234 17.456677 55.918817 24.308408 3.649622 0.125000 20.063090 
56.594154 33.895574 79.349507 37.058413 3.747781 0.125000 12.320232 
46.933467 17.200899 29.424468 16.093126 2.652868 0.125000 7.689797 
51.904017 1.597555 40.646422 0.420174 1.861438 0.125000 0.164584 
154.778557 103.107486 154.694936 113.117230 5.041594 0.125000 1.349337 
98.232089 19.396980 101.287406 4.510957 6.625014 0.125000 15.709490 
95.685937 27.671438 64.330163 23.458729 3.309960 0.125000 19.555565 
59.552758 12.227421 28.052884 5.989148 3.933401 0.125000 23.389951 
68.119667 44.503522 93.125046 44.384616 2.589131 0.125000 25.258669 
142.520097 110.382447 130.987011 79.708879 7.310352 0.125000 52.675329 
98.352666 25.862958 97.794071 20.528755 6.476385 0.125000 0.426994 
33.149434 31.538759 50.467147 32.797218 3.580592 0.125000 13.650421 
86.864989 34.484364 68.043852 32.761464 2.603540 0.125000 14.971112 
35.606751 41.988956 49.403283 44.198394 3.852179 0.125000 8.614963 
26.725790 1.108217 43.323172 6.233219 4.320666 0.125000 16.423266 
48.130794 36.545121 33.135419 36.281755 3.837224 0.125000 6.677210 
64.005974 22.948883 47.935491 17.426480 3.546449 0.125000 11.219093 
125.759191 113.649809 115.636070 112.962063 4.080285 0.125000 5.946800 
101.223038 4.057722 103.177241 0.042109 5.589848 0.125000 1.970764 
80.625666 36.893266 98.102465 36.256503 2.816935 0.125000 4.864122 
96.884732 33.270542 85.684805 34.019421 1.830978 0.125000 2.873854 
7.214288 0.864570 20.702646 5.393762 4.333303 0.125000 7.695231 
66.964560 32.891785 49.203653 26.071190 3.584972 0.125000 8.181183 
51.966058 41.366903 67.150424 44.088158 5.397841 0.125000 4.691204 
94.423972 47.160262 65.623531 48.078949 3.429272 0.125000 21.925975 
30.483594 50.366447 48.158888 52.887399 4.065423 0.125000 15.599063 
21.074556 9.398935 6.934004 4.214080 2.894865 0.125000 7.689797 
68.103561 52.853031 89.418184 51.172818 3.572817 0.125000 14.115291 
34.860134 35.801895 19.114206 27.361524 4.486211 0.125000 2.318777 
52.136618 7.365284 80.917270 17.276272 2.809875 0.125000 9.867370 
0.377395 9.743677 20.524528 23.274600 5.203832 0.125000 21.375938 
56.782252 26.054294 65.400061 27.916153 2.971559 0.125000 2.873854 
59.780346 4.621089 83.238912 14.092877 3.031083 0.125000 11.550453 
125.979961 83.061070 132.024561 116.622935 8.168321 0.125000 52.107212 
5.623741 26.877457 27.020993 37.840045 4.669546 0.125000 44.050593 
96.842738 40.385456 61.838511 39.267849 3.389086 0.125000 23.945032 
163.203542 72.865243 151.818661 73.121442 7.610590 0.125000 13.631855 
6.851297 5.061053 0.602234 4.984547 1.295626 0.031250 0.465614 
151.959464 111.327095 142.191595 109.821297 6.938826 0.125000 7.190052 
23.361516 20.290417 11.735650 12.072130 3.783710 0.125000 10.285789 
35.384171 45.008538 14.741260 37.161495 3.457308 0.125000 4.367750 
23.127839 24.370550 33.068651 30.713315 4.506031 0.125000 3.782874 
114.794399 111.137974 119.568203 83.969668 8.684791 0.125000 47.020697 
62.099553 38.877842 51.918259 34.279226 2.572349 0.125000 0.797908 
13.518559 9.848403 24.485820 15.406323 2.810149 0.125000 1.855669 
48.107082 62.540859 103.168122 64.022500 4.858240 0.125000 74.311039 
46.888951 51.929535 56.001895 49.598317 3.633010 0.125000 0.218275 
55.658011 50.378190 67.038795 51.900357 3.385481 0.125000 10.529091 
15.702736 118.367374 70.662028 100.740450 4.042622 0.125000 70.747184 
25.646678 60.353505 33.099164 60.948569 4.036581 0.125000 0.797908 
110.750446 87.011215 104.984055 92.321728 6.363682 0.125000 0.294986 
0.064260 35.933416 11.617568 40.090459 5.974333 0.125000 15.599063 
6.893036 31.782607 0.402352 30.515542 2.693180 0.125000 0.164584 
44.464046 55.949674 24.409186 54.019757 2.774862 0.125000 20.315323 
0.272694 51.671798 26.130084 60.374258 6.368053 0.125000 30.406237 
46.893880 56.519881 76.809320 58.110367 2.430110 0.125000 5.552885 
12.164335 40.170953 20.653372 45.580476 5.177727 0.125000 7.917544 
103.440245 90.340390 96.903111 83.099621 4.703726 0.125000 0.731012 
70.012144 95.440602 42.789532 101.655601 12.186442 0.125000 111.337555 
28.126354 64.369798 0.542814 57.190777 3.363927 0.125000 27.273964 
64.479103 47.561870 55.571363 45.915140 2.458346 0.125000 1.970764 
152.207101 114.607932 139.237807 117.512394 5.425484 0.125000 9.990166 
39.801385 65.307492 50.211372 59.837780 5.589037 0.125000 0.220401 
80.588660 94.977815 70.550122 95.541484 7.558282 0.125000 15.101392 
44.673982 101.582271 -0.614500 113.357973 15.194868 0.125000 193.493784 
96.505852 9.437444 82.851004 -0.690839 3.756585 0.125000 8.275987 
0.268695 132.196637 70.480790 105.249258 4.125579 0.125000 70.632314 
12.601909 45.838358 4.447086 42.923338 3.951929 0.125000 3.403198 
1.743081 69.050255 39.397692 65.895875 4.369552 0.125000 44.846535 
136.288622 115.974169 140.192261 108.555007 3.958576 0.125000 1.034919 
69.366250 55.686392 53.090561 53.366625 2.298608 0.125000 9.642303 
171.604526 143.547864 174.524336 128.153324 5.145353 0.125000 10.516855 
0.298978 62.274435 19.295117 66.029149 3.422077 0.125000 10.297348 
71.772588 101.250652 85.761321 98.956068 5.136397 0.125000 11.314525 
68.118100 60.692859 49.434187 58.792951 2.255238 0.125000 0.923527 
102.444714 63.177265 101.902668 43.158096 5.404165 0.125000 32.418534 
74.600819 111.203221 101.850110 100.561267 4.457591 0.125000 20.300265 
94.366882 94.278357 80.713219 95.425245 2.595856 0.125000 1.720471 
0.321991 123.458794 15.333670 118.494108 3.962135 0.125000 17.058749 
96.965617 85.447122 69.404880 85.965040 11.294986 0.125000 133.154326 
74.507330 90.767523 65.585924 90.440266 7.632425 0.125000 2.615980 
142.458745 27.480945 148.823154 21.349704 4.468119 0.125000 3.508045 
106.694913 16.407395 111.825532 28.146620 4.937929 0.125000 7.931512 
120.089867 77.674610 125.242214 71.552831 3.825429 0.125000 1.720471 
98.090179 121.814649 109.235879 115.383878 2.498776 0.125000 4.336995 
109.487557 112.273946 91.971187 117.215925 2.221291 0.125000 5.946800 
113.333565 50.503733 117.855828 58.281506 3.593844 0.125000 6.486214 
38.275252 129.742539 7.121631 142.478298 2.525133 0.125000 18.347765 
142.819233 125.583980 140.446747 143.268779 3.807431 0.125000 9.505731 
126.124730 43.979867 115.588169 30.654122 3.922089 0.125000 1.921036 
130.576602 33.167942 137.052941 40.467119 3.740052 0.125000 1.229414 
133.071186 76.034679 140.605383 77.024341 2.967096 0.062500 0.293299 
124.272235 56.900522 121.057633 43.957104 4.249993 0.125000 0.891631 
1.917811 83.472452 26.847374 80.400787 1.250000 0.125000 7.389304 
29.349860 76.693081 0.630108 80.661961 1.882271 0.125000 9.449320 
152.925405 55.713838 149.983487 49.104167 3.425968 0.125000 2.873854 
63.016334 120.199476 48.335315 123.948569 1.829706 0.031250 6.702577 
