56.979469 51.766698 58.783001 74.322387 3.738069 0.125000 17.705453 
64.391347 25.273800 90.642655 26.495700 4.820233 0.125000 43.441871 
62.434364 50.785258 63.581540 37.833293 7.250188 0.125000 12.259834 
63.331634 34.509080 62.026825 24.355489 6.517672 0.125000 10.297348 
95.808080 19.376711 95.778001 0.622750 2.530069 0.125000 17.323294 
46.953427 75.720982 45.606010 59.274149 6.535326 0.125000 15.830380 
65.511595 0.598327 65.070624 23.138609 2.915171 0.125000 23.884372 
64.673847 76.073379 54.120790 77.930298 4.707725 0.125000 1.349337 
17.067534 0.616942 17.256127 34.379853 3.742959 0.125000 59.049958 
96.812014 49.386315 94.815122 38.270490 3.911933 0.125000 1.198571 
102.579845 16.070844 120.787844 11.238599 4.437684 0.125000 10.033387 
121.630459 12.565159 132.806113 16.524982 3.683079 0.125000 12.807844 
132.959558 18.431978 163.281315 21.653915 6.269301 0.125000 28.579113 
164.231407 22.030532 174.545859 20.677290 4.205951 0.125000 13.192832 
43.123359 78.369697 0.616886 78.084564 6.367247 0.125000 27.551158 
52.191396 21.866245 51.601903 0.563377 6.489646 0.125000 18.316925 
86.547967 29.020026 70.906380 43.430420 2.200460 0.125000 12.058439 
65.746542 60.150769 71.408096 46.678785 3.089505 0.125000 6.126021 
154.351487 26.017796 130.537169 24.592269 3.145768 0.125000 8.233892 
94.446228 46.940449 84.263344 58.022403 4.676831 0.125000 5.552885 
73.906661 84.076189 60.858152 77.651472 8.419316 0.125000 21.860321 
96.237962 78.115818 96.634757 50.585505 3.839683 0.125000 13.507197 
129.381547 24.331676 116.791262 22.429149 5.130641 0.125000 3.770729 
90.637530 76.569760 65.577134 75.541038 2.856779 0.125000 28.351130 
50.760722 115.471480 46.732763 79.113791 9.939190 0.125000 59.693222 
174.385923 80.763225 95.621129 81.382950 4.064596 0.125000 62.506474 
58.257891 79.241489 55.259284 104.331292 3.871839 0.125000 7.806069 
15.672089 110.565637 16.367595 125.762637 12.258339 0.125000 44.211583 
61.554361 118.117067 62.512449 79.390770 5.969849 0.125000 35.360848 
100.950862 15.617924 100.625274 0.624994 1.412538 0.125000 0.164584 
12.457152 0.614173 11.868951 36.895167 2.682037 0.125000 42.673661 
16.520306 126.103796 14.051878 143.608248 9.013365 0.125000 42.069812 
94.112740 64.377843 94.248243 76.876374 1.358335 0.031250 0.255185 
108.704034 128.845943 93.787165 112.519987 3.770886 0.125000 5.037014 
64.531656 125.622222 64.843123 143.183208 8.748624 0.125000 28.177391 
51.409654 143.257576 50.170155 115.533564 9.522886 0.125000 43.695980 
64.704593 46.184835 70.103919 38.984269 2.250317 0.125000 0.164584 
10.635562 122.296292 3.619207 143.290169 2.309743 0.125000 0.218016 
23.019116 65.326034 43.324101 67.586701 10.076907 0.125000 30.981664 
18.421229 83.426221 15.417051 111.313979 11.586929 0.125000 76.235277 
92.058259 134.196455 83.407657 125.317461 11.570115 0.125000 8.951382 
96.184510 100.641895 96.714723 83.082416 2.838403 0.125000 8.533210 
96.142818 133.262847 94.466282 124.357814 5.679550 0.125000 6.467797 
6.767974 23.128186 7.176897 36.866014 1.323829 0.062500 0.616176 
90.419253 90.729252 74.609086 83.837954 6.728317 0.125000 28.106761 
77.286889 119.387328 67.535735 122.569063 6.692096 0.125000 10.297348 
87.243040 98.837789 76.357593 91.380235 4.506579 0.125000 1.269599 
6.875000 0.625000 6.875000 19.375000 1.250000 0.125000 2.873854 
