152.010266 13.823226 141.905194 15.780856 4.394769 0.125000 1.702576 
140.570232 16.790766 142.066610 38.023402 4.092227 0.125000 32.015933 
110.623616 48.393971 95.617579 48.316731 3.775686 0.125000 9.711716 
152.342494 35.686035 150.873743 16.855598 3.933051 0.125000 31.772734 
22.404279 22.154489 0.136554 11.661563 5.251106 0.125000 48.858129 
158.137326 71.496224 174.410771 72.025810 2.498677 0.125000 0.923527 
95.873084 51.862908 97.152489 78.111475 7.977948 0.125000 65.169984 
146.693054 75.498706 150.385646 143.274247 8.100916 0.125000 131.663010 
94.380194 79.447415 36.875799 79.193787 3.948438 0.125000 105.775809 
2.524079 39.266867 4.534766 74.579427 8.127407 0.125000 134.908125 
25.445417 82.126085 21.606903 22.051871 8.305787 0.125000 209.834264 
174.375000 74.375000 158.125000 74.375000 1.250000 0.125000 1.067674 
172.200214 4.055430 168.241762 16.075117 8.310905 0.125000 0.979768 
-0.147661 82.503969 9.977867 80.714094 4.770281 0.125000 1.486207 
30.624948 84.321251 94.376095 84.259715 2.551881 0.125000 66.098455 
110.095263 79.479470 108.387684 50.389456 7.484488 0.125000 55.857920 
50.635875 26.031237 101.882611 24.659320 2.666362 0.125000 25.956586 
97.837771 83.015145 99.085085 108.139393 7.490774 0.125000 40.351736 
174.381109 78.526210 161.872760 78.436186 1.339929 0.031250 3.475914 
157.883517 23.076885 157.397524 38.141857 4.151088 0.125000 13.304151 
104.761003 0.516003 105.997376 33.252564 7.966412 0.125000 91.047313 
26.870072 19.402405 38.203139 21.440498 2.681774 0.125000 2.510782 
110.542734 128.510802 128.046494 132.243172 5.510336 0.125000 14.199902 
27.410429 118.174858 25.141658 85.658725 6.872771 0.125000 58.586230 
129.342941 130.910207 145.667692 132.745196 3.586904 0.125000 11.964570 
4.798585 86.744338 7.246311 118.096011 7.963723 0.125000 58.801657 
112.327748 108.192108 110.124918 82.022312 6.961907 0.125000 48.241650 
145.701591 139.173698 114.604169 137.532557 8.016586 0.125000 71.217503 
51.965807 48.605570 47.650031 26.969744 8.336424 0.125000 56.478013 
173.987044 56.884687 173.205668 25.591774 2.780043 0.125000 37.191274 
65.662833 130.991105 110.698588 126.337094 3.129213 0.125000 43.566117 
40.865562 25.574923 41.623443 48.133451 4.209573 0.125000 34.069352 
158.311649 50.459412 160.493606 69.390144 3.868464 0.125000 20.451231 
11.772914 84.960046 20.696401 83.590083 2.281367 0.125000 0.164584 
158.701042 118.163088 157.566407 98.085926 3.602967 0.125000 25.871204 
0.837140 15.603962 2.445107 31.818463 2.487797 0.125000 6.799042 
161.707265 5.922011 151.984487 0.431131 2.317786 0.125000 2.873854 
30.933616 46.854042 33.057558 78.129580 2.578948 0.125000 13.357671 
78.203690 5.084151 93.158259 3.424730 1.933313 0.125000 2.510782 
61.885037 75.522741 73.149205 76.628406 1.732462 0.125000 1.067674 
