149.153334 0.509189 147.018309 50.684287 7.466599 0.125000 97.532187 
137.519493 89.354599 134.707999 0.535324 8.745620 0.125000 214.678936 
145.903639 51.837807 145.230884 69.407772 2.785135 0.125000 8.084162 
146.875518 72.051362 174.375512 72.064640 3.750603 0.125000 45.362773 
0.627464 91.969982 133.135582 88.532959 3.100502 0.125000 122.088441 
174.549560 97.124028 161.783828 94.897804 2.519899 0.125000 5.219043 
174.880481 85.135050 163.412674 88.018939 4.544168 0.125000 8.739380 
150.625000 51.875000 150.625000 69.375000 1.250000 0.062500 0.293299 
69.385904 56.455641 133.125314 58.112920 1.574478 0.125000 37.669546 
160.629412 90.087213 138.130926 89.902639 1.424283 0.125000 17.641629 
68.096172 38.754250 128.141946 41.505107 1.716175 0.125000 38.586184 
149.248272 68.124096 149.408741 45.625241 1.285629 0.125000 5.583124 
142.361656 39.383876 143.069031 0.601180 2.636357 0.125000 46.222174 
136.410545 105.627544 136.348893 94.371035 2.534194 0.125000 6.486214 
40.625000 55.625000 64.375000 55.625000 1.250000 0.125000 6.486214 
