174.627848 95.281939 150.477064 98.113023 4.238320 0.125000 46.259346 
6.852099 84.029799 68.246524 79.956803 3.422964 0.125000 85.551245 
1.879199 124.397476 66.943573 112.242052 4.064369 0.125000 84.225984 
0.623196 64.213327 71.874858 64.165034 3.753388 0.125000 64.705069 
66.891678 99.496525 0.351001 108.628483 8.280130 0.125000 162.009764 
55.347389 117.783267 16.683425 124.526569 4.238163 0.125000 39.470654 
15.713457 124.936855 0.500152 127.331998 3.635994 0.125000 13.631274 
0.495368 101.888565 63.223234 95.311960 3.318710 0.125000 84.287293 
147.435050 97.015562 151.870639 0.452545 8.798141 0.125000 376.034339 
8.481872 68.218889 7.672694 82.067683 8.735102 0.125000 25.201345 
68.132836 67.367818 9.357945 68.302305 5.456419 0.125000 110.803346 
69.530477 118.545557 55.578093 117.502358 6.046202 0.125000 23.074217 
18.197512 86.895024 0.612100 87.899065 6.026079 0.125000 2.708844 
56.906462 83.606381 19.321918 86.062832 2.470192 0.125000 39.447077 
135.481966 125.166691 174.347569 113.037105 3.359405 0.125000 34.285561 
69.602479 81.050773 66.847216 92.826014 7.587542 0.125000 13.631855 
72.974953 113.917841 135.369295 125.726131 2.657277 0.125000 49.889101 
65.509858 110.664467 65.773388 103.086690 2.715713 0.125000 2.576231 
71.098402 99.273785 70.344894 114.361011 4.432611 0.125000 13.717433 
130.624414 126.880486 69.537153 120.356647 3.149561 0.125000 57.658188 
139.336306 0.513460 133.945235 123.215958 6.998967 0.125000 356.833323 
3.337804 112.833184 2.316143 120.840767 5.750799 0.125000 9.378608 
2.460905 89.315819 1.667597 98.217911 3.735198 0.125000 2.680153 
30.634801 78.180160 14.451516 81.055634 2.324109 0.031250 4.616495 
43.984083 113.259586 45.029597 106.585895 5.520153 0.125000 9.642303 
