61.581410 46.903023 70.705689 44.710842 3.062213 0.125000 1.653093 
61.877647 72.591313 52.838618 93.717650 6.232093 0.125000 41.296959 
170.901831 84.375081 170.926363 0.624722 5.016476 0.125000 124.059436 
59.701077 50.559836 60.634037 73.124626 5.615390 0.125000 49.061126 
53.210812 11.559201 61.724028 47.569667 6.812836 0.125000 46.184210 
53.378666 93.991216 59.528388 118.085850 5.797427 0.125000 28.784271 
73.439518 46.834345 60.817942 50.116877 3.678014 0.125000 6.126021 
95.624400 79.317817 169.366276 78.543841 3.631723 0.125000 95.085853 
47.443592 -0.408761 52.802604 9.018813 5.879744 0.125000 2.402083 
72.354592 39.378689 72.246848 16.879205 2.505957 0.125000 7.475045 
174.552611 94.853143 89.396416 90.230485 6.918370 0.125000 170.754647 
169.454964 28.488345 96.630778 44.515288 2.441572 0.125000 78.347492 
95.610880 84.231177 169.380772 85.172820 4.467645 0.125000 160.055651 
55.539033 15.454404 68.019324 9.165293 2.821349 0.125000 4.339063 
57.421960 114.487512 53.816049 132.017151 6.842474 0.125000 0.751326 
94.752789 9.373910 94.713724 40.625423 1.287499 0.125000 11.904754 
94.786196 45.624118 94.855907 78.123968 1.317027 0.125000 12.807844 
69.690564 12.490935 57.228703 18.875557 5.129697 0.125000 14.294847 
168.131610 81.430875 96.876151 82.015340 1.496021 0.125000 39.900544 
112.979200 0.294440 95.559950 7.977516 2.422186 0.125000 13.192832 
96.852274 41.774162 169.601144 25.378413 3.778357 0.125000 111.289158 
49.524367 119.844368 21.663544 128.710525 6.605877 0.125000 35.003010 
92.124703 86.873099 91.467942 0.618582 3.109047 0.125000 101.711828 
54.888742 116.476639 49.927815 119.469265 4.077668 0.125000 3.776944 
20.886482 128.997984 0.427060 131.517910 4.827889 0.125000 33.214069 
96.359316 4.319931 107.798895 -0.200293 3.028240 0.125000 3.370729 
59.371643 106.915332 83.164901 108.895579 2.387711 0.125000 18.201342 
70.549416 57.663826 63.046098 58.893582 2.669256 0.031250 1.681407 
