107.659075 83.148791 108.798178 45.607498 3.181246 0.125000 30.704344 
93.962453 44.365769 93.754171 81.878493 3.874867 0.125000 54.410838 
124.375553 43.101226 110.603932 42.780975 3.807107 0.125000 9.449320 
127.655979 43.094741 129.112344 80.683607 3.747189 0.125000 61.679271 
125.544903 74.376251 125.076648 44.383561 2.519208 0.125000 18.816157 
126.430199 0.564073 125.576047 41.848125 9.368684 0.125000 171.701892 
111.913638 42.060542 93.131557 42.330769 5.089395 0.125000 10.373848 
110.947106 45.622755 110.871480 76.875596 1.325616 0.125000 9.642303 
147.171511 39.469916 147.639474 31.845201 2.495305 0.125000 1.067674 
147.156177 30.655571 147.756408 0.592683 3.923919 0.125000 47.118245 
146.376754 80.716076 148.378675 36.715924 7.833132 0.125000 99.575937 
111.877362 75.458433 119.393576 75.565017 2.570645 0.015625 4.679098 
166.504136 0.601295 166.101500 28.131969 3.987230 0.125000 18.216075 
140.507199 61.888862 141.211443 4.366876 3.173129 0.125000 96.568976 
91.883777 82.412365 11.885377 82.054596 6.495906 0.125000 134.953905 
143.812067 4.366110 142.903880 61.871508 1.723577 0.125000 41.777504 
147.058250 96.938459 147.301825 81.841551 6.168527 0.125000 25.865094 
125.651384 84.782732 111.875745 84.351211 3.943847 0.125000 3.782874 
34.086104 44.375514 34.008335 0.625652 2.571099 0.125000 44.364386 
147.630597 143.130826 147.085809 96.901977 5.146950 0.125000 44.496242 
19.188171 10.591524 18.808423 26.890923 4.011017 0.125000 17.040467 
163.184733 98.934865 149.363641 98.446401 2.719189 0.125000 3.403198 
12.338497 31.911550 12.845432 8.145700 6.568462 0.125000 20.188221 
94.218875 90.493715 92.566673 108.189579 7.699928 0.125000 15.386119 
24.996428 11.988310 22.914240 0.437660 3.790893 0.125000 1.198571 
85.024361 30.638343 84.716273 45.632012 3.928965 0.125000 3.042730 
11.299468 79.375927 11.224975 33.124034 1.324488 0.125000 48.052778 
13.123592 78.255561 90.628060 79.091126 2.018019 0.125000 71.821607 
151.872943 95.694783 163.113172 96.026181 2.719942 0.125000 0.883796 
108.167333 114.374397 107.757846 85.630230 1.445735 0.125000 7.870688 
64.393402 49.947485 55.572157 50.231031 3.989016 0.125000 8.567595 
5.319982 0.623104 5.505621 93.125240 3.755010 0.125000 142.876112 
89.382887 73.001127 90.493777 61.861913 2.983838 0.125000 0.218275 
155.468891 11.865982 150.922368 90.569969 2.662423 0.125000 54.205119 
0.608575 93.577563 91.882784 92.845353 5.451067 0.125000 164.564888 
27.948750 26.971632 27.431507 19.337295 2.916765 0.125000 1.970764 
54.002053 43.003025 44.242332 39.776272 3.570114 0.125000 3.403198 
165.824301 80.630072 165.346656 99.399726 2.880783 0.125000 16.190856 
129.031735 98.088729 128.320041 129.350984 3.834376 0.125000 31.346245 
130.616974 83.323595 141.899064 83.779522 1.652766 0.125000 0.164584 
66.333101 34.387782 66.107128 46.906267 3.839630 0.125000 6.467797 
50.167038 22.339041 47.695365 13.241729 4.497349 0.125000 2.249350 
151.483019 0.615179 150.543287 38.122953 1.813154 0.125000 31.772734 
114.362576 26.874202 113.562850 39.322826 1.728253 0.125000 2.873854 
94.353486 0.873398 115.552729 2.709452 4.059588 0.125000 6.123218 
93.206130 109.354583 93.436732 124.389391 5.133602 0.125000 7.337580 
125.151628 130.874096 131.658266 143.239049 2.328387 0.125000 0.218275 
118.228504 39.374243 118.100588 21.875178 1.277378 0.062500 0.293299 
153.125000 31.875000 153.125000 15.625000 1.250000 0.125000 1.067674 
96.856151 92.964604 105.621291 92.847463 2.583297 0.125000 1.067674 
98.425247 11.111767 109.367291 4.362501 2.535444 0.125000 1.720471 
113.078488 94.266639 119.419816 94.524994 2.752350 0.062500 0.293299 
87.741784 108.008025 81.275471 129.191997 2.026152 0.125000 3.851484 
