33.118880 65.289564 14.397919 65.631145 3.772180 0.125000 9.505731 
33.166476 25.376022 17.963670 22.843453 4.109829 0.125000 14.553849 
39.461955 86.031664 170.734102 99.566862 3.821611 0.125000 130.786339 
14.374600 57.306710 31.874596 57.298161 2.505496 0.125000 10.310893 
88.194861 93.442918 58.082954 91.185982 3.240427 0.125000 33.214069 
56.966720 91.436604 39.315097 90.477704 5.263857 0.125000 27.273964 
174.506850 104.631475 161.903457 103.890787 4.330218 0.125000 11.948253 
150.595455 99.658893 89.358249 93.285958 2.306585 0.125000 46.798721 
29.879860 98.141866 30.926845 66.801566 6.830812 0.125000 58.793030 
30.944691 55.627153 31.138416 26.861621 6.266694 0.125000 87.025763 
169.069295 98.870245 175.115366 91.209302 5.266875 0.125000 7.098330 
37.922647 65.535080 37.409072 88.108712 6.504267 0.125000 45.531538 
48.864487 0.508407 47.066609 46.930832 7.833004 0.125000 159.908954 
7.767736 10.489220 7.016066 19.386917 4.262811 0.125000 7.653196 
6.573036 24.251162 4.658277 48.247347 6.481968 0.125000 58.753595 
18.710279 24.505340 16.489529 55.775172 7.215505 0.125000 92.172808 
165.828062 104.993954 50.895709 142.700150 4.844578 0.125000 153.844553 
0.457744 134.946934 28.415035 128.050821 3.988787 0.125000 47.903466 
15.785572 67.006940 15.068450 74.673704 7.350992 0.125000 6.119189 
29.217476 127.965237 40.604648 126.692857 2.623347 0.125000 3.456020 
48.112190 51.531542 170.628247 46.962070 2.582675 0.125000 135.065173 
16.380907 18.811331 13.400033 0.378380 10.071303 0.125000 40.086462 
63.024061 120.180678 74.532056 117.566342 5.152680 0.125000 9.079857 
9.441814 87.860983 0.598710 87.470732 2.552679 0.125000 2.873854 
115.588179 107.082501 128.072605 106.641552 5.129251 0.125000 4.934975 
5.186675 51.698012 5.844105 59.356191 5.302423 0.125000 1.198571 
39.486053 132.276895 0.596789 143.022906 3.566885 0.125000 41.296959 
12.929691 29.364344 13.473675 19.394024 3.744431 0.125000 11.001664 
12.546544 35.637928 12.667745 29.342133 2.499537 0.031250 6.486214 
36.927084 125.839042 63.432650 119.389305 3.020208 0.125000 27.436248 
6.012414 62.903441 4.545263 76.892856 5.103107 0.125000 2.962376 
11.215803 53.065685 12.676296 36.834625 2.601964 0.125000 11.416468 
26.941163 106.129122 11.872610 108.106792 2.966726 0.125000 8.509122 
74.645236 116.820743 114.582897 107.794907 3.065222 0.125000 57.264799 
128.286851 105.608972 150.406317 102.707728 7.050084 0.125000 36.315765 
173.201763 48.127234 174.148045 15.618394 2.753533 0.125000 22.237868 
14.204363 90.521418 14.544615 98.173042 5.217184 0.125000 12.058439 
69.372178 48.070765 51.854566 48.982309 1.767966 0.125000 8.292394 
38.245747 9.899022 24.461264 7.606348 2.261036 0.125000 1.653093 
41.332632 0.403613 42.496597 10.696066 5.249263 0.125000 6.119189 
94.257110 117.673704 118.018335 111.466672 2.157207 0.125000 3.012505 
