40.593519 84.247857 0.279487 94.229541 5.477608 0.125000 52.138950 
80.263488 116.873104 80.015449 0.620966 3.982023 0.125000 208.211898 
37.993250 0.624572 38.008145 83.125698 7.514669 0.125000 212.733537 
174.381183 93.865655 81.864469 92.742510 3.946983 0.125000 109.594200 
146.843722 19.446600 147.954403 0.541539 4.403350 0.125000 27.263089 
95.610186 86.956619 121.681919 91.688777 3.689715 0.125000 17.751826 
44.227276 95.624218 44.439147 55.625340 1.276467 0.125000 13.809694 
174.401923 86.040055 94.350706 85.006335 5.338527 0.125000 109.773866 
0.256143 113.544133 43.176108 94.490123 2.679534 0.125000 53.219279 
91.861758 80.932816 174.377047 81.634225 2.563660 0.125000 98.057657 
120.262999 34.610701 102.121626 27.496132 4.449420 0.125000 12.593266 
156.898840 36.075963 139.315817 37.005468 3.612796 0.125000 18.013092 
46.875152 93.069512 76.874928 93.151484 1.253411 0.125000 11.001664 
139.102427 37.986693 137.121365 23.986386 7.075760 0.125000 1.835231 
44.721812 53.123069 44.429493 0.617737 2.493002 0.125000 36.242781 
157.866906 13.119481 157.412148 34.386486 3.909481 0.125000 8.604442 
45.624202 54.655315 76.873949 54.744254 1.328261 0.125000 11.001664 
89.345984 89.192135 96.661795 88.031320 2.792670 0.062500 1.785718 
40.628472 118.129283 23.342289 132.143029 1.993906 0.125000 2.486513 
22.539757 132.372974 9.735157 142.337795 2.084317 0.125000 4.232717 
169.171992 0.543362 165.188338 10.449399 1.694473 0.031250 0.255185 
