138.171050 18.681520 158.137771 17.029343 3.221823 0.125000 12.171350 
150.948783 19.353825 152.348582 40.757527 8.299768 0.125000 33.825564 
82.085823 6.655243 65.629781 8.176708 2.248607 0.125000 1.229414 
71.679326 19.789486 88.136297 18.245405 3.616833 0.125000 0.190130 
155.600797 12.918206 139.281738 14.828139 4.305795 0.125000 8.959915 
82.981157 98.685659 0.174238 115.964814 4.374075 0.125000 136.624803 
63.118228 1.110571 91.880067 1.511669 2.761209 0.125000 10.768851 
93.176520 13.925141 108.194742 12.958132 2.976754 0.125000 7.689797 
175.077023 14.327752 162.364069 17.966434 6.692406 0.125000 14.632986 
67.931637 94.154623 14.287435 101.209135 8.023392 0.125000 100.191818 
43.179955 0.297832 61.823858 3.429471 2.672525 0.125000 10.225809 
159.444453 6.211322 146.825381 7.706120 4.312130 0.125000 0.186775 
167.231637 82.188240 165.566497 64.149626 7.793767 0.125000 34.872842 
46.766819 28.500371 79.371971 30.670504 3.492680 0.125000 7.521754 
153.954189 44.099519 154.912768 55.683935 7.371373 0.125000 9.010332 
166.486446 63.449605 167.466292 53.302808 9.430385 0.125000 6.767599 
56.919823 5.401290 33.123312 0.633425 2.451282 0.125000 6.905508 
70.627261 8.535739 73.202306 20.048539 8.667500 0.125000 5.125600 
82.195581 39.318512 83.627899 47.447159 6.805924 0.125000 11.964570 
21.832676 0.806449 55.500283 8.659675 3.815012 0.125000 32.494700 
168.439432 113.154691 168.030810 83.075337 10.100954 0.125000 17.631602 
80.864594 21.777411 81.364530 29.408443 3.116978 0.125000 1.067674 
92.135553 25.262412 105.288789 31.351286 6.281005 0.125000 3.091429 
95.622647 81.958795 135.626198 83.082347 2.021576 0.125000 21.402828 
14.171239 102.248654 0.299262 105.474048 6.653789 0.125000 20.494369 
0.235086 111.169401 76.925562 95.878590 4.677961 0.125000 104.548970 
142.121554 49.375925 142.111802 25.623363 12.502052 0.125000 63.475482 
70.631370 93.096055 83.078722 95.835293 4.736982 0.062500 0.101839 
66.950399 80.340143 69.225487 90.925786 8.291999 0.125000 10.169903 
102.667732 31.375506 98.284894 68.292385 9.845239 0.125000 142.517650 
81.200336 30.554381 82.144358 38.245368 4.178928 0.125000 1.034919 
92.667508 44.405381 91.664783 29.305950 2.825817 0.125000 11.184171 
81.955264 50.618989 83.179318 66.964540 3.086106 0.125000 6.467797 
141.443605 72.045785 142.502474 59.220403 10.377495 0.125000 35.727688 
141.850602 81.876504 141.854640 71.873983 7.503531 0.125000 34.612635 
0.601340 13.201015 45.883240 27.295332 2.466088 0.125000 40.871437 
0.603457 61.034275 55.648333 63.931723 2.365131 0.125000 59.049958 
143.601743 98.188606 142.555228 85.466224 5.495550 0.125000 13.490504 
154.564499 83.118068 154.977136 94.398698 2.681103 0.125000 6.486214 
45.486449 23.562666 0.629023 9.362291 1.688853 0.125000 23.879069 
