0.592076 74.327608 61.897760 72.771870 7.465876 0.125000 134.374321 
53.256231 118.613743 -0.096147 132.939233 6.036194 0.125000 71.065742 
97.847641 118.117568 174.538980 126.651340 4.967505 0.125000 144.201018 
56.786302 108.502495 97.198566 117.997910 6.303870 0.125000 77.206566 
59.394371 66.292988 5.620731 64.503279 2.290717 0.125000 44.250828 
58.014234 73.038572 51.933127 96.293932 16.148807 0.125000 86.940880 
55.632509 49.508231 174.357642 42.817007 2.654761 0.125000 76.225796 
174.349863 122.295204 158.157808 121.326571 2.271608 0.125000 4.232717 
79.340871 92.890758 64.295997 95.082762 2.293661 0.125000 6.102063 
139.368464 91.476798 80.613776 92.441191 1.986798 0.125000 21.916287 
51.879998 109.384758 34.973701 118.043914 6.970305 0.125000 1.427347 
