16.815473 23.136679 21.770122 48.390816 5.457840 0.125000 26.986419 
22.262046 55.634530 22.717526 96.879500 5.027302 0.125000 57.626240 
5.661543 81.466514 13.101996 82.132142 2.712818 0.125000 1.067674 
34.511903 111.917781 4.472952 108.511251 2.740154 0.125000 11.554906 
36.893533 120.716855 0.607435 128.037942 4.191932 0.125000 22.407429 
0.703194 73.790183 14.375895 75.618304 2.515582 0.125000 1.034919 
55.720934 103.977629 24.431458 102.155502 3.016957 0.125000 24.750649 
15.892323 104.303101 7.950329 106.105220 4.210247 0.062500 1.005729 
51.175998 110.819134 61.086400 115.990829 4.529565 0.125000 0.218016 
0.605117 112.048816 35.858757 116.081508 4.788885 0.125000 47.082558 
30.680245 104.044526 50.543095 107.364959 3.694967 0.125000 7.776105 
5.720977 108.712713 29.450535 104.837540 1.887804 0.125000 11.184171 
9.339269 131.742767 40.981061 123.192697 5.479032 0.125000 56.380093 
20.660260 97.054215 0.695292 100.982268 4.664640 0.125000 24.095057 
0.488320 130.178697 9.612182 131.730342 6.580677 0.125000 8.488164 
151.774967 115.092832 174.358975 118.239996 4.404210 0.125000 10.694409 
86.706393 105.680842 150.681027 113.941076 3.599893 0.125000 67.012016 
0.557931 24.083621 8.098046 23.755533 3.121455 0.125000 0.164584 
25.580880 95.902844 85.654049 105.442061 3.152733 0.125000 51.637646 
59.628726 118.272096 48.124862 115.625600 2.156114 0.062500 3.255127 
26.888187 52.084628 174.433395 42.803300 2.400425 0.125000 117.091664 
