1.863882 85.070041 54.392884 84.017685 4.049695 0.125000 43.234612 
55.725544 70.625326 55.668847 88.125142 1.874987 0.125000 1.970764 
4.446711 37.082811 23.514250 30.503003 4.035902 0.125000 9.569680 
52.291789 88.683816 13.077592 94.027071 8.160723 0.125000 81.921493 
6.713010 8.528246 17.485343 12.855657 3.707728 0.125000 3.048414 
22.393479 43.745363 40.927647 59.007468 5.960034 0.125000 30.071428 
19.398615 45.661737 8.026458 52.971698 3.830409 0.125000 7.917544 
55.794502 54.356909 55.543077 69.373628 1.250000 0.125000 0.164584 
119.334713 95.038079 174.359431 98.381248 2.688035 0.125000 31.623677 
70.619866 87.790589 174.383789 86.197475 2.250244 0.125000 120.840666 
174.369959 100.700509 116.792767 96.856830 2.825802 0.125000 34.436877 
118.125000 90.625000 174.375000 90.625000 1.250000 0.125000 29.966554 
13.048564 95.145491 0.469680 97.150621 4.096788 0.125000 8.614963 
174.374804 92.420538 119.374809 92.435818 1.263891 0.125000 8.959915 
39.187313 59.854390 46.685825 82.354625 6.720311 0.125000 45.658685 
10.950203 122.851031 -0.299797 126.599411 6.719789 0.125000 13.693766 
58.117273 87.582079 66.883287 87.457324 1.374388 0.125000 0.164584 
68.125000 0.625000 68.125000 41.875000 1.250000 0.125000 19.129474 
174.375000 88.125000 159.375000 88.125000 1.250000 0.125000 0.164584 
53.125000 23.125000 53.125000 0.625000 1.250000 0.125000 4.680034 
65.625000 29.375000 65.625000 0.625000 1.250000 0.125000 10.098574 
0.478267 65.628951 0.950052 83.149906 1.283194 0.125000 1.970764 
70.614781 67.248264 116.873066 66.709094 1.322758 0.125000 20.315323 
54.963256 0.615746 54.683380 20.629312 1.512058 0.125000 7.389304 
54.375000 78.125000 54.375000 56.875000 1.250000 0.125000 4.680034 
116.875000 89.375000 98.125000 89.375000 1.250000 0.125000 2.873854 
115.625000 64.375000 94.375000 64.375000 1.250000 0.125000 4.680034 
