30.639494 50.001700 44.411037 49.683204 3.893503 0.125000 1.668182 
44.553444 50.397616 53.094293 59.347214 5.384456 0.125000 19.641228 
70.590676 76.614262 164.357907 79.867651 3.531023 0.125000 174.736534 
50.626764 78.424362 30.624513 78.387251 2.530144 0.125000 13.809694 
171.527052 64.456196 172.364755 29.356856 6.307870 0.125000 74.167248 
52.207234 59.294171 51.550415 76.909506 6.338812 0.125000 47.903466 
174.347758 85.021972 54.349979 79.969217 5.376884 0.125000 192.614988 
172.612241 24.449530 173.506984 0.592446 4.075297 0.125000 38.558193 
151.867062 50.156576 81.865982 51.342857 2.181938 0.125000 64.866516 
55.627207 77.267862 69.383796 77.190572 2.514006 0.125000 1.855669 
32.218322 0.613550 32.409596 48.112780 6.441225 0.125000 154.964996 
76.877226 53.386003 150.621861 52.757013 2.094783 0.125000 42.584446 
33.077632 75.638643 33.209815 51.875472 5.132030 0.125000 59.329382 
31.187347 125.449499 29.564342 143.368585 8.484229 0.125000 58.842240 
34.400357 82.151779 49.389071 80.778592 1.700950 0.125000 1.697763 
65.782652 40.630153 64.679298 74.384947 2.743690 0.125000 20.949977 
32.060595 88.080874 30.810475 118.236329 6.917716 0.125000 96.275890 
14.416914 0.622744 14.318229 108.124948 7.466720 0.125000 256.885430 
53.463948 31.888597 54.721593 0.538613 3.797091 0.125000 31.193336 
79.652649 49.384218 81.272049 0.604983 2.830426 0.125000 64.207914 
52.099940 80.552422 51.206843 93.166196 4.182052 0.125000 0.940023 
77.349051 0.599465 75.661655 51.876206 2.539760 0.125000 49.572553 
60.998884 55.642147 61.459165 45.605929 1.592291 0.125000 1.970764 
169.992726 103.129841 170.061367 94.370583 1.318528 0.125000 0.164584 
153.784380 0.591484 151.513743 40.604500 2.141882 0.125000 28.306011 
