15.612723 80.002716 59.395004 79.138930 2.967989 0.125000 44.326551 
35.990509 22.804981 41.180670 28.732915 3.527775 0.125000 0.797908 
20.551238 40.439523 30.902555 36.322919 3.246885 0.125000 1.855669 
57.184838 83.563045 14.370061 88.078167 6.803168 0.125000 61.861172 
9.446253 29.330957 14.182802 36.993801 3.034961 0.125000 0.797908 
33.273537 45.452822 48.055711 58.205317 5.808775 0.125000 21.597948 
14.055001 0.130167 17.507410 6.618704 5.729971 0.125000 2.249350 
41.870328 101.830609 0.551757 106.179048 3.663736 0.125000 52.714922 
30.353013 46.434983 18.513416 53.753375 3.847042 0.125000 4.557628 
0.307937 26.529850 15.916060 12.191843 2.761633 0.125000 5.595353 
116.864181 87.280350 161.865484 88.481507 1.382965 0.125000 22.099308 
74.367992 82.677836 156.867318 81.384832 3.749540 0.125000 64.221012 
160.588325 91.295505 111.847407 88.629464 1.950103 0.125000 19.897954 
60.625000 54.375000 60.625000 69.375000 1.250000 0.031250 3.114218 
46.414615 58.658132 52.851161 76.971247 6.088918 0.125000 38.291523 
173.124915 85.692987 115.625005 85.620933 1.273495 0.125000 30.869644 
156.887196 81.120318 174.376593 80.689699 1.526532 0.125000 0.164584 
153.125000 84.375000 174.375000 84.375000 1.250000 0.125000 4.680034 
14.358414 55.625658 15.251656 78.139812 1.794116 0.125000 15.517114 
69.375000 35.625000 69.375000 1.875000 1.250000 0.125000 13.710934 
174.375000 83.125000 151.875000 83.125000 1.250000 0.125000 5.583124 
58.125000 24.375000 58.125000 3.125000 1.250000 0.125000 4.680034 
59.364676 0.625163 59.561417 13.122065 1.308875 0.031250 3.475914 
74.355550 65.008420 103.116362 64.101178 1.250000 0.125000 4.232717 
110.625000 61.875000 89.375000 61.875000 1.250000 0.125000 4.680034 
