119.351853 77.620167 151.898059 76.127929 3.012646 0.125000 35.284902 
148.176385 88.881112 115.656678 91.091132 4.249893 0.125000 46.814548 
0.390203 116.513740 18.239779 113.912652 3.735619 0.125000 13.956256 
116.855919 99.111475 150.609973 96.667469 3.142439 0.125000 27.514630 
115.827494 90.605195 85.793914 85.815772 3.953367 0.125000 45.380093 
85.630507 67.198599 153.132230 66.049847 3.791996 0.125000 64.280520 
150.625424 69.022058 120.624840 69.036248 2.514190 0.125000 31.772734 
84.440976 92.779593 117.924390 99.175258 2.800508 0.125000 26.431758 
28.247311 25.110105 0.621135 26.812269 3.435414 0.125000 12.701479 
130.504458 101.881489 95.467171 98.520156 3.544687 0.125000 23.127803 
85.204388 78.143859 85.489123 65.621910 5.651155 0.062500 3.298164 
0.605675 23.654782 16.879618 24.248404 2.680601 0.125000 12.807844 
0.496085 52.017466 14.341391 51.260373 3.744406 0.125000 7.274493 
174.429684 102.352413 131.965473 99.346781 2.681586 0.125000 30.932485 
49.427114 30.953729 33.087979 30.029466 3.201974 0.125000 11.124244 
114.344792 87.291006 148.141005 86.066868 2.634102 0.125000 35.892993 
97.120848 98.141032 76.926284 94.117594 3.184538 0.125000 21.498652 
74.792798 91.636207 83.576666 77.148851 11.597861 0.125000 30.330921 
35.614773 27.380338 50.633919 27.684304 1.553260 0.125000 1.855669 
13.331989 23.950658 39.798809 17.315529 3.326722 0.125000 18.696634 
148.129003 79.726650 111.883698 80.139204 3.906253 0.125000 19.941530 
13.158554 123.990003 0.483671 124.481676 6.632922 0.125000 37.191274 
26.874517 94.359150 61.918155 93.291579 3.596012 0.125000 23.899005 
20.648936 52.612887 78.140190 55.300002 2.403614 0.125000 54.960170 
152.514889 77.859157 155.025792 95.709288 6.344200 0.125000 9.189333 
36.374775 31.510859 20.797051 52.910188 4.592226 0.125000 13.704737 
0.538423 96.291958 26.788903 95.052115 3.932913 0.125000 29.075454 
12.930655 53.795078 0.186323 58.065995 3.562012 0.125000 9.378608 
156.888577 98.044943 174.517525 101.034573 1.859401 0.125000 5.219043 
56.859813 52.044283 38.037026 50.355581 1.931518 0.125000 8.292394 
16.366376 49.913188 29.431229 31.915818 2.480219 0.031250 0.199558 
98.120301 107.943523 116.857737 107.458329 1.573152 0.062500 1.909151 
