0.563834 60.234203 6.808582 60.415299 5.106602 0.125000 0.218275 
49.598868 0.616725 49.074534 65.632658 2.983785 0.125000 101.025725 
77.597228 52.866896 85.699178 36.299972 4.417830 0.125000 14.703475 
49.428654 66.818340 64.403405 67.433234 2.908169 0.125000 13.192832 
84.067112 32.970799 74.804926 51.464278 3.920212 0.125000 6.916790 
97.675093 27.213604 85.143567 33.399741 2.766093 0.125000 1.454630 
49.126463 70.634418 48.938393 90.632649 2.617438 0.125000 13.809694 
86.082384 36.520620 98.507066 30.175466 4.452934 0.125000 9.711716 
61.833813 29.371796 63.782222 4.328880 2.700642 0.125000 17.891364 
51.834719 85.384401 69.406501 86.085626 3.145973 0.125000 17.058749 
74.615940 90.435623 68.132595 91.908433 4.210641 0.125000 1.653093 
7.197870 83.423610 -0.308648 80.876147 4.466602 0.125000 3.403198 
73.117813 23.420797 129.383451 22.997004 2.914178 0.125000 88.329776 
64.860452 32.234801 51.015640 50.914529 3.686078 0.125000 11.075185 
0.598205 68.581699 13.083960 68.159969 2.625166 0.125000 1.720471 
83.562477 72.144611 77.711686 54.512145 3.969011 0.125000 7.030996 
98.089363 80.688049 84.455836 72.981985 3.832451 0.125000 8.488164 
19.673682 106.875443 19.624151 0.624301 3.799529 0.125000 128.879251 
69.191847 53.231365 67.798721 18.088382 8.335838 0.125000 79.534756 
65.801710 3.136681 63.980902 30.681578 2.164759 0.125000 14.541222 
58.091227 39.361973 62.192528 28.729657 2.965704 0.125000 2.560371 
99.523956 30.062882 114.468278 34.022996 3.232246 0.125000 4.864122 
83.965783 76.578746 100.407011 83.633059 3.943004 0.125000 5.983381 
51.871966 58.760202 69.377537 58.843814 1.327600 0.125000 5.583124 
110.714374 29.422852 95.704405 28.306936 3.183626 0.125000 6.126021 
68.224043 71.397624 48.271884 72.374630 6.976153 0.125000 29.907754 
50.626229 91.446680 65.626106 91.489721 2.499990 0.125000 7.870688 
114.943748 76.269835 99.462534 80.916628 3.470656 0.125000 3.586135 
67.280886 16.887746 67.791919 0.614540 1.641733 0.125000 6.102063 
75.993975 51.922845 77.005544 70.550028 4.857078 0.125000 6.790762 
51.295415 46.393987 57.634764 38.755549 3.049248 0.125000 3.370729 
121.776498 40.479365 124.616731 62.936334 2.965401 0.125000 5.983381 
123.279123 64.054951 115.618937 75.620985 3.099172 0.125000 6.009503 
131.041339 24.367038 131.710913 59.378138 4.568860 0.125000 32.500451 
89.402085 94.895772 76.806133 95.550888 4.993251 0.125000 19.754330 
102.142193 83.748094 119.187877 76.438629 3.773601 0.125000 7.949579 
48.892958 105.586040 47.772643 119.447549 3.297468 0.125000 4.864122 
118.934977 75.286508 124.418373 68.158365 2.743689 0.125000 1.697763 
140.659759 93.509751 108.198839 96.442325 8.931678 0.125000 65.752259 
51.871169 53.352094 65.638338 53.584335 2.583979 0.125000 9.195484 
1.873519 53.096085 18.081010 52.266043 4.256556 0.125000 20.451191 
65.636038 94.996801 50.618711 94.732944 2.565492 0.125000 8.756152 
80.433765 0.613336 80.654368 20.638447 3.956316 0.125000 34.482004 
127.099826 55.567985 123.223606 40.282998 3.362530 0.125000 4.557628 
66.881624 56.033147 51.872718 55.915059 1.367975 0.007812 7.683162 
123.389019 40.329071 111.536413 29.754508 2.597068 0.125000 7.697740 
18.132206 55.985508 4.362722 56.260724 1.499543 0.125000 2.873854 
64.314065 63.673701 51.828395 63.250724 2.921786 0.125000 7.389304 
123.269242 69.763133 126.858363 56.870369 3.140683 0.125000 4.480242 
96.898578 95.488399 89.399324 95.563213 8.786974 0.125000 0.542782 
141.300627 65.641799 155.036662 73.167289 3.212891 0.125000 9.449320 
40.614389 121.976897 24.281171 120.276035 4.895051 0.125000 11.284283 
120.762772 0.660531 116.297183 17.975983 2.497252 0.125000 0.434640 
43.692950 101.890166 44.537840 0.615930 4.177413 0.125000 195.102341 
163.131163 92.494572 139.346215 92.731161 7.710993 0.125000 34.574583 
173.924099 60.619445 174.080558 83.127047 1.406372 0.125000 5.583124 
18.234643 116.937138 18.695920 106.843965 3.803158 0.125000 5.172956 
43.837059 118.155642 43.048287 104.308168 2.922473 0.125000 3.851484 
154.806088 73.856987 162.484640 82.447388 2.894808 0.125000 3.403198 
64.373973 88.301562 51.874396 88.228834 1.293616 0.031250 0.983154 
135.524904 81.226667 161.877368 85.610765 2.669001 0.125000 22.232338 
167.986946 66.883498 166.985705 50.618185 2.648878 0.125000 9.438675 
134.517270 62.844099 140.499025 65.873727 2.230259 0.062500 0.465614 
114.255159 20.346820 118.304316 0.407571 3.463888 0.125000 4.820313 
131.585935 65.575870 132.229877 78.170765 2.879693 0.125000 13.710934 
162.493585 53.140496 163.246204 23.096723 2.405305 0.125000 30.869644 
40.624311 105.390195 23.120794 105.441551 2.496322 0.125000 10.310893 
162.632412 79.374500 162.657798 54.374526 1.275386 0.125000 7.389304 
152.006755 74.091606 132.766366 65.146392 3.032539 0.125000 10.884515 
174.375000 0.625000 174.375000 43.125000 1.250000 0.125000 20.032564 
165.289429 64.367088 164.582486 94.350420 2.764483 0.125000 24.995467 
174.391281 97.761241 164.371699 97.945311 2.660298 0.125000 3.776944 
164.807532 26.779191 166.024059 0.527640 4.994640 0.125000 34.605983 
75.111190 20.628628 75.209782 0.622954 1.348548 0.125000 2.873854 
160.346176 83.421587 151.958455 75.536228 1.985110 0.125000 1.067674 
134.376211 59.191690 159.375120 59.356880 1.332570 0.125000 5.583124 
165.625000 30.625000 165.625000 50.625000 1.250000 0.125000 3.776944 
64.002618 114.879648 53.500490 120.126572 3.356394 0.125000 2.847294 
101.644385 101.249897 71.991093 112.189680 5.556251 0.125000 41.157406 
91.408718 21.344021 82.787845 0.766248 7.587389 0.125000 28.325909 
172.238794 74.270371 169.723518 65.524765 2.748107 0.062500 2.527919 
79.682674 111.989910 70.007875 137.894517 1.763624 0.125000 7.689797 
23.125000 103.125000 40.625000 103.125000 1.250000 0.125000 1.970764 
21.857147 108.441722 40.624191 108.082722 1.536658 0.125000 2.873854 
109.587295 143.062341 106.671970 133.184924 1.690047 0.062500 2.873854 
51.863215 97.624350 64.379778 97.821202 1.446413 0.062500 0.465614 
92.946861 126.887016 94.043710 143.147347 1.295192 0.125000 1.067674 
74.383212 88.530200 93.125514 88.150353 1.427042 0.125000 1.970764 
169.927090 143.312802 166.139303 129.236605 2.738934 0.125000 0.923527 
51.819017 78.742753 63.202091 79.774337 3.279524 0.125000 6.799042 
63.185223 143.157520 70.627087 129.376127 1.957745 0.125000 0.218275 
