92.444486 61.926397 93.593823 49.191682 5.204477 0.125000 9.741820 
73.603312 48.105153 73.861984 70.630891 3.807166 0.125000 14.891772 
90.653552 68.141538 96.018598 58.878957 4.497997 0.125000 4.864122 
95.624085 46.351578 115.626209 46.316605 3.771851 0.125000 11.550453 
73.572857 23.128457 73.389462 46.886690 3.778835 0.125000 30.776105 
114.540738 72.638656 78.145082 69.164611 6.283906 0.125000 35.404609 
74.315135 70.501148 72.162232 93.270350 8.661262 0.125000 29.943768 
19.471959 16.870686 19.331633 54.379514 2.635599 0.125000 63.309836 
117.132127 48.120408 116.947088 88.125333 2.592480 0.125000 23.716725 
85.656048 21.828090 75.598230 22.087647 2.724899 0.125000 6.985969 
20.403714 0.597070 20.588101 15.640773 3.933557 0.125000 18.201342 
93.988305 98.216925 92.502885 71.769528 6.099974 0.125000 34.946618 
87.572203 40.609464 87.291389 50.601573 1.495316 0.062500 0.966439 
72.112485 92.925865 73.121240 113.125188 7.802401 0.125000 45.658685 
90.639166 77.314463 75.621906 77.052006 1.490082 0.125000 0.164584 
139.444510 73.800398 130.522645 72.721115 2.031550 0.125000 0.164584 
112.427181 44.484507 109.626784 26.639329 5.254963 0.125000 10.373848 
104.500164 51.018165 115.515121 52.627197 2.112389 0.125000 2.873854 
99.010032 41.905527 99.442165 29.377317 2.584695 0.125000 0.426994 
108.044254 20.167488 96.862290 19.893257 5.121082 0.125000 8.739380 
0.966820 76.793706 2.651723 57.970744 4.515187 0.125000 18.200964 
16.914473 72.521757 35.656356 72.131723 5.232989 0.125000 30.776105 
76.827781 26.356594 84.457355 26.849027 2.494809 0.125000 1.067674 
152.388388 75.753319 154.593815 66.929692 4.547403 0.125000 5.172956 
13.871411 58.276788 10.892548 72.925211 7.557546 0.125000 21.844880 
72.472504 111.828815 72.818366 125.663914 7.622613 0.125000 5.543274 
35.695393 79.326947 18.179118 78.377051 5.534162 0.125000 21.765382 
108.298652 120.478285 111.712599 95.432478 4.954188 0.125000 21.657760 
12.683636 74.321841 13.267138 83.197830 2.822604 0.125000 6.486214 
75.677501 65.191474 82.135545 65.973561 6.204667 0.125000 0.923527 
68.121695 76.998202 45.637879 76.394975 1.383649 0.125000 4.680034 
87.833787 121.887905 86.944361 101.816535 8.962770 0.125000 9.010546 
106.511028 95.717077 104.942152 110.813841 3.342296 0.125000 7.782856 
116.507499 23.103868 117.016774 44.371605 1.309489 0.125000 2.576231 
118.718468 46.861858 119.193697 23.121371 1.574971 0.125000 8.567595 
13.367007 89.371844 13.660376 111.868018 2.613885 0.125000 17.321641 
3.604824 101.990572 1.320927 86.770570 3.214307 0.125000 1.349337 
0.782885 139.518553 11.473806 127.760226 1.597856 0.125000 0.820776 
144.375000 0.625000 144.375000 16.875000 1.250000 0.125000 1.067674 
140.934105 30.631743 140.661560 43.125798 1.358747 0.062500 1.669734 
51.875000 4.375000 51.875000 30.625000 1.250000 0.125000 8.292394 
