24.134961 40.744141 47.027072 44.757611 2.958093 0.125000 11.091767 
45.612685 80.213128 23.095441 80.886381 2.984532 0.125000 26.747503 
78.100629 78.818435 68.065136 79.257867 4.019822 0.125000 6.799042 
167.264494 29.446679 170.495914 68.239876 5.916618 0.125000 67.494656 
63.059480 49.728445 48.109774 46.957135 2.230283 0.125000 4.336995 
78.257509 51.870134 79.179466 76.973995 5.924656 0.125000 65.216606 
88.263701 42.653851 59.774767 34.267042 8.186443 0.125000 48.512302 
67.198152 78.112541 66.135750 50.557114 6.245360 0.125000 69.219341 
165.874055 0.328204 168.080444 20.764764 6.348064 0.125000 28.332488 
24.597351 76.865240 23.113882 43.070617 2.869305 0.125000 34.993339 
66.182008 46.659459 65.170480 38.179215 3.871655 0.125000 0.218275 
146.360079 46.816884 149.027343 80.553660 5.674078 0.125000 45.534643 
49.439790 45.233396 64.442734 47.715603 1.854362 0.125000 0.797908 
167.995087 55.237372 160.640534 55.820810 3.935960 0.125000 0.797908 
42.041037 47.134283 25.419915 44.348712 3.898183 0.125000 7.405795 
162.928472 47.138682 161.307144 30.558296 5.219569 0.125000 10.169903 
68.072201 40.669638 73.142497 46.666986 3.227773 0.125000 1.697763 
24.288783 36.882554 23.301044 25.609575 4.499437 0.125000 13.675756 
124.307210 93.127982 120.236315 0.587111 5.174678 0.125000 145.371155 
45.052034 46.777124 46.334619 72.029423 6.602650 0.125000 62.922945 
46.497508 43.211899 47.643796 31.702578 3.230421 0.125000 0.149785 
91.730096 103.129822 89.692790 41.906021 6.662267 0.125000 102.089557 
19.054804 40.589909 20.518695 79.379012 4.171602 0.125000 68.090346 
17.838747 25.491821 18.526630 36.926038 5.441362 0.125000 18.743487 
49.002354 32.029671 29.078148 26.743971 3.945146 0.125000 11.797682 
63.097914 83.552569 78.114182 83.795021 6.370264 0.125000 13.304138 
121.792666 14.868221 154.973144 40.227886 5.440841 0.125000 51.623107 
154.525151 85.577915 153.601408 58.108979 4.378062 0.125000 40.871437 
19.519412 81.723400 20.503405 90.774120 4.268447 0.125000 3.048414 
26.873128 78.043343 41.893887 77.699073 1.536092 0.125000 0.164584 
125.580090 42.546705 149.380698 40.698371 2.976408 0.125000 15.479921 
146.882526 81.322303 125.619447 81.032755 1.522207 0.125000 13.192832 
147.009843 -0.426298 156.083872 11.526649 3.263057 0.125000 12.058439 
158.944750 52.941618 161.401243 80.666975 5.642404 0.125000 33.920454 
164.151479 17.020819 152.983520 -0.098168 4.506715 0.125000 13.356699 
123.232006 96.562316 107.050200 98.409660 7.593381 0.125000 14.796742 
170.888392 70.578720 171.235604 81.932778 4.015701 0.125000 9.449320 
22.890658 86.887912 62.000118 83.202885 5.916031 0.125000 48.405804 
43.170935 17.165247 102.029341 7.850227 5.267062 0.125000 68.432402 
100.640473 11.979306 46.777734 19.969306 3.390030 0.125000 40.337847 
67.679425 101.897595 66.914302 86.809618 5.183505 0.125000 20.493157 
104.049246 13.095903 105.782754 68.159386 4.407529 0.125000 101.237897 
79.618298 85.608408 80.732921 101.952885 5.158508 0.125000 19.981934 
157.599260 31.869388 157.754297 51.877872 3.691775 0.125000 7.337580 
148.841812 83.010445 149.652635 96.931634 3.889019 0.125000 8.084162 
98.745878 80.615593 98.215708 45.623626 2.708018 0.125000 16.507842 
108.142564 95.818699 94.392274 97.065501 1.809294 0.125000 2.873854 
151.439909 31.141151 138.588504 20.308025 3.372670 0.125000 0.553250 
90.479605 25.047254 101.853628 25.907562 3.550762 0.125000 7.653196 
148.044784 89.092996 125.584293 95.481894 5.338171 0.125000 31.346245 
104.426979 68.117908 106.002526 79.664612 7.206596 0.125000 25.554150 
98.420080 36.774446 90.480629 38.812621 4.875484 0.125000 0.149785 
115.499054 0.629742 118.935084 91.891563 3.371109 0.125000 123.290263 
19.410271 100.435007 0.579716 99.973775 4.177388 0.125000 27.321409 
124.444050 29.887610 135.658935 28.376923 2.310750 0.125000 2.873854 
62.792843 26.555696 76.967914 31.614657 1.934384 0.125000 1.653093 
126.862247 83.968975 145.626851 84.252526 1.495382 0.125000 1.970764 
78.168983 27.383427 91.816846 26.202767 2.706165 0.125000 9.195484 
46.773831 88.130941 47.509668 100.661135 5.357801 0.125000 22.371880 
94.599188 45.620751 95.286810 81.905098 2.475867 0.125000 31.641506 
161.491447 88.107334 161.669772 96.853699 3.825662 0.125000 4.232717 
154.888482 98.183948 154.276120 90.532869 2.890936 0.125000 3.776944 
91.854242 32.756556 101.892803 32.190998 1.740203 0.125000 1.067674 
2.688380 44.334862 4.420438 79.434441 3.683834 0.125000 56.379718 
172.185068 88.060836 170.978591 105.734468 3.145368 0.125000 9.711716 
44.391994 102.114976 28.104542 101.840936 2.751989 0.125000 20.032564 
171.458211 108.051158 170.292662 134.360277 4.022942 0.125000 13.921461 
107.900677 102.063060 94.232480 104.950314 5.340014 0.125000 20.451191 
140.619247 110.752619 126.897136 110.133987 1.417621 0.062500 0.465614 
63.164595 102.455864 50.637595 103.309776 1.502136 0.125000 0.164584 
89.273597 0.129897 74.386067 3.179037 2.198351 0.125000 1.720471 
