78.066818 38.500102 99.196234 41.777507 3.342802 0.125000 14.649975 
131.875162 78.129781 120.595764 78.511808 2.794756 0.125000 5.219043 
96.876259 79.438146 75.634700 79.861599 2.599159 0.125000 16.751076 
76.977049 78.124764 76.890492 40.622079 2.502878 0.125000 18.311374 
45.372057 31.713942 56.872601 34.385327 3.739037 0.125000 6.009503 
120.204855 76.879166 119.907293 46.869722 5.123693 0.125000 66.986455 
121.742082 46.559091 133.117490 48.177774 2.814795 0.062500 1.005729 
78.651919 34.320042 77.219756 20.589041 3.264551 0.125000 14.614024 
44.347537 79.375168 44.064455 33.119251 2.775344 0.125000 69.702513 
44.768417 17.233601 43.422049 9.324434 3.696820 0.125000 0.050694 
100.819202 39.391165 101.861099 26.873843 3.944450 0.125000 1.783865 
118.265791 47.332384 100.655328 44.204260 2.680083 0.125000 6.126021 
59.398881 79.843034 45.557356 80.549295 3.999921 0.125000 10.529290 
133.620664 49.372934 133.735305 76.877666 3.859378 0.125000 48.788863 
43.838599 9.372505 43.879327 0.616880 3.767403 0.125000 1.855669 
121.907500 36.847293 127.623704 43.552365 3.524383 0.125000 0.050694 
103.020686 42.504339 118.224550 45.024403 2.057549 0.125000 1.720471 
144.415701 38.006033 127.218038 32.122324 7.936633 0.125000 20.081346 
43.779417 28.180326 44.636580 18.041437 3.017623 0.125000 6.985969 
99.389882 43.124906 99.548023 68.131811 3.892209 0.125000 37.299887 
73.929160 20.624754 73.920879 35.626129 3.749999 0.125000 14.486264 
147.794909 81.876672 147.585964 40.627730 2.696252 0.125000 48.931444 
74.294087 39.374538 73.937058 101.872498 3.942738 0.125000 86.613844 
93.082523 43.637877 78.081891 42.395510 4.562588 0.125000 4.503683 
55.956604 30.963731 45.218755 27.056307 5.768848 0.125000 4.191864 
148.439356 99.492153 147.426472 80.595441 4.323780 0.125000 19.023505 
126.949148 31.173819 111.722863 29.563677 6.346796 0.125000 11.522001 
24.369015 82.574910 0.610064 82.371750 2.542661 0.125000 22.741834 
100.512604 26.037606 80.626243 20.620436 3.505808 0.125000 10.526739 
39.596661 0.612602 40.302351 84.377718 2.731580 0.125000 111.244653 
85.218757 23.996105 81.487725 32.963875 7.210981 0.125000 0.577901 
99.372902 69.362100 99.411733 76.881266 6.269282 0.125000 11.074856 
75.624298 85.610164 135.608381 82.773568 6.791733 0.125000 80.128895 
120.606995 108.125480 120.039358 86.823987 4.931630 0.125000 26.964370 
174.381928 80.886934 158.110249 81.317327 2.796590 0.125000 10.529091 
163.649193 39.342585 164.582760 54.439451 2.958138 0.125000 11.086358 
53.320544 8.731955 46.555751 6.674850 2.755526 0.125000 0.164584 
133.552168 85.606547 134.580900 109.420105 5.049290 0.125000 29.897934 
156.629723 80.625965 156.472411 40.626583 2.514729 0.125000 37.910273 
0.588530 72.378258 25.650847 71.154237 2.862881 0.125000 13.304151 
43.020125 86.650725 56.023220 87.980223 8.223961 0.125000 26.316196 
57.869874 29.402036 58.278118 14.379161 1.250000 0.125000 0.164584 
27.198734 73.119263 27.239780 84.378227 3.138646 0.125000 0.883796 
1.618605 13.315770 4.155456 0.102853 8.023432 0.125000 16.733064 
156.872628 84.557683 174.385906 84.785081 1.444643 0.125000 1.067674 
44.628554 99.357425 43.932736 89.319011 2.839764 0.125000 3.370729 
153.719795 40.623072 153.853542 81.876691 1.383728 0.125000 37.298484 
162.999485 0.051098 103.129363 13.144949 4.619266 0.125000 71.570681 
98.146212 9.468391 141.639818 -0.410437 4.821939 0.125000 50.617169 
57.725126 36.865832 58.170223 78.137993 2.877288 0.125000 60.835613 
154.364421 17.843090 165.645443 17.419749 2.732619 0.125000 4.336995 
55.304304 11.521543 52.325740 24.757721 5.975725 0.125000 15.291999 
99.422973 86.874198 99.715839 104.390201 5.041095 0.125000 17.301091 
174.405756 101.749788 151.861121 101.245593 2.695014 0.125000 22.741834 
120.502683 20.971214 135.801232 26.376183 2.357211 0.125000 2.847294 
136.916407 21.013086 154.351300 19.152872 2.883738 0.125000 7.917544 
72.168658 103.934962 46.797508 101.400827 6.341829 0.125000 35.467522 
136.883240 68.124982 136.821117 39.375116 1.266203 0.125000 7.870688 
9.836048 0.624867 9.825340 64.375076 1.260498 0.125000 35.385094 
149.419649 27.212999 174.477752 23.902842 2.992514 0.125000 15.101392 
164.454214 16.496428 174.484956 15.584620 2.716055 0.125000 4.680034 
45.077299 115.647033 44.671636 105.562783 2.497980 0.125000 4.680034 
39.460395 100.710005 0.493915 99.332144 6.246096 0.125000 46.731030 
160.618197 98.949224 174.384655 98.729256 1.429576 0.125000 3.776944 
128.234627 20.343536 110.926054 13.602052 1.875876 0.125000 3.403198 
65.551365 45.625512 65.855455 89.373398 2.491251 0.125000 14.787699 
174.383801 20.685173 149.370423 24.343709 1.960457 0.125000 5.468486 
96.865936 108.182657 79.212692 105.407447 3.774591 0.125000 20.504031 
136.784458 129.204916 121.985672 137.082898 1.317497 0.125000 2.873854 
159.375000 78.125000 174.375000 78.125000 1.250000 0.125000 0.164584 
166.838579 113.941738 154.426289 114.985139 3.946236 0.125000 1.486207 
6.875000 30.625000 6.875000 14.375000 1.250000 0.125000 1.067674 
