131.884750 34.536298 174.455882 31.963120 4.195674 0.125000 66.341446 
55.608948 119.505219 174.402909 134.148586 2.853996 0.125000 131.543895 
174.433908 35.373678 131.934314 37.880566 3.894152 0.125000 32.906240 
174.411426 42.609864 130.583231 44.782326 3.559751 0.125000 73.657943 
0.539042 115.660118 54.465824 119.267142 3.491371 0.125000 55.205298 
0.613583 44.105628 123.105457 38.913904 2.507675 0.125000 97.027060 
104.421831 129.030986 174.317704 138.545891 1.919379 0.125000 40.916794 
129.382940 42.413874 127.977675 37.457900 4.971747 0.125000 1.697763 
133.138736 0.531835 132.055918 29.428619 5.964774 0.125000 77.214537 
170.594864 135.895374 154.406654 134.091009 1.250000 0.062500 0.616176 
122.696699 34.510442 124.925710 0.415839 6.399781 0.125000 95.354699 
