90.969464 24.262233 89.398419 36.877916 2.944250 0.125000 1.454630 
71.276777 33.903318 58.668814 16.481449 2.931348 0.125000 13.717433 
71.893430 0.604230 72.201048 19.390130 5.163057 0.125000 12.146369 
86.415890 45.612997 86.939278 25.594000 2.695163 0.125000 16.275264 
72.316861 20.612764 72.664666 33.172363 2.533644 0.125000 6.102063 
72.405737 40.603183 74.000158 79.390409 4.311578 0.125000 34.005656 
131.159397 37.979680 129.548145 45.914003 3.426225 0.125000 0.050694 
84.147227 24.397702 84.011482 0.612807 11.321156 0.125000 63.164670 
130.332256 45.618176 130.238215 66.878818 2.582911 0.125000 20.935654 
127.210778 63.225928 124.984247 43.057740 4.679533 0.125000 12.701479 
56.647053 60.613048 56.837221 76.875442 2.660607 0.125000 14.614024 
88.901880 39.331512 90.723293 71.869498 3.464686 0.125000 26.093022 
116.000179 44.429113 114.835269 25.596530 5.993706 0.125000 29.414821 
64.306117 28.164450 67.927705 34.487994 2.944603 0.031250 0.060979 
61.816403 80.625970 61.485122 60.610764 2.747896 0.125000 10.390293 
110.640661 76.192835 100.544914 76.471281 3.748575 0.125000 0.149785 
174.636925 38.809649 167.933411 41.374204 2.507406 0.125000 0.164584 
134.485505 9.390965 135.774940 0.466068 2.818943 0.125000 2.576231 
6.122399 86.872430 5.915691 46.873498 3.795168 0.125000 66.101436 
167.007559 41.897401 167.676401 0.617731 3.891263 0.125000 31.463447 
101.632071 26.872801 101.670295 44.375447 2.535482 0.125000 11.184171 
137.739204 74.407263 137.095966 16.872530 8.973039 0.125000 90.455968 
126.558432 74.361709 126.979739 64.326917 2.602669 0.125000 3.456020 
98.706585 68.193920 96.881696 50.495422 6.601661 0.125000 17.914970 
150.622373 49.344967 164.376473 48.141840 1.865490 0.125000 0.797908 
89.878620 0.563492 91.720409 15.643880 3.419265 0.125000 7.917544 
68.638356 51.954964 67.536361 41.803208 3.024990 0.125000 4.232717 
129.665462 68.085173 129.300759 76.871919 2.705201 0.125000 1.653093 
163.807448 49.485978 165.736855 59.353128 2.910062 0.125000 0.883796 
164.727762 61.515731 154.012331 50.994358 4.395004 0.125000 4.191864 
33.104788 3.417744 54.425759 4.889834 2.494062 0.125000 5.882676 
45.982701 34.313639 63.776983 47.671624 4.004192 0.125000 20.136217 
66.663562 59.380668 66.554408 79.380073 3.824988 0.125000 20.451231 
95.909803 50.784367 97.490721 35.559139 5.747863 0.125000 17.893882 
0.619102 7.323135 31.876605 7.093226 1.461426 0.125000 11.904754 
45.226352 83.128011 44.829766 30.621565 2.745397 0.125000 56.379718 
108.309455 48.124752 108.344723 74.374705 1.280228 0.125000 6.102063 
100.620099 18.888771 119.380792 18.699682 1.426310 0.125000 10.529091 
120.634992 20.619576 120.877133 76.873915 3.932900 0.125000 32.346166 
62.660471 47.412090 64.892877 59.734105 6.479771 0.125000 6.512397 
141.738830 38.150945 165.610576 35.495340 3.310906 0.125000 11.284283 
34.256327 20.625928 34.735493 81.872180 2.763962 0.125000 54.695566 
150.937265 38.126708 150.889362 46.883284 2.534153 0.062500 0.293299 
105.650857 74.375472 106.129719 48.134210 3.749376 0.125000 4.466106 
28.135347 4.929005 0.604266 4.519719 4.009718 0.125000 24.089710 
115.839948 116.876703 115.958860 101.867742 11.200131 0.125000 25.924035 
118.675971 143.300120 111.676820 115.361499 3.037616 0.125000 8.604442 
154.706370 75.676632 154.198605 54.349439 3.719186 0.125000 32.343103 
50.905015 11.363796 63.470743 27.861662 2.555575 0.125000 11.948253 
170.857838 79.354071 169.956147 69.322762 3.958758 0.125000 3.662037 
43.164310 86.350239 9.310510 88.185193 3.240525 0.125000 28.748723 
88.479190 83.084793 86.962390 116.878922 6.707785 0.125000 74.998962 
150.326627 53.091632 151.159915 76.856244 2.892695 0.125000 24.995467 
27.427624 60.508582 24.906222 48.539751 6.438659 0.125000 6.512397 
114.567331 102.003208 115.531708 81.751509 6.956410 0.125000 25.647125 
138.110930 1.595470 155.629463 0.713670 2.748197 0.125000 1.702576 
42.318120 24.373382 42.528122 81.877180 1.446283 0.125000 56.156164 
95.208160 111.863865 96.041467 80.669517 6.314531 0.125000 39.859721 
139.769472 15.751545 138.630337 8.050253 4.075445 0.125000 1.720471 
166.960826 79.300053 140.578613 77.591101 3.858322 0.125000 24.526396 
78.565431 29.369812 78.742099 44.367731 1.411870 0.125000 2.873854 
57.054008 85.557867 56.190595 99.332099 2.886106 0.125000 6.009503 
81.417452 67.043918 80.404944 49.316175 5.348248 0.125000 17.991916 
100.625000 56.875000 100.625000 71.875000 1.250000 0.125000 0.164584 
125.032282 108.167425 126.890656 79.376011 3.420152 0.125000 17.466236 
54.454638 83.612229 44.316854 85.269257 3.475447 0.125000 1.034919 
6.347515 108.126369 6.302104 90.623243 2.542151 0.125000 15.517114 
81.482278 79.383444 81.580888 69.372103 3.799064 0.125000 1.454630 
102.101721 86.808532 100.307184 114.435551 3.580066 0.125000 15.241215 
33.137108 78.772350 18.118982 79.053249 1.506917 0.125000 2.873854 
108.125000 29.375000 108.125000 43.125000 1.250000 0.062500 2.873854 
66.855995 85.571309 66.378626 96.853999 2.761965 0.125000 6.102063 
14.421949 48.125269 14.243191 79.374246 1.278581 0.125000 9.642303 
87.866554 125.046984 91.019783 144.094314 11.115509 0.125000 34.880453 
129.951774 83.127744 129.838770 106.877207 1.345148 0.125000 6.486214 
72.484334 94.331635 72.138494 109.409714 3.949656 0.125000 8.717065 
16.875000 78.125000 16.875000 50.625000 1.250000 0.125000 9.195484 
118.125000 66.875000 118.125000 51.875000 1.250000 0.125000 0.164584 
6.852392 28.559771 31.867819 27.866049 2.325782 0.125000 2.835356 
44.955531 103.131923 45.104750 90.618796 1.398963 0.125000 3.456020 
105.625000 43.125000 105.625000 29.375000 1.250000 0.062500 2.873854 
135.267297 111.859546 136.563337 81.861535 4.609784 0.125000 25.242931 
114.381831 10.325024 94.363747 9.869169 1.591169 0.125000 6.799042 
15.618089 33.669894 31.881327 33.876154 1.440123 0.125000 8.756152 
117.440485 1.278185 128.449556 12.815299 4.604464 0.125000 8.712693 
31.886488 22.512078 13.119652 22.160327 1.577729 0.125000 9.195484 
