126.740692 55.609122 128.541273 40.378657 5.619752 0.125000 12.116880 
129.369494 31.142833 174.384630 31.283033 5.116770 0.125000 73.524240 
166.874559 89.340105 129.364748 89.814605 1.502880 0.125000 16.420204 
124.114494 0.590069 122.696798 61.894005 3.460004 0.125000 84.205299 
140.651184 68.862115 121.886277 67.904114 6.369337 0.125000 12.999652 
116.877741 87.313111 160.626029 87.039421 2.679808 0.125000 31.581213 
122.548735 69.370101 122.657871 84.378397 2.572649 0.125000 1.454630 
136.204189 43.470435 129.943132 53.968327 3.446959 0.125000 4.480242 
145.561998 40.438697 136.571947 43.478836 3.169116 0.125000 3.370729 
132.074860 62.815341 134.887707 53.276184 4.473348 0.125000 0.731012 
153.044683 28.150684 153.484836 8.105454 2.911010 0.125000 28.160374 
151.877653 6.679279 131.864386 6.407976 2.770868 0.125000 18.226384 
0.190095 96.893539 22.223617 89.112131 3.676197 0.125000 29.176401 
153.337246 59.370334 153.089445 48.098302 3.776567 0.125000 1.702576 
133.114926 2.324524 150.662140 2.717780 3.749059 0.125000 7.405795 
129.131221 4.391135 128.750473 28.135030 2.639972 0.125000 16.275264 
122.593050 91.733198 126.318300 143.435307 13.826050 0.125000 198.549496 
174.425360 37.604016 164.278512 36.623192 3.852870 0.125000 2.036308 
174.383051 70.482484 153.119308 70.359544 2.615590 0.125000 17.641629 
151.316433 51.478524 140.244240 60.448014 5.089896 0.125000 6.729638 
127.681586 85.728680 126.828877 71.801292 4.201323 0.125000 12.995593 
36.894340 94.915188 19.282656 95.545729 3.792323 0.125000 11.091767 
157.323444 28.130243 157.644926 0.634002 1.571418 0.125000 27.257284 
39.374948 90.211578 114.375025 90.216238 2.504194 0.125000 74.273966 
153.192174 143.267670 155.118960 91.715927 12.444591 0.125000 237.729734 
25.041929 0.624465 24.960479 89.375537 1.331448 0.125000 116.663193 
18.817667 95.936720 -0.901705 104.682816 8.385735 0.125000 40.698275 
174.440657 89.171587 164.287992 85.894561 4.336630 0.125000 4.067599 
140.632940 77.307735 131.883766 77.222733 2.536313 0.125000 1.067674 
36.875000 0.625000 36.875000 30.625000 1.250000 0.125000 10.098574 
88.125000 29.375000 88.125000 45.625000 1.250000 0.125000 1.067674 
29.375000 25.625000 29.375000 0.625000 1.250000 0.125000 6.486214 
21.875000 38.125000 21.875000 8.125000 1.250000 0.125000 11.001664 
