63.149233 49.874157 51.925687 50.419046 3.927432 0.125000 7.689797 
134.727093 75.534642 132.118927 29.290742 5.465810 0.125000 61.398419 
87.833014 25.626456 87.708323 0.614614 5.068485 0.125000 35.291851 
142.069165 26.826701 140.689258 56.992300 5.051898 0.125000 44.021762 
115.654029 17.169190 95.590624 17.546355 3.984279 0.125000 10.912266 
93.113650 0.354054 91.204178 18.052626 4.300740 0.125000 16.561053 
114.232545 38.156137 113.812230 19.359633 4.140288 0.125000 31.928121 
51.543937 55.646524 50.988634 79.354239 5.291335 0.125000 45.562895 
61.811624 78.118573 64.484824 51.759370 5.731210 0.125000 41.728965 
96.875195 9.128991 118.125182 9.145842 2.500990 0.125000 19.129474 
43.330819 78.163144 45.363413 0.585395 5.227462 0.125000 181.961567 
101.734727 40.144633 111.305909 41.889076 4.096974 0.062500 1.617266 
133.734483 7.018333 130.817891 19.420362 5.725690 0.125000 6.289854 
168.269941 4.118855 174.746781 3.174290 4.142274 0.125000 0.050694 
174.407693 19.954161 164.298783 20.524798 2.425577 0.125000 2.576231 
74.555142 20.585157 73.459105 84.402206 8.276476 0.125000 170.403140 
97.532363 20.606278 97.354319 38.129870 2.499871 0.125000 15.517114 
140.411779 57.725330 137.782505 75.574549 5.636780 0.125000 22.908630 
162.152057 9.726094 168.597558 4.639802 4.906354 0.125000 1.702576 
115.567975 73.732450 95.394063 75.522855 5.753934 0.125000 23.160805 
153.091998 82.075004 147.024360 76.706199 3.526247 0.125000 2.510782 
57.589229 10.230272 67.630144 28.398489 5.441712 0.125000 25.887238 
162.470585 19.665054 164.094702 9.330948 4.745303 0.125000 12.811411 
69.724153 20.471586 62.065485 3.041303 2.930368 0.125000 2.089640 
81.703903 0.406236 83.249788 16.863278 4.393568 0.125000 15.599063 
86.264826 39.420980 87.395846 54.429946 3.056506 0.125000 2.742210 
93.512067 71.882463 93.068848 20.636297 5.280889 0.125000 59.790481 
74.202522 12.990711 73.127762 24.375261 4.085852 0.125000 9.378608 
174.375056 75.621468 156.879519 75.342041 1.489380 0.125000 0.164584 
36.874632 113.120509 0.561384 116.099546 6.107494 0.125000 35.458545 
155.704650 60.855179 152.563127 27.821804 12.382897 0.125000 70.731797 
50.792589 85.557991 50.215383 105.649144 5.428701 0.125000 39.990706 
39.459058 0.593903 36.622822 106.934952 4.414790 0.125000 210.939203 
119.610411 11.862451 119.832240 38.121137 5.115975 0.125000 29.119350 
48.576871 103.637507 35.343231 115.305420 3.800579 0.125000 9.505731 
74.351972 84.560595 70.085121 94.674583 9.825489 0.125000 31.581213 
119.071877 38.105323 118.643757 71.897409 5.363810 0.125000 28.510555 
131.884154 77.286689 114.392802 77.675620 2.721683 0.125000 9.438675 
61.998427 98.130750 62.643001 84.294314 3.862275 0.125000 4.824161 
131.384019 104.327029 134.564861 71.771419 3.703675 0.125000 17.784893 
48.117403 29.902414 61.879024 29.757727 1.368205 0.062500 1.669734 
14.448863 0.598503 12.703104 78.087334 4.520108 0.125000 166.263155 
51.861170 0.635489 58.667518 9.609632 5.494541 0.125000 5.101639 
84.447235 65.666930 83.777386 46.851774 2.720786 0.125000 11.124244 
42.599839 105.675921 43.244863 80.660322 3.748754 0.125000 28.949636 
105.273346 45.615101 104.533025 71.914635 2.428664 0.125000 17.891364 
158.861937 26.890999 167.472103 23.311131 7.016296 0.125000 3.770729 
11.896516 79.566995 0.600346 79.337266 2.677394 0.125000 7.870688 
72.107706 3.102483 73.209372 14.487789 2.969939 0.125000 3.403198 
86.536989 79.058782 82.850382 97.572494 6.129654 0.125000 34.159672 
7.862078 51.901626 5.693902 30.491437 7.981376 0.125000 39.359338 
0.624501 109.819932 33.125862 109.856395 2.526643 0.125000 34.612635 
152.976332 71.871653 153.201967 61.848593 2.696293 0.125000 7.870688 
83.781104 20.622009 83.860894 38.127343 2.505671 0.125000 15.517114 
153.622609 26.116071 157.839785 0.373499 7.805507 0.125000 43.939680 
81.223237 96.328833 84.103208 106.074700 7.056497 0.125000 17.144900 
101.256200 69.411244 102.695224 44.350322 2.495889 0.125000 21.725979 
111.922449 130.605256 112.274640 86.858091 8.669213 0.125000 95.180249 
174.378860 79.236546 159.355688 78.817706 2.812553 0.125000 2.680153 
81.560576 105.387601 82.543653 114.438146 7.591125 0.125000 21.367748 
89.286968 104.363918 91.998230 82.825807 4.492487 0.125000 8.168637 
125.220478 9.915205 113.013333 0.774122 2.252433 0.125000 6.102063 
157.494111 71.887922 157.703290 61.866198 1.458408 0.125000 1.067674 
107.053457 84.901736 99.111682 82.942192 4.239697 0.125000 2.560371 
82.416400 116.734527 83.121258 125.723313 4.129400 0.125000 6.799042 
93.588297 104.405373 94.650288 131.912631 3.698985 0.125000 11.017588 
11.879107 7.466221 0.620967 7.544422 1.328112 0.125000 1.653093 
72.770451 94.387073 73.113466 104.460521 7.708354 0.125000 23.848985 
0.660955 11.170337 10.698603 11.682502 2.433054 0.125000 1.697763 
