97.030799 18.118366 96.598765 89.380904 5.166626 0.125000 97.743832 
122.578983 89.359082 124.619067 19.382115 4.076247 0.125000 57.549434 
153.105730 17.617886 126.840978 16.936601 4.739015 0.125000 16.232776 
123.128090 16.496938 96.859413 16.282254 3.943968 0.125000 37.497671 
154.264758 75.624780 154.379360 18.122517 3.857116 0.125000 102.009147 
159.506133 0.621117 162.246189 93.151024 7.607713 0.125000 157.441816 
160.681893 92.771194 128.134166 91.616602 3.924900 0.125000 19.998635 
98.123184 88.926403 120.622815 88.835319 2.505040 0.125000 18.532534 
127.670930 19.365723 126.546713 74.393830 4.157730 0.125000 88.368116 
129.372192 76.624966 144.384336 76.456392 2.598091 0.125000 10.098574 
124.397771 91.514997 95.624427 91.821167 4.946516 0.125000 22.995638 
149.378102 30.358753 133.115747 30.169299 2.601759 0.125000 2.249350 
102.415733 0.588877 102.091777 6.949703 3.935886 0.031250 6.062226 
126.936443 78.107049 126.766283 89.373358 2.669609 0.125000 8.567595 
94.663289 90.086946 79.454043 87.634754 6.966189 0.125000 30.744904 
116.550488 9.783022 123.919407 6.942920 3.948644 0.125000 0.218275 
76.874143 92.005210 0.619220 91.503472 2.952294 0.125000 56.798560 
154.418896 90.625395 154.553912 75.615366 3.839795 0.125000 3.141359 
165.601842 92.508355 174.385803 92.829537 1.568891 0.062500 1.669734 
0.621229 80.276235 83.130245 80.621443 2.703941 0.125000 101.025725 
80.621017 84.557835 0.621635 84.335429 5.038207 0.125000 141.539837 
79.384385 29.338449 67.055272 26.172884 3.043181 0.125000 3.508045 
83.075336 6.987629 81.204173 26.929345 4.043921 0.125000 7.236105 
85.626570 81.682961 93.136290 81.744370 3.760096 0.125000 4.680034 
89.233369 71.607691 92.564169 54.267274 4.154264 0.125000 9.479218 
66.396077 24.385481 66.149399 13.113524 1.495840 0.125000 4.680034 
134.468032 87.984857 146.912299 88.817661 3.908564 0.125000 1.486207 
162.630493 95.489760 163.816576 113.078364 3.993810 0.125000 4.417799 
174.400737 95.218979 165.606836 94.661556 1.721950 0.125000 1.067674 
53.126222 36.691852 39.368495 36.600070 2.583334 0.125000 6.102063 
16.752182 34.320414 6.840033 35.253575 2.957638 0.125000 4.680034 
96.900284 6.090899 83.190661 6.834913 2.835012 0.125000 6.102063 
97.331573 93.106857 97.531173 111.881313 3.922539 0.125000 32.015933 
122.953762 107.005102 121.695139 93.255892 3.278584 0.125000 13.192832 
36.425051 25.742864 21.776535 20.924338 3.140358 0.125000 5.468486 
53.971585 15.626621 54.046935 34.376318 2.515050 0.125000 7.689797 
42.181232 142.142376 53.240531 129.475872 1.644249 0.125000 5.583124 
47.094021 122.193990 24.220114 137.899418 1.861319 0.125000 3.782874 
145.470696 0.196896 144.362513 13.539251 12.246052 0.125000 85.958133 
76.252648 142.327874 85.607701 129.362518 2.194230 0.125000 2.560371 
59.354356 96.845833 43.222918 108.263345 1.490755 0.125000 4.336995 
129.358466 3.123911 128.615047 14.407287 1.658194 0.062500 0.966439 
133.060757 13.118000 134.286806 1.865391 1.784225 0.125000 0.164584 
