9.157379 106.811935 24.562894 104.258703 5.552749 0.125000 1.793200 
174.392021 135.565827 0.616453 134.410027 5.892373 0.125000 356.551363 
145.807200 0.596922 145.312778 19.399659 2.959144 0.125000 28.160374 
149.262716 23.077924 147.963904 60.662629 3.531911 0.125000 56.074149 
102.675880 110.993229 98.226019 120.671447 6.814245 0.125000 0.632889 
99.365968 131.033761 174.384580 132.691445 3.493511 0.125000 103.146056 
99.587296 121.382681 96.257702 133.301745 5.293284 0.125000 11.507462 
0.512646 107.815640 8.742969 104.826547 7.902894 0.125000 1.579054 
131.854990 20.949264 141.885146 21.076756 3.813146 0.125000 2.847294 
30.625444 98.282400 29.636889 90.434555 4.345486 0.125000 2.680153 
147.998945 63.171332 146.867243 90.624680 4.429426 0.125000 26.308242 
149.376923 61.319374 174.376623 61.405881 1.336500 0.125000 7.389304 
140.899992 19.379200 141.186881 0.595399 4.035902 0.125000 34.482004 
147.237100 91.093632 159.568105 93.291686 6.019208 0.125000 2.615980 
96.662422 22.525408 131.583894 20.130399 7.176155 0.125000 44.002437 
116.961677 98.190650 110.927569 106.157405 7.004648 0.125000 0.577901 
38.369450 91.663842 49.360580 90.489982 6.745641 0.125000 6.289854 
116.862196 117.315167 171.924688 118.916893 4.961540 0.125000 84.507787 
174.405443 64.473911 149.356845 63.811441 3.127032 0.125000 37.191274 
55.300489 0.585286 54.574203 29.380024 4.127031 0.125000 41.688129 
113.036543 65.429465 111.196339 78.025855 2.654436 0.125000 4.232717 
79.359719 86.087929 134.371149 86.371636 6.249917 0.125000 95.608520 
75.381077 23.468360 84.167679 21.104406 3.535386 0.125000 2.560371 
109.159466 116.602292 117.100268 118.353573 4.613458 0.125000 1.855669 
28.125000 70.625000 11.875000 70.625000 1.250000 0.125000 1.067674 
87.622278 60.808173 91.278375 70.842388 2.030333 0.125000 0.164584 
168.192740 98.477171 137.987440 96.198226 5.173916 0.125000 43.512663 
86.913472 100.263153 108.057357 102.511209 3.146775 0.125000 2.986018 
115.710248 95.158692 100.631947 95.790741 3.642007 0.125000 1.269599 
54.295878 84.329745 79.433735 85.980680 6.400400 0.125000 42.253640 
31.214314 63.126423 31.283746 34.370554 3.762062 0.125000 16.434819 
149.375431 84.356760 174.391000 84.947799 3.867055 0.125000 19.693158 
30.984598 20.626255 31.023861 9.372031 2.539232 0.125000 4.336995 
30.337185 80.621489 30.489831 68.108103 3.810709 0.125000 1.036501 
159.136437 92.157961 174.526236 93.068320 7.265475 0.125000 35.831311 
83.476285 58.176005 85.483131 44.354401 1.583281 0.125000 0.820776 
174.547726 99.221863 169.319207 98.578234 2.786715 0.031250 3.475914 
10.650679 68.812754 26.878057 68.206872 1.668879 0.125000 0.050694 
85.678045 95.107175 68.233060 93.320128 2.614367 0.125000 1.967896 
30.818776 31.890290 31.610703 21.854145 2.787239 0.125000 0.797908 
114.380153 91.089275 83.134003 91.436087 2.624706 0.125000 23.020650 
56.835541 22.713942 75.720143 23.602176 4.509330 0.125000 2.990204 
123.019349 76.794311 130.003107 67.650041 2.510817 0.125000 0.050694 
24.373063 62.864029 6.874027 62.993927 1.361309 0.125000 0.164584 
69.371309 110.417093 95.635223 109.950801 2.499606 0.125000 19.641228 
118.118134 140.983017 71.861174 140.095949 1.972271 0.125000 21.333662 
70.628712 140.076620 46.871339 139.915810 1.402267 0.125000 21.838744 
15.625000 139.375000 0.625000 139.375000 1.250000 0.125000 0.164584 
145.625000 65.625000 145.625000 44.375000 1.250000 0.125000 4.680034 
143.125000 141.875000 120.625000 141.875000 1.250000 0.125000 5.583124 
