86.558690 73.215632 82.964298 60.671046 3.942389 0.125000 0.218016 
88.253180 54.418874 87.665523 39.392970 2.693489 0.125000 3.851484 
40.609710 43.125290 40.325361 28.130682 1.391975 0.125000 0.164584 
92.096100 45.627956 92.497133 15.633318 1.650957 0.125000 9.563678 
56.118658 23.108536 55.736715 40.654642 2.499408 0.125000 14.614024 
138.159942 64.423651 158.145473 63.885914 2.768061 0.125000 10.390293 
80.635384 18.807090 66.879063 18.881020 3.790252 0.125000 18.226384 
31.333215 14.355574 32.189725 45.582081 4.194143 0.125000 25.746386 
68.098104 23.908442 80.669114 24.340012 2.541416 0.125000 6.102063 
90.983153 54.372642 90.923656 76.875790 2.542955 0.125000 22.741834 
45.615687 20.759818 54.410070 21.367319 2.924769 0.062500 4.132106 
148.392510 70.350169 144.877513 82.915906 2.119314 0.125000 0.050694 
53.168377 38.126887 53.713632 25.596221 1.683544 0.125000 1.970764 
65.040965 20.439923 61.856233 51.999247 7.838612 0.125000 68.735798 
81.875308 27.290004 66.874388 27.301148 1.260214 0.125000 0.164584 
43.057712 78.624046 26.826029 80.078467 2.936255 0.125000 5.301648 
51.655576 60.663843 51.886711 69.407733 5.031285 0.125000 7.653196 
81.875594 79.751053 66.875631 79.774734 1.271706 0.125000 0.164584 
41.872189 83.659147 79.376519 83.511854 2.544163 0.125000 17.521146 
108.104092 0.582540 105.638719 74.375458 3.080095 0.125000 40.680002 
29.270794 47.008796 30.995171 64.461927 3.608928 0.125000 7.405795 
83.503352 43.127151 83.463248 26.877250 2.524668 0.125000 0.149785 
81.865939 86.121680 45.627999 85.460605 1.500587 0.125000 6.848509 
75.632375 73.787763 56.869636 73.552123 1.453968 0.125000 8.756152 
134.918010 78.433345 139.894287 69.669874 3.408424 0.125000 0.426994 
28.031551 77.583687 42.012267 75.170132 2.295018 0.125000 0.883796 
143.243288 80.696409 130.555433 80.288421 6.246771 0.125000 15.497817 
87.375839 118.154671 86.082861 85.507854 14.394639 0.125000 89.299132 
42.193728 33.134163 41.403806 60.611454 2.427127 0.125000 10.082962 
154.370585 85.545786 174.375014 85.621218 2.565970 0.015625 6.679299 
63.226338 99.327871 63.929076 119.477741 12.579541 0.125000 54.803405 
25.611504 76.875117 25.295974 40.616985 2.717456 0.125000 17.229454 
134.359274 87.483469 149.381546 87.871717 1.572535 0.125000 1.697763 
109.171590 54.371413 109.788978 19.360258 1.404079 0.125000 12.304394 
168.620845 59.381918 169.441062 0.591043 5.679580 0.125000 153.586166 
136.885794 58.401652 155.655991 57.669291 2.936710 0.125000 13.650421 
150.631200 68.801146 174.378428 69.057734 2.594392 0.125000 18.201342 
174.437505 75.456078 161.835090 76.184713 3.888050 0.125000 9.378608 
160.619723 81.664118 174.392379 81.319459 1.531051 0.125000 1.970764 
121.835655 83.115010 125.266963 69.601484 4.249927 0.125000 6.370457 
174.498481 60.818683 156.913299 62.322777 2.185483 0.062500 0.234390 
43.199286 8.037991 42.265642 20.653910 2.677691 0.125000 1.855669 
158.115207 59.924709 166.884692 60.080931 1.383388 0.125000 1.067674 
26.875000 0.625000 26.875000 46.875000 1.250000 0.125000 21.838744 
98.871838 51.982078 100.126274 43.232714 2.829502 0.125000 1.697763 
164.749003 91.929176 155.354190 88.990877 5.444656 0.125000 6.467797 
29.999033 86.713104 33.242403 124.256871 6.595230 0.125000 54.736471 
91.323359 128.174718 92.038002 118.136605 1.424377 0.062500 0.465614 
0.628371 83.012866 23.145599 83.689751 1.549908 0.125000 7.389304 
41.239531 110.634154 41.095256 100.618226 1.393901 0.125000 0.164584 
25.624431 85.725917 0.625226 85.584899 1.264082 0.125000 6.486214 
24.375000 31.875000 24.375000 0.625000 1.250000 0.125000 11.001664 
