88.751753 55.692565 87.919098 48.011811 3.024320 0.125000 0.797908 
46.217982 40.580141 46.570636 25.588436 3.807755 0.125000 9.711716 
92.247738 48.114611 92.602779 18.133619 1.605153 0.125000 12.995593 
42.820859 19.413272 41.354447 55.654515 2.851714 0.125000 22.908630 
85.641387 21.256281 69.369903 21.678649 3.748737 0.125000 9.886491 
46.262273 41.871831 46.158845 61.871296 1.346948 0.125000 5.946800 
48.507282 55.647152 48.155668 41.874217 1.472902 0.062500 0.616176 
58.721717 25.618375 58.620194 35.630022 2.537897 0.125000 4.680034 
55.627727 60.623092 55.616253 68.124987 2.509556 0.125000 1.697763 
165.631112 0.597148 163.895405 78.114261 3.338836 0.125000 104.568942 
91.443097 49.368699 91.078174 74.381612 2.645613 0.125000 17.918538 
66.685825 24.473352 64.126002 52.083696 8.044951 0.125000 63.614652 
56.198391 39.387536 56.444826 28.115595 1.495598 0.125000 3.776944 
81.869346 29.512491 66.843352 28.894558 2.960146 0.125000 7.782856 
87.448525 44.820627 83.499608 27.749200 7.688451 0.125000 4.026899 
50.540512 75.993162 40.631470 76.942533 1.840376 0.125000 0.164584 
147.141534 61.874987 147.138432 0.624923 7.500253 0.125000 109.336559 
88.517664 118.049050 86.716508 79.093353 15.157192 0.125000 92.060941 
103.427125 24.388340 102.155338 53.192569 2.552704 0.125000 14.115291 
159.471385 70.419776 138.057680 72.395275 3.734143 0.125000 23.848985 
161.880998 62.231922 149.373167 62.147917 2.583894 0.125000 8.292394 
38.048269 68.137643 38.263907 48.126497 2.674953 0.125000 17.915388 
136.885418 67.505388 159.379059 67.883606 1.544034 0.125000 9.195484 
102.897125 51.863981 103.193847 79.387734 2.553754 0.125000 3.307159 
64.762262 88.083210 65.530740 118.191216 12.495930 0.125000 88.578990 
0.591964 76.563532 11.847916 75.369653 2.486055 0.125000 2.576231 
168.196437 91.877003 170.756374 0.593629 3.783567 0.125000 123.213629 
125.614385 60.191896 135.638999 59.946207 1.494637 0.125000 1.067674 
134.376115 78.134944 154.266073 75.903906 4.156470 0.125000 23.018413 
153.248423 29.374863 153.269249 48.126228 2.511105 0.125000 3.521151 
104.389107 0.625661 103.334902 23.134831 1.891900 0.125000 5.301648 
160.611177 82.068495 134.365670 82.411882 4.011330 0.125000 16.958752 
11.902863 78.837542 0.572429 79.280607 2.937674 0.125000 8.292394 
113.389187 79.423610 115.473259 68.097080 3.461887 0.125000 2.847294 
50.169527 16.797052 49.081095 40.611567 2.497393 0.125000 2.720074 
50.727053 0.549201 51.223894 9.411503 2.636017 0.125000 2.873854 
172.682444 100.082482 165.605762 95.655755 5.564784 0.125000 4.658263 
105.143139 50.619830 105.451590 21.873139 1.451103 0.125000 10.098574 
66.592847 116.750743 66.164779 130.641634 5.620848 0.125000 2.962376 
83.622411 125.760953 85.529825 118.782289 6.687990 0.125000 0.294986 
41.466527 78.094306 42.652016 110.596659 3.884194 0.125000 22.894876 
13.125000 8.125000 13.125000 74.375000 1.250000 0.125000 34.612635 
159.418516 46.861836 154.947064 32.080074 2.976200 0.125000 3.048414 
16.646572 0.627291 17.386343 74.382409 1.250000 0.125000 27.249975 
