13.372194 25.944313 43.256055 33.881577 4.662380 0.125000 25.060707 
26.905856 56.798411 8.174593 49.251905 5.088165 0.125000 21.698959 
147.143073 12.005035 160.713961 15.253337 5.974809 0.125000 0.424409 
44.318080 38.336510 29.021306 57.587213 6.998826 0.125000 24.425381 
0.202635 24.435227 8.456705 27.096010 3.569137 0.125000 5.219043 
84.374319 3.057289 95.635751 2.944035 5.075170 0.125000 8.896623 
11.420972 21.902874 23.965322 24.155947 4.700277 0.125000 0.891631 
82.343872 61.917430 83.733814 5.609173 5.769633 0.125000 140.285346 
163.058709 7.336415 174.433104 8.970575 3.711887 0.125000 1.454630 
135.490102 47.331734 148.207053 48.336867 6.427551 0.125000 8.384587 
95.544369 3.225903 100.424655 7.125715 5.818244 0.125000 1.034919 
160.206715 13.394852 162.160462 7.373185 4.755935 0.125000 1.653093 
110.644823 28.267526 146.892260 28.572312 5.220538 0.125000 29.134970 
100.595155 4.517564 113.071732 7.129453 5.150040 0.125000 1.228753 
174.431924 84.789078 90.641988 82.502502 5.202733 0.125000 177.405893 
134.173432 10.688618 144.512120 8.932057 4.325149 0.125000 7.653196 
114.346846 7.027033 133.370391 10.549873 3.687309 0.125000 13.304151 
9.329188 48.162682 3.740726 41.368540 4.655589 0.125000 5.172956 
98.918691 29.373073 98.939948 38.126057 3.768203 0.125000 5.096564 
159.395755 25.905607 110.614591 24.861183 3.481572 0.125000 33.449004 
110.589283 51.406566 118.187663 51.753809 2.839784 0.125000 0.164584 
89.409177 81.983592 90.800167 65.534111 4.473944 0.125000 23.963988 
120.811620 51.097544 137.858479 44.365283 7.894010 0.125000 11.383832 
99.829096 40.485484 100.752334 51.762236 5.595311 0.125000 11.507462 
4.418628 42.087182 5.385137 30.500720 5.294426 0.125000 17.058749 
99.655085 7.992814 97.891392 20.933879 5.460595 0.125000 1.294393 
109.552336 20.833565 122.467742 9.851999 5.046667 0.125000 9.010332 
155.793176 46.396684 174.608291 48.227513 8.587806 0.125000 33.670799 
126.930091 35.107955 111.827505 36.243111 5.641763 0.125000 11.075185 
6.171856 -0.071699 16.168586 7.774977 4.144579 0.125000 11.086358 
174.389988 35.436133 164.339027 35.578093 3.873199 0.125000 8.567595 
158.411410 32.366071 140.771869 35.267811 5.558412 0.125000 13.744739 
168.619375 23.368526 174.794862 10.831821 3.949597 0.125000 8.739380 
173.127818 1.206357 146.873016 1.095713 1.355344 0.125000 6.102063 
83.418793 66.868289 83.761921 81.889005 3.948852 0.125000 12.171350 
163.202204 15.931689 160.734340 26.611417 6.463138 0.125000 10.526739 
1.717363 98.119550 3.187963 55.583960 4.741152 0.125000 79.472716 
113.610535 8.867067 105.168996 21.572017 3.620286 0.125000 0.218016 
161.847788 29.552951 174.435730 31.477856 3.517961 0.125000 3.048414 
81.928823 82.632171 53.129084 81.742761 4.365570 0.125000 49.728693 
168.131892 11.883272 163.336410 15.878741 4.991828 0.062500 0.399485 
28.119985 65.816681 65.627017 66.797896 2.034129 0.125000 33.717641 
158.224491 7.421208 148.104868 9.264473 2.683531 0.125000 1.697763 
65.511141 66.221841 80.862235 36.999625 7.333013 0.125000 74.010087 
25.566880 80.109195 5.678544 82.350194 2.886640 0.125000 13.631274 
60.632006 69.180209 28.129093 68.011201 1.968052 0.125000 24.777277 
75.121155 66.826135 76.934326 48.130754 3.091650 0.125000 20.315323 
7.325314 51.874596 7.318364 65.625224 2.505686 0.125000 5.962107 
57.597655 78.875008 64.609753 72.118639 6.235359 0.125000 1.232649 
8.118410 77.240601 55.625507 78.096895 1.722865 0.125000 26.401579 
31.431450 18.093985 30.810427 26.975371 2.493911 0.125000 2.873854 
109.370730 68.023508 94.397233 68.653467 1.459067 0.062500 2.873854 
126.875000 108.125000 111.875000 108.125000 1.250000 0.125000 0.164584 
45.625000 100.625000 75.625000 100.625000 1.250000 0.125000 11.001664 
96.899540 103.830937 75.631787 104.570249 1.379525 0.125000 4.680034 
24.375528 139.333224 46.871937 139.617459 1.328861 0.125000 5.583124 
54.376834 139.278796 75.619114 139.683743 1.321247 0.125000 3.776944 
