59.402571 14.454362 57.928099 38.190418 6.702976 0.125000 33.669137 
95.623343 14.508121 80.594559 14.321092 5.015168 0.125000 19.653970 
83.107790 38.493577 94.508035 39.025897 5.460988 0.125000 14.486264 
98.529162 36.941622 97.890265 16.842727 6.763133 0.125000 38.490199 
72.983155 24.378907 72.955076 14.375477 2.517534 0.031250 0.964265 
81.296122 15.626978 81.233498 36.876793 3.801557 0.125000 38.181838 
71.863499 14.780388 61.871541 14.496905 3.961190 0.125000 4.248691 
74.431968 29.154864 63.078418 29.782900 2.841383 0.125000 2.680153 
115.639767 4.374492 115.628968 30.625516 5.007198 0.125000 18.316925 
115.087731 34.373680 115.020161 61.879656 3.814473 0.125000 46.133411 
6.099137 0.622524 6.044141 45.623985 5.013745 0.125000 111.138954 
109.278035 28.146119 109.003715 10.650421 5.018982 0.125000 12.593266 
111.057509 50.455622 109.799223 37.956457 3.489061 0.125000 8.509122 
53.461653 33.198833 54.978836 0.594932 5.459430 0.125000 50.321198 
60.720848 0.611354 60.602282 10.639511 2.618050 0.125000 10.098574 
171.839118 6.874042 172.006707 0.595152 2.632517 0.031250 6.858025 
75.054328 45.738983 76.396377 23.022874 6.607723 0.125000 42.540711 
100.638566 75.092197 79.348895 75.494904 2.759596 0.125000 20.935654 
59.185141 34.243868 56.444577 64.335800 3.396673 0.125000 11.738727 
80.623138 5.240928 103.125722 5.289310 1.298374 0.125000 4.680034 
76.841355 56.880913 75.061608 46.754329 7.819528 0.125000 5.412007 
122.011545 19.550061 134.632873 9.705612 4.711321 0.125000 0.054958 
148.207241 32.297582 170.354927 27.987280 3.647911 0.125000 14.141600 
66.833122 56.237505 74.300895 55.746933 2.740438 0.125000 0.164584 
110.181967 71.853356 111.220636 50.593031 3.167975 0.125000 21.367748 
126.246118 51.933114 123.569533 22.968411 12.697539 0.125000 77.239710 
76.976791 73.163113 77.436572 56.855590 2.886526 0.125000 14.081748 
104.441413 8.126247 103.220606 73.150263 3.725875 0.125000 61.245006 
54.937553 45.712667 53.132127 31.555278 5.592337 0.125000 8.384587 
97.341445 128.131026 97.062609 91.873557 7.538229 0.125000 43.268406 
113.531087 65.620464 113.656896 76.883022 3.110804 0.062500 2.426959 
135.605029 9.821941 174.362146 8.858118 3.904220 0.125000 29.553388 
170.794451 26.896148 172.522542 13.049810 3.875936 0.125000 11.124244 
151.879106 7.305409 134.373283 7.217711 2.531279 0.125000 15.517114 
170.221885 48.629672 160.459690 40.831957 3.906694 0.125000 7.782856 
5.685008 66.857171 5.422598 84.371968 2.686976 0.125000 9.711716 
146.881393 76.552659 126.864475 76.155679 1.621535 0.125000 13.710934 
169.637518 14.799216 160.513776 20.445268 3.288883 0.125000 5.219043 
73.152728 7.207562 63.118264 8.044207 3.113866 0.062500 0.850453 
71.331498 122.032368 74.684297 80.348252 7.275420 0.125000 46.251930 
154.457410 75.607507 155.037834 36.866203 5.505026 0.125000 40.051384 
170.820753 75.615481 169.541399 49.306124 4.474123 0.125000 29.723827 
150.609535 13.124126 149.685637 29.463246 5.062594 0.125000 17.705453 
163.876864 0.504283 164.886540 6.792869 3.062862 0.125000 1.067674 
80.049319 104.349758 78.895734 130.658795 5.597524 0.125000 33.182003 
156.268181 28.226750 158.288925 15.453186 4.938584 0.125000 9.284128 
61.541135 94.171197 58.813107 132.104279 10.870885 0.125000 116.899879 
134.927804 56.846931 134.270603 73.171121 2.849960 0.125000 9.449320 
85.811695 70.663389 86.547767 43.116256 2.632663 0.125000 29.966554 
109.388982 78.423112 84.385355 79.595787 1.717114 0.125000 8.567595 
158.024667 73.856183 168.176564 75.249224 1.966994 0.125000 1.067674 
126.825769 13.135199 126.932117 0.614868 3.813568 0.125000 14.971112 
89.326003 44.373680 88.551360 73.136483 2.734664 0.125000 22.163170 
26.921557 66.529267 38.136513 68.039503 1.405641 0.062500 0.465614 
174.393278 80.268912 133.134969 81.112550 2.627249 0.125000 18.759088 
124.798669 71.934576 125.469993 53.074988 3.480826 0.125000 16.190856 
148.960065 36.869448 148.424673 76.879010 4.050723 0.125000 39.839297 
98.032807 134.208551 110.561092 133.393118 2.032096 0.125000 0.883796 
54.171657 68.146217 54.603279 46.854288 2.094138 0.125000 6.486214 
65.057291 58.105600 64.542392 73.173435 2.455851 0.125000 9.642303 
113.537311 79.365894 113.896645 95.635565 1.553306 0.125000 5.096624 
109.783756 95.635678 110.208833 79.364128 1.608656 0.125000 6.829207 
61.953652 80.462459 61.326528 94.627423 10.432510 0.125000 7.170512 
9.375409 65.611507 25.648347 66.104743 1.628130 0.125000 0.820776 
129.847175 73.152513 131.089651 51.829239 2.932041 0.125000 23.884372 
44.336328 66.024248 16.852037 63.362070 1.765275 0.125000 5.468486 
143.344720 72.238293 140.831651 65.111362 5.546801 0.125000 11.416468 
158.796528 39.392550 158.176275 63.126340 1.608790 0.125000 8.756152 
19.060549 11.884991 18.702199 0.606660 1.527246 0.125000 1.970764 
80.625000 51.875000 80.625000 70.625000 1.250000 0.125000 2.873854 
