162.895312 0.609522 162.162914 70.628012 3.592902 0.125000 73.487378 
170.361000 0.606457 169.549316 66.877135 3.933425 0.125000 35.623800 
147.666474 33.211306 148.287040 0.556814 9.365940 0.125000 155.009101 
164.234731 73.537669 174.478190 74.401846 4.157052 0.125000 13.192832 
0.592653 99.483211 146.902288 95.338184 3.373435 0.125000 139.837083 
150.713292 94.388715 150.378949 35.597964 7.492770 0.125000 155.796687 
174.371806 96.395564 151.872804 96.545472 1.383227 0.125000 2.576231 
23.130109 51.726897 145.613724 55.951890 1.723272 0.125000 71.382006 
173.700047 65.629210 173.846544 45.621131 1.396400 0.125000 0.294986 
166.845879 68.123815 168.524188 26.891248 1.401478 0.125000 19.423771 
159.466482 50.620345 158.765403 36.842414 1.566000 0.125000 1.970764 
49.375542 29.366289 139.338281 34.965010 2.179291 0.125000 42.389432 
158.219107 33.125857 158.515225 0.617168 3.795387 0.125000 44.384717 
