174.549315 122.605760 151.688321 114.931070 3.546565 0.125000 13.357671 
91.913005 0.584448 89.903507 60.642683 4.124108 0.125000 86.746681 
99.361124 78.990172 174.398778 76.284421 7.372039 0.125000 127.973599 
159.484185 121.442059 174.772775 125.297736 3.035441 0.125000 6.953153 
174.387951 143.090791 143.330314 131.332687 5.210258 0.125000 36.496480 
150.540448 129.607626 174.328223 138.253697 3.949232 0.125000 22.737566 
66.891941 40.510993 0.619331 30.663149 2.204732 0.125000 39.299975 
174.722146 103.508421 163.564516 113.610443 5.209108 0.125000 9.277472 
73.644993 40.652147 73.181173 6.822815 7.893438 0.125000 117.176900 
115.401871 0.528527 111.549500 59.353683 3.088499 0.125000 51.945878 
161.665737 115.017806 174.439684 119.176306 2.018030 0.125000 1.653093 
16.796461 128.937508 37.041609 125.303074 2.113814 0.125000 14.614024 
70.513133 113.257777 74.416169 43.057790 8.251740 0.125000 222.927100 
112.118814 113.499840 69.454057 119.901854 4.327229 0.125000 48.622609 
50.483319 118.649386 60.586284 116.676716 1.735024 0.062500 2.873854 
152.646243 116.966124 151.318127 128.206894 7.154854 0.125000 2.012408 
0.652017 132.024224 15.614186 129.315272 1.675395 0.125000 3.776944 
119.396893 51.639764 131.904889 52.803849 1.707955 0.125000 1.067674 
0.536543 33.762545 64.443755 42.629457 3.127804 0.125000 36.342306 
120.655084 24.246629 133.059694 27.153665 2.148842 0.125000 0.820776 
86.421324 40.612343 87.223732 11.849857 3.056765 0.125000 41.777504 
0.560475 129.063896 19.282866 125.180778 1.477806 0.125000 5.583124 
171.708644 73.284891 174.289330 35.619130 5.244637 0.125000 46.787178 
75.694340 114.687928 95.814377 110.229651 2.170376 0.125000 5.301648 
166.856555 106.657407 155.581613 107.613169 1.351115 0.062500 0.465614 
0.637050 28.047802 60.543208 37.398981 1.662800 0.125000 30.652907 
116.737762 64.449950 117.581541 51.922589 1.953352 0.125000 0.820776 
117.505888 48.217695 118.996953 38.069454 2.110025 0.125000 2.873854 
138.188365 120.109297 116.951799 117.499955 1.719133 0.125000 1.229414 
85.556011 8.568473 84.117925 0.237814 7.222092 0.125000 9.079857 
137.978217 106.208966 114.277420 111.432226 2.317004 0.125000 4.057129 
103.145424 109.476125 124.290266 105.205465 1.720194 0.125000 1.855669 
97.039284 28.132867 95.421186 61.925095 2.078636 0.125000 17.058749 
