85.154335 73.531599 81.532812 58.205860 5.595080 0.125000 0.884866 
83.875229 58.673065 87.330723 50.059264 4.417905 0.125000 0.149785 
28.748195 39.381109 29.042358 9.371739 1.519493 0.125000 14.541222 
15.542780 20.622148 14.891769 39.392923 5.170302 0.125000 20.494369 
123.123395 102.068817 35.629398 101.344094 2.862288 0.125000 45.832082 
44.371084 98.612113 98.127659 99.044249 2.751122 0.125000 46.783040 
23.338628 39.380381 23.811445 20.610804 2.908425 0.125000 12.933632 
80.632865 11.440686 64.372324 11.597468 3.822136 0.125000 19.962553 
51.773548 15.574611 50.978873 36.888194 3.057149 0.125000 19.081657 
39.323943 69.538711 29.382055 69.179653 4.996742 0.125000 4.067599 
49.422820 37.885658 30.611942 37.281675 2.819628 0.125000 14.971112 
83.641161 39.422886 81.919594 13.040522 3.878408 0.125000 9.917194 
31.806785 13.123031 50.637174 14.152271 3.178487 0.125000 19.423771 
33.112176 34.685269 46.890304 35.254729 2.549487 0.125000 8.292394 
80.644843 21.302197 63.079318 20.693691 2.801437 0.125000 12.058439 
28.551456 68.130053 28.847793 43.118754 2.544252 0.125000 22.991712 
45.897407 21.811011 45.321782 30.605153 2.739596 0.125000 0.797908 
48.483101 73.505437 39.241356 69.699523 3.114621 0.125000 0.218275 
48.129237 16.799121 33.106280 15.960257 2.705181 0.125000 6.829207 
48.586263 33.137252 48.985281 18.114649 1.647836 0.125000 10.098574 
31.886024 16.875387 31.314294 33.149216 2.586234 0.125000 12.304394 
90.466821 41.821158 91.373578 18.105828 5.712734 0.125000 9.358925 
62.106947 14.764205 58.694677 49.675038 9.559690 0.125000 75.784702 
65.614077 17.500498 79.403529 17.741299 2.521444 0.125000 9.195484 
90.327753 50.622145 90.051563 79.381497 2.691946 0.125000 23.097763 
44.387148 31.536480 35.648402 31.222883 2.543220 0.031250 3.866347 
26.472781 21.862729 26.052507 35.638043 1.592488 0.125000 7.389304 
79.385225 83.808271 38.125759 84.425693 1.773555 0.125000 19.641228 
45.958743 58.088296 45.746649 70.605882 3.728285 0.125000 6.953153 
75.629644 73.956376 48.119163 73.651176 2.596912 0.125000 13.956256 
26.700776 0.555233 26.176807 20.639396 3.781324 0.125000 9.277472 
46.875000 81.875000 79.375000 81.875000 1.250000 0.125000 12.807844 
26.483327 34.355449 25.297661 58.108661 2.933113 0.125000 9.214542 
160.833887 99.010016 174.963527 107.096681 3.418343 0.125000 10.390293 
25.743845 59.916367 9.326692 57.163046 2.059783 0.125000 4.248691 
0.594666 80.431987 25.758925 76.477152 2.804614 0.125000 28.351130 
38.846711 42.715010 35.731712 56.225986 7.775181 0.125000 10.585534 
120.333190 11.904342 119.336552 44.450379 4.691577 0.125000 36.315765 
83.884837 97.314369 82.651813 85.414980 10.333251 0.125000 36.739846 
36.641553 23.235118 44.822421 21.559681 4.927717 0.125000 7.697740 
26.706191 81.168952 0.543173 83.426841 5.733819 0.125000 32.645908 
123.428837 51.881236 124.249920 11.872433 2.832895 0.125000 32.348060 
8.524495 45.627487 8.765813 6.871207 1.491251 0.125000 32.675824 
9.344876 59.572771 25.598573 62.048501 2.201429 0.125000 5.962107 
61.125812 85.427779 59.978499 97.057849 9.689471 0.125000 31.758920 
0.622583 98.789981 41.876582 98.939955 2.645398 0.125000 29.075454 
160.618651 67.655482 174.383037 67.469357 1.435799 0.125000 3.456020 
0.625000 36.875000 0.625000 10.625000 1.250000 0.125000 6.102063 
125.626825 101.043682 154.376687 101.106810 2.530185 0.125000 29.966554 
60.664936 115.595021 60.957316 128.175379 10.084430 0.125000 28.332488 
4.543955 8.128660 3.812549 41.889895 2.905520 0.125000 32.369314 
84.939342 136.879157 84.742140 104.350041 16.310324 0.125000 90.789948 
30.644801 82.165306 41.927570 81.395752 2.579265 0.125000 2.510782 
103.095554 99.155511 123.114927 99.727541 2.748899 0.125000 0.891631 
26.872775 101.473539 0.623581 101.619047 2.576181 0.125000 18.779381 
102.942214 43.207151 104.001778 29.442492 2.780439 0.125000 5.096624 
107.568545 78.277166 117.922187 82.386052 3.245876 0.125000 5.096564 
155.858573 89.539903 151.778419 64.390669 3.268453 0.125000 7.167980 
28.564387 96.887329 28.950873 83.113100 1.565044 0.125000 7.389304 
161.406724 76.907851 160.870910 69.270058 3.378235 0.125000 1.697763 
174.892798 110.762772 164.282708 105.823242 2.344504 0.125000 4.680034 
124.125482 115.625929 124.083590 104.371432 1.287213 0.062500 0.465614 
127.261201 54.385510 128.724664 0.607302 1.887010 0.125000 45.675279 
119.915271 45.597465 120.553921 58.128623 1.630121 0.125000 1.970764 
106.312099 31.865047 106.134941 41.884017 1.426599 0.125000 2.873854 
131.120891 0.613368 130.310700 53.139433 1.844238 0.125000 32.822801 
13.753500 109.422747 15.479253 131.886197 4.026229 0.125000 9.328486 
