10.503153 90.617126 9.874944 0.612786 4.037817 0.125000 209.150932 
45.582579 82.949739 11.413914 91.220023 5.447799 0.125000 42.906990 
81.477951 111.875326 81.386576 0.623348 3.794146 0.125000 192.472314 
43.028751 0.619630 43.117738 81.879115 8.751364 0.125000 319.573577 
174.376020 91.704248 83.121809 91.159011 3.787276 0.125000 100.777752 
143.348084 23.189410 144.337163 0.568690 4.620075 0.125000 25.691914 
101.835186 87.141626 120.541388 89.934932 3.082388 0.125000 4.557628 
174.392941 84.982909 96.852502 84.247660 4.833845 0.125000 141.641647 
0.552041 112.959099 47.137574 92.472069 2.750082 0.125000 63.514977 
93.112031 80.363925 174.380840 81.429677 3.401289 0.125000 101.857108 
118.797622 36.452617 100.705073 29.175910 4.399291 0.125000 11.832720 
153.155219 37.854559 138.092430 38.319244 2.884251 0.125000 16.442587 
154.951883 15.640950 154.398395 35.660207 2.740871 0.125000 20.935654 
94.433535 86.167955 101.985262 86.793153 3.943481 0.125000 1.720471 
50.616685 91.295191 78.128953 90.900637 1.644208 0.125000 20.032564 
50.626208 55.554460 78.118147 56.025211 1.463826 0.125000 9.195484 
48.571506 89.377884 48.781496 56.871166 1.451842 0.125000 28.160374 
136.950790 40.475078 135.555120 28.132902 6.210419 0.125000 1.294393 
48.795185 51.876992 48.619076 0.623302 1.426087 0.125000 55.253074 
6.727504 0.625315 6.906325 84.374933 1.322059 0.125000 49.834534 
35.816275 120.869118 11.997826 139.531759 1.967875 0.125000 10.529290 
84.368461 87.589104 93.132409 87.482164 1.356669 0.125000 0.164584 
74.375000 53.125000 59.375000 53.125000 1.250000 0.125000 0.164584 
