150.615712 51.080573 168.127933 50.875830 3.793584 0.125000 15.391931 
88.114138 61.016121 56.888221 60.148937 4.269065 0.125000 38.305764 
58.183941 57.653441 38.015629 59.180531 4.588685 0.125000 13.631855 
168.049277 50.968582 175.465988 40.120926 7.602246 0.125000 10.056191 
85.747089 79.626608 83.709953 70.494512 7.047926 0.125000 1.228753 
75.490301 81.253225 60.637109 78.068526 4.364768 0.125000 4.934975 
55.793857 76.730494 49.293627 81.770041 4.636320 0.125000 0.149785 
15.615197 84.630466 40.626336 85.590177 1.968015 0.125000 17.641629 
54.404724 70.369031 53.750702 76.680786 5.617545 0.125000 7.870688 
135.653602 63.412658 100.647373 62.372235 3.018786 0.125000 37.582520 
44.586292 85.684840 48.983073 70.159991 5.672873 0.125000 9.328486 
64.220934 83.925118 71.916973 85.407022 3.163957 0.125000 1.697763 
139.378058 20.714324 113.116042 21.613314 1.976263 0.125000 14.486264 
61.855755 67.669364 78.126489 68.063549 1.643201 0.125000 1.067674 
99.402406 66.193507 135.593875 67.648956 3.847428 0.125000 39.529075 
36.924864 60.334651 24.393746 60.985774 2.107454 0.125000 0.164584 
48.127664 46.975609 84.352267 46.016440 2.929247 0.125000 40.829675 
15.621821 68.338158 43.134344 68.748523 1.604066 0.125000 17.323294 
156.995094 -0.137036 151.797543 24.621155 9.333787 0.125000 67.012016 
174.378971 83.266340 88.117891 83.396010 10.127763 0.125000 278.997999 
56.875000 63.125000 76.875000 63.125000 1.250000 0.125000 1.697763 
136.827730 32.994973 135.354236 61.861179 6.687942 0.125000 85.684000 
114.368822 24.137126 138.135255 23.519851 1.703945 0.125000 11.948253 
35.624583 87.518774 20.624590 87.529099 1.260325 0.125000 0.164584 
38.303203 58.204601 41.521270 0.465947 8.048898 0.125000 219.143647 
138.587735 0.377656 137.617305 13.274907 6.701326 0.125000 37.298484 
152.696325 26.531899 150.904625 48.353229 7.474846 0.125000 58.649819 
124.340408 59.370336 125.686930 49.383350 2.353652 0.062500 0.293299 
71.904579 69.759230 63.110467 70.436217 2.780455 0.125000 1.970764 
135.750811 69.060658 134.406553 79.213678 6.688133 0.125000 24.374822 
104.373524 32.586956 133.126737 32.508089 1.328854 0.125000 18.226384 
173.046252 13.148416 173.297056 0.603449 2.724370 0.125000 11.184171 
23.094397 59.041575 34.364186 58.007179 1.816022 0.125000 1.067674 
73.125000 65.625000 59.375000 65.625000 1.250000 0.031250 1.681407 
28.082231 64.180563 38.145250 61.967060 1.904559 0.125000 1.067674 
41.724796 76.538965 28.977933 82.236687 3.181575 0.125000 3.274964 
49.751785 54.876676 48.368464 49.022123 5.153450 0.125000 5.219043 
133.147353 27.833961 101.794284 25.425956 3.066989 0.125000 16.694391 
146.779290 15.594295 146.587761 0.596741 5.191138 0.125000 27.912643 
40.625467 66.868610 20.640912 65.407377 1.702443 0.125000 4.336995 
150.092509 76.973098 151.286122 53.033315 5.803000 0.125000 62.563299 
84.529025 20.410849 55.276595 -0.628546 3.899103 0.125000 55.196419 
97.204056 31.832917 96.172842 54.400034 2.782693 0.125000 8.717065 
118.125000 38.125000 131.875000 38.125000 1.250000 0.031250 6.486214 
97.252866 58.066980 96.745104 65.699516 4.073625 0.125000 0.218275 
2.687013 40.601165 1.662278 59.431448 2.564230 0.125000 4.304398 
