60.745336 102.687353 47.845781 99.140490 7.231614 0.125000 8.542745 
36.813925 50.481991 111.792587 54.618740 5.896206 0.125000 125.647316 
47.969448 98.273110 34.387571 96.762007 6.211673 0.125000 1.716411 
33.498629 61.959348 31.062998 0.558041 5.947817 0.125000 167.608790 
79.413276 87.370773 49.303231 89.695402 4.215411 0.125000 27.319300 
109.351540 109.528541 61.815367 102.265280 3.809826 0.125000 60.466875 
38.474797 91.878981 38.358711 65.629494 6.305218 0.125000 83.248863 
43.368959 91.442017 63.965408 101.466550 4.038352 0.125000 17.893882 
174.479273 119.941013 119.238617 111.519610 4.898014 0.125000 57.434949 
106.930471 83.611925 174.437207 88.519269 4.149095 0.125000 96.954948 
174.849174 95.773232 80.503263 88.441532 10.996965 0.125000 252.401130 
122.984828 5.121667 111.437788 2.953942 4.528261 0.125000 9.449320 
143.060834 17.136114 130.693337 14.096913 3.008937 0.125000 1.454630 
121.878915 110.551918 109.281144 109.877075 4.078954 0.125000 6.677210 
44.477975 86.062019 101.916568 82.556002 3.971506 0.125000 71.873274 
131.817759 4.992965 122.797794 4.157461 6.799818 0.125000 3.885675 
25.200981 99.413049 23.966997 85.661612 4.070152 0.125000 3.586135 
110.664314 0.767636 96.604306 4.642877 3.738698 0.125000 3.012505 
161.729527 20.916934 145.474689 23.385073 5.396349 0.125000 10.912266 
0.509260 96.599273 21.902829 99.140743 4.018732 0.125000 10.169903 
146.133280 25.191514 140.324895 18.380944 5.286655 0.125000 0.731012 
78.001715 79.934031 57.877778 75.496014 4.056532 0.125000 9.867370 
56.819655 70.766483 70.441167 76.094945 2.581561 0.125000 3.508045 
70.626165 64.372075 44.101403 53.812234 7.419489 0.125000 42.760520 
57.486003 74.924244 42.863666 62.174722 3.285946 0.125000 13.717433 
111.950695 58.775161 106.199964 82.017262 6.980224 0.125000 41.055452 
46.543677 61.035776 59.760801 71.696437 2.950874 0.125000 8.614963 
137.766264 128.287858 99.101594 141.046447 2.469603 0.125000 33.212780 
80.534996 125.267450 58.192140 130.891718 1.517322 0.125000 9.195484 
77.020413 49.867248 70.256080 0.333977 13.852655 0.125000 166.009113 
92.005942 139.731300 133.204298 124.590775 2.276189 0.125000 19.324666 
25.625000 0.625000 25.625000 19.375000 1.250000 0.125000 2.873854 
164.387911 133.041357 174.532106 134.607194 2.089361 0.125000 1.067674 
95.612541 114.315107 41.848838 125.499234 1.782058 0.125000 21.116024 
23.087717 19.376579 22.292937 0.607303 1.724832 0.125000 11.001664 
42.579597 0.494257 44.427028 45.775872 12.285786 0.125000 163.006700 
75.021387 73.542260 68.683979 64.374504 5.927884 0.125000 6.907656 
