114.878598 28.067053 134.532570 40.373351 5.306985 0.125000 22.358550 
90.444692 29.314784 114.436728 28.179428 7.078010 0.125000 40.376501 
67.207610 67.041021 82.935916 35.530619 5.601623 0.125000 29.617441 
81.341490 36.646573 90.144663 30.472387 5.116930 0.125000 14.686571 
133.116471 15.180508 166.902003 14.532194 4.228949 0.125000 68.757048 
84.749028 49.180245 69.816324 72.161759 5.347084 0.125000 30.324150 
90.013008 60.906756 83.915293 47.662135 5.244417 0.125000 12.334838 
87.807506 70.875319 90.647518 60.295499 4.269926 0.125000 8.533210 
167.558586 17.348875 173.504539 8.771579 7.272945 0.062500 0.865895 
95.681632 82.622818 88.152472 70.607785 4.646258 0.125000 13.821835 
95.837092 74.163632 102.701378 81.051444 4.429995 0.125000 1.702576 
131.498395 23.161301 130.531858 13.133978 4.092496 0.125000 9.438675 
132.290343 36.869736 132.115692 23.090262 11.280781 0.125000 20.601751 
49.479104 67.805411 65.804446 65.978768 4.560715 0.125000 11.797682 
55.667758 10.822006 16.829524 9.244924 4.000493 0.125000 54.426099 
56.493114 0.585142 56.249017 10.579181 3.840446 0.125000 5.096624 
69.604564 70.259954 57.848611 73.309540 4.525939 0.125000 13.675756 
59.218781 72.216381 49.435762 71.256022 3.098642 0.125000 4.336995 
19.381582 5.335130 50.643847 6.044960 3.180349 0.125000 54.349984 
84.765355 115.402180 92.984987 83.690707 7.304612 0.125000 46.129176 
124.373101 73.128608 115.975958 68.708296 3.333998 0.125000 0.883796 
14.540049 9.364296 14.626371 0.615147 2.586205 0.015625 8.152152 
123.947751 94.218727 127.616304 84.188937 5.125133 0.125000 6.677210 
164.137288 16.630363 143.854315 36.339146 2.968608 0.125000 12.872920 
4.340242 8.522646 14.481284 9.409070 3.082674 0.031250 3.634649 
125.796486 81.313841 110.474114 82.669071 6.225696 0.125000 15.924938 
29.783078 22.132954 26.875914 40.819610 3.321113 0.125000 4.191864 
28.114573 42.431367 39.384041 42.642575 1.460587 0.125000 3.776944 
134.079456 0.509127 133.219773 11.975821 4.393676 0.125000 17.321641 
115.754115 99.672308 122.169011 92.124894 6.095471 0.125000 4.634728 
158.068895 66.593883 174.416178 63.331324 2.940946 0.125000 12.933632 
148.512106 36.062054 160.077117 23.786475 3.533965 0.125000 6.905508 
78.260407 0.601893 77.637662 30.640811 2.836274 0.125000 43.512904 
41.551218 53.065780 41.893896 65.658501 4.054638 0.125000 8.614963 
145.133734 42.904397 148.355967 35.728716 3.025067 0.062500 0.805318 
39.372773 82.006516 23.106272 81.731094 5.189739 0.125000 11.522001 
99.887265 96.240701 110.020381 92.273411 7.895244 0.125000 6.455911 
174.486785 91.464150 146.982286 83.980684 2.633942 0.125000 21.306669 
72.689438 0.619533 72.281204 33.145787 2.546865 0.125000 37.191274 
174.520191 84.860941 146.832334 79.599526 3.045245 0.125000 9.430952 
148.145724 121.390745 135.615179 120.854481 2.818394 0.125000 0.218275 
9.524963 49.376559 9.355998 65.624802 2.616846 0.125000 11.086358 
74.790268 118.081038 77.490632 143.589142 10.207619 0.125000 48.683965 
108.128647 120.398832 78.096145 119.914596 2.499675 0.125000 7.337580 
8.231790 68.025217 17.298838 77.728972 2.066392 0.125000 3.370729 
23.117686 78.675119 35.632093 78.841513 1.399458 0.125000 1.653093 
62.566068 15.593202 61.640558 31.861663 1.389977 0.031250 0.060979 
132.985568 128.042646 133.514319 143.198636 7.669770 0.125000 8.285687 
158.132654 135.618460 153.553591 130.258828 2.738467 0.062500 1.785718 
91.832861 82.627584 71.825596 81.507335 5.411465 0.125000 19.268576 
117.833292 143.412370 115.680822 131.864595 4.373658 0.125000 2.089640 
66.764573 0.626162 67.119916 34.385579 1.276244 0.125000 13.710934 
4.375000 33.125000 19.375000 33.125000 1.250000 0.125000 0.164584 
171.926665 54.450252 156.216302 65.236261 5.798554 0.125000 21.358529 
79.958462 102.057392 83.314855 114.323048 4.276869 0.125000 6.677210 
145.707550 95.378816 138.092796 94.958680 5.267858 0.125000 2.036308 
41.978683 86.876176 41.836959 99.374569 2.599052 0.125000 6.799042 
89.394474 130.577588 81.659175 127.400468 5.062610 0.125000 3.048414 
138.420138 94.743258 128.080147 96.629069 3.016319 0.125000 0.050694 
75.393423 87.916498 78.441402 102.804311 11.301067 0.125000 44.238737 
162.985072 94.699337 147.011768 87.807988 1.980675 0.125000 5.219043 
70.625000 80.625000 54.375000 80.625000 1.250000 0.125000 1.067674 
