97.883518 13.123253 97.322800 90.628240 5.379676 0.125000 141.779620 
126.227395 75.641764 127.967330 13.120612 2.916314 0.125000 79.865446 
125.694278 90.625900 125.683797 76.874002 3.758573 0.125000 11.124244 
159.349341 12.851533 131.835492 12.128590 5.228107 0.125000 41.074097 
160.322367 91.874693 160.400987 14.373505 3.824813 0.125000 117.364115 
125.645779 11.747407 98.095483 11.331843 5.112547 0.125000 43.490280 
166.910216 94.896583 140.600844 93.624649 3.745625 0.125000 34.131541 
99.375866 90.530914 124.385254 90.761157 2.707027 0.125000 33.775689 
131.050381 14.361963 130.101375 74.386484 3.868094 0.125000 99.731138 
166.206884 0.604957 169.481170 95.664399 8.873905 0.125000 212.423069 
131.872563 77.037274 150.637104 77.319106 2.724983 0.125000 12.058439 
108.054837 93.981091 93.154919 92.759937 4.472772 0.125000 6.907656 
154.377704 26.701649 136.881960 26.428753 1.522777 0.125000 0.164584 
125.632064 93.646029 108.101393 93.883696 2.669220 0.125000 12.304394 
94.263812 90.696710 78.152017 90.000115 7.600987 0.125000 37.462130 
130.334413 79.349147 130.124350 91.866598 3.896290 0.125000 6.953153 
73.131713 93.693900 53.119750 93.930038 3.838232 0.125000 6.455911 
105.536876 84.048303 115.683059 85.016697 2.607456 0.125000 5.583124 
80.719656 84.490248 70.594994 85.192214 6.753779 0.125000 2.267805 
73.136851 86.035730 0.598362 85.011427 6.549414 0.125000 158.055423 
79.272140 26.153961 66.759156 23.720733 3.408437 0.125000 6.848509 
133.116074 90.858862 158.127348 91.813474 2.059554 0.125000 11.964570 
83.148538 3.273187 80.692257 24.382826 3.580396 0.125000 13.490504 
51.876053 93.688520 0.624256 93.609895 1.328621 0.125000 25.451104 
0.618643 81.028501 83.127035 81.345706 2.802735 0.125000 109.438473 
85.614278 82.266685 94.394138 82.157008 2.593487 0.125000 2.873854 
89.539978 71.686193 92.358041 55.491540 3.963051 0.125000 8.717065 
50.631754 34.431668 36.869199 34.502807 2.564579 0.125000 9.195484 
96.908078 2.525929 83.130136 3.226074 2.877410 0.125000 11.416468 
12.064867 31.918806 1.736971 33.434435 2.802787 0.125000 5.219043 
65.034959 20.628331 64.964392 8.128729 1.320548 0.125000 6.486214 
170.308951 98.122149 170.229833 106.893985 3.817491 0.125000 5.096564 
98.612101 95.639836 97.812186 121.903544 4.807414 0.125000 21.375938 
33.925874 23.241368 19.276072 18.425968 3.139145 0.125000 6.281913 
126.241766 111.930807 124.801416 95.587420 4.613423 0.125000 9.752547 
52.899594 11.869568 52.417153 31.888066 1.580913 0.125000 11.904754 
58.344441 98.444474 39.187966 111.602706 1.925535 0.125000 4.658263 
44.241338 129.195254 26.987144 142.025808 1.260230 0.125000 3.456020 
129.798629 120.593604 130.542521 130.631113 1.708509 0.125000 1.067674 
