54.372905 86.723337 75.636113 86.429676 1.543332 0.125000 3.776944 
80.638856 86.858941 154.365524 86.031076 2.710370 0.125000 48.237805 
70.136012 0.586701 69.748970 18.160765 3.859182 0.125000 32.675824 
102.346927 23.112176 101.563576 70.640469 2.685055 0.125000 36.384564 
131.876742 89.618640 49.372022 90.208441 4.089458 0.125000 76.945065 
71.073332 23.999051 73.976453 46.766429 7.939013 0.125000 37.795443 
102.902743 25.253665 110.843243 27.262207 6.073458 0.125000 6.281913 
113.979833 23.180865 113.543507 0.568684 6.682918 0.125000 57.060341 
70.117549 17.911393 69.464085 23.287758 3.571784 0.125000 1.067674 
148.328669 85.630475 147.883849 0.619721 5.346581 0.125000 129.223368 
92.211047 0.611294 92.060426 24.392009 5.142406 0.125000 51.088919 
80.093174 6.884116 79.985340 0.593112 2.521056 0.015625 4.679098 
87.270477 50.674951 86.829305 43.127671 2.710310 0.125000 2.873854 
122.333733 0.609629 120.706471 84.376583 2.742308 0.125000 71.164359 
102.195261 0.614124 101.931931 23.125666 1.469228 0.125000 5.583124 
167.466086 15.740333 164.807129 0.549362 3.109114 0.125000 9.378608 
86.712897 71.900814 87.188607 51.852781 2.944081 0.125000 28.351130 
151.549566 27.514228 163.879290 20.944656 3.526787 0.125000 1.967896 
86.872335 40.648012 86.941758 33.114097 5.057377 0.031250 3.004888 
152.672191 13.545075 163.531567 7.620170 6.483727 0.125000 6.916790 
125.529880 70.845194 141.873215 71.902593 2.817604 0.125000 7.689797 
61.183835 29.372379 61.292876 0.622792 2.566355 0.125000 22.232338 
167.113090 33.107882 166.436265 73.117578 2.309359 0.125000 20.673413 
87.325236 31.877015 87.246497 0.620915 2.503141 0.125000 35.385094 
141.904993 74.718108 126.838791 74.219831 2.622588 0.125000 8.509122 
169.547502 51.875484 169.610667 29.375662 2.524554 0.125000 6.119189 
81.373979 36.893983 81.977131 13.095908 4.776701 0.125000 28.596689 
0.363477 37.563724 51.792459 57.092373 2.574157 0.125000 46.798721 
65.498245 61.872883 66.521268 0.619092 1.813419 0.125000 52.804244 
98.751068 70.611333 99.708953 26.882315 3.228981 0.125000 36.463766 
71.242515 99.015340 68.295606 124.681629 12.501236 0.125000 67.619818 
73.872939 75.219001 71.566453 85.172476 4.120761 0.125000 0.923527 
116.956590 82.297258 91.833432 83.523018 5.298635 0.125000 25.956586 
131.082388 29.383582 131.622081 0.620254 1.789128 0.125000 4.934975 
75.625028 48.124607 84.419440 48.756756 2.762425 0.125000 2.873854 
53.268437 55.252246 0.417226 34.914949 2.333217 0.125000 40.153412 
100.067318 23.127411 100.145674 0.623331 1.328334 0.125000 4.680034 
118.136676 73.928576 89.340988 73.175437 4.042856 0.125000 32.159369 
89.516196 29.373696 89.874238 68.131935 1.584804 0.125000 20.935654 
163.300529 23.109198 164.193562 33.028801 2.709056 0.125000 2.873854 
103.141730 70.151145 119.371499 70.724161 2.498443 0.125000 11.001664 
118.547849 69.383151 119.246848 33.122530 2.595903 0.125000 35.537042 
69.422886 124.752046 68.016277 143.583715 11.999736 0.125000 7.513208 
83.696142 130.625933 83.715352 93.125302 7.504481 0.125000 52.416036 
165.623987 74.199211 150.624485 74.285661 2.528775 0.125000 1.229414 
151.341829 56.812541 152.314684 67.977773 3.844350 0.125000 3.662037 
106.495278 107.048489 93.891787 103.686457 7.005367 0.125000 1.249965 
148.122088 90.283938 133.118238 90.235873 5.007983 0.125000 21.306669 
64.373141 4.374947 62.733301 61.863827 1.285133 0.125000 31.772734 
54.400252 61.760883 64.460837 63.987087 1.760610 0.125000 0.164584 
115.140772 133.197449 113.202017 120.239431 9.208569 0.125000 31.346245 
169.898607 76.908366 168.807350 53.151074 3.013575 0.125000 9.479218 
114.572424 115.551561 109.880045 102.937131 10.244161 0.125000 14.343061 
119.362690 23.124539 120.205437 0.609296 1.763429 0.125000 13.710934 
127.336809 44.369515 127.633859 69.380833 1.531962 0.125000 19.962553 
160.646851 88.809916 149.368451 89.169728 1.528372 0.062500 1.669734 
55.032057 0.615398 55.288010 18.129925 1.469049 0.125000 5.583124 
130.625000 68.125000 130.625000 41.875000 1.250000 0.125000 8.292394 
0.468903 125.406701 19.381013 111.883410 1.743863 0.125000 6.799042 
11.933057 120.710852 0.733040 128.284765 1.250000 0.125000 0.164584 
41.032737 0.632346 40.740074 16.877073 2.634691 0.125000 0.923527 
92.684504 111.888685 92.389093 129.362559 3.960757 0.125000 3.653403 
