93.183438 70.627604 94.577916 39.328349 6.577623 0.125000 25.002674 
69.530319 41.874639 69.565156 56.874558 4.997083 0.125000 17.249225 
110.615115 23.268087 94.270412 22.138963 2.707318 0.125000 4.480242 
96.865212 46.125416 124.379135 46.663600 5.096827 0.125000 24.021735 
70.629409 55.525998 70.294880 68.182354 8.878185 0.125000 3.909621 
114.176759 44.455352 113.139651 25.762894 5.061569 0.125000 13.631855 
90.642150 18.901970 73.122252 19.050200 3.749866 0.125000 13.137834 
70.019474 19.407093 69.638426 41.900638 5.041627 0.125000 35.748456 
81.570219 50.714515 81.979390 40.680228 3.746886 0.125000 6.829207 
125.495953 50.624937 125.482597 78.124931 3.756677 0.125000 34.069352 
70.630546 81.490107 90.626395 81.778207 1.538000 0.125000 2.873854 
163.109233 80.729102 141.780538 77.498679 2.733415 0.125000 16.275264 
100.465706 44.372907 100.662739 29.375496 2.483363 0.062500 1.005729 
123.239445 77.242781 95.751543 75.767388 8.469438 0.125000 47.653272 
92.954951 101.922422 93.671947 85.594128 6.243983 0.125000 21.127438 
68.169761 85.560005 69.130994 123.195084 8.842894 0.125000 71.471959 
73.096715 23.874621 85.626042 24.347390 2.545355 0.125000 5.219043 
85.645955 27.460533 71.870235 27.026096 2.498758 0.125000 6.102063 
91.875599 84.268123 71.876227 84.156057 2.548990 0.125000 6.281913 
105.550089 29.757210 110.742445 36.788268 3.397114 0.125000 0.218275 
83.140402 78.875155 70.613779 78.489165 1.595895 0.125000 1.697763 
113.392508 121.964329 113.961985 104.321322 8.987403 0.125000 20.188221 
111.744976 17.490938 98.070947 16.920337 5.360462 0.125000 14.776697 
97.752796 29.308090 98.226482 44.371809 1.248765 0.125000 0.164584 
26.937241 78.488910 35.646270 76.999359 2.253483 0.031250 2.457839 
141.978892 81.524340 163.139747 82.897796 3.061481 0.125000 22.991712 
123.068489 50.258171 108.049996 49.297188 2.015977 0.125000 0.218275 
96.815162 81.668845 109.417062 82.391244 2.925132 0.125000 7.653196 
87.576627 123.328162 88.917511 110.447253 7.847962 0.125000 24.526396 
135.441480 51.977963 136.289986 43.189201 2.848796 0.125000 0.797908 
108.001887 96.850079 103.623635 118.478969 6.606898 0.125000 19.613444 
125.133061 84.365216 124.908909 95.635619 1.448599 0.125000 2.576231 
127.586072 49.364870 128.126301 20.625024 1.555180 0.125000 5.946800 
174.823655 44.405263 172.210417 83.147624 2.340771 0.125000 10.476738 
171.961999 61.877898 174.002454 0.612592 1.916096 0.125000 57.922651 
125.625000 29.375000 125.625000 44.375000 1.250000 0.125000 0.164584 
139.340211 74.915324 163.072312 76.443328 2.012940 0.125000 11.086358 
84.188720 101.910095 83.051582 95.874332 3.685169 0.125000 1.067674 
39.375000 81.875000 65.625000 81.875000 1.250000 0.125000 8.292394 
171.530500 0.614950 169.742996 61.885736 1.759793 0.125000 42.659503 
38.125000 0.625000 38.125000 60.625000 1.250000 0.125000 32.675824 
17.826576 61.872075 18.169585 26.875437 1.372449 0.125000 14.614024 
84.375000 8.125000 98.125000 8.125000 1.250000 0.031250 3.914505 
138.898992 30.642578 139.580598 0.629669 1.306439 0.125000 8.756152 
