174.472949 4.547464 144.380722 1.812054 2.603007 0.125000 25.698706 
172.200352 71.831340 173.675419 40.591967 4.512268 0.125000 41.296959 
129.992625 43.156804 130.302483 0.604447 11.313416 0.125000 198.441514 
151.753012 88.407855 171.905396 85.865987 2.960860 0.125000 5.595353 
141.490304 0.611198 139.022150 69.407187 7.282437 0.125000 119.577319 
172.223972 79.206314 153.415860 85.276249 5.180092 0.125000 20.340508 
131.470919 86.861577 130.795732 44.312784 7.102393 0.125000 60.721882 
139.386097 71.713125 171.874265 71.968471 3.769533 0.125000 50.560360 
174.249035 95.148475 150.716039 91.315984 5.967808 0.125000 14.343061 
0.610207 88.674410 126.883090 86.008117 2.640857 0.125000 131.586471 
149.376322 87.523965 131.876406 87.485480 1.288482 0.125000 7.697740 
146.803064 51.777031 153.168351 51.437339 2.829513 0.125000 0.164584 
96.875000 59.375000 126.875000 59.375000 1.250000 0.125000 11.001664 
68.141399 42.732915 124.397549 45.085881 2.027685 0.125000 26.495372 
152.080322 106.071392 139.446911 102.843550 3.350494 0.125000 2.486513 
55.626589 57.986655 93.135998 58.417471 1.250000 0.125000 11.184171 
140.625000 65.625000 140.625000 49.375000 1.250000 0.125000 1.067674 
