92.829049 66.913819 93.643545 46.896099 6.498927 0.125000 19.258290 
95.624909 46.884849 120.634304 47.115315 3.876544 0.125000 29.800836 
70.486816 21.856501 70.053352 54.384040 5.266054 0.125000 48.249857 
70.905541 55.267969 69.198436 71.856830 6.217167 0.125000 6.459083 
85.626769 20.405941 73.117489 20.304903 2.590782 0.125000 8.292394 
113.386428 44.689075 111.803474 27.106514 5.552320 0.125000 16.193513 
87.559760 41.848494 87.147608 50.637783 1.599936 0.062500 0.616176 
99.652871 44.376675 99.743344 29.369685 1.332871 0.062500 1.785718 
69.002900 83.121854 68.717473 116.880009 8.887077 0.125000 75.201938 
81.011872 50.654384 81.169700 41.862339 3.816702 0.125000 7.870688 
90.624750 82.250552 71.874758 82.238078 2.504157 0.125000 8.509122 
71.866060 80.114027 90.628436 80.340990 1.461586 0.125000 2.873854 
122.483273 51.871085 122.330727 76.877780 3.871932 0.125000 18.240388 
93.801241 45.662109 94.186866 25.645457 3.773381 0.125000 1.294393 
155.626360 79.365337 137.948755 76.877156 2.493826 0.125000 11.184171 
92.332218 104.487380 93.195041 81.782657 5.818279 0.125000 34.917623 
85.619162 28.488288 71.872712 28.267387 2.519762 0.125000 4.232717 
119.491215 76.938918 95.239180 74.562651 7.586149 0.125000 47.234938 
104.606013 51.565367 118.241996 53.585128 2.518571 0.125000 1.034919 
73.133327 25.253938 84.405702 25.506907 2.527415 0.125000 5.583124 
110.490533 18.840341 98.012356 18.318496 5.361244 0.125000 12.882770 
138.167433 80.124373 154.406716 81.500820 2.807783 0.125000 11.184171 
96.388520 25.570262 97.738651 44.402698 3.740400 0.125000 1.930492 
120.527584 51.309393 106.876242 49.366276 2.122757 0.125000 0.050694 
111.617192 121.982690 113.538136 104.284169 7.051573 0.125000 21.375938 
71.104681 113.079575 69.920724 133.157181 7.854911 0.125000 15.767357 
-0.177846 77.570095 14.527543 73.705439 7.571406 0.125000 10.922076 
108.102161 103.115477 101.033996 120.066751 4.712779 0.125000 11.363855 
88.745608 119.725758 86.976628 103.943290 11.876164 0.125000 16.744604 
124.343390 46.873989 125.143608 21.859600 1.768938 0.125000 14.971112 
81.844585 97.330564 86.707396 84.312393 4.387728 0.125000 4.634728 
122.639551 81.838023 121.780353 93.117791 1.626147 0.125000 1.067674 
8.285530 84.904212 0.344252 83.135570 4.880425 0.125000 6.799042 
135.542887 74.225547 154.374582 75.630600 2.176588 0.125000 2.036308 
65.625000 81.875000 39.375000 81.875000 1.250000 0.125000 6.102063 
166.286515 21.919117 162.286171 81.902421 2.328101 0.125000 17.154833 
84.404165 103.666356 81.729730 97.635128 4.312211 0.125000 2.576231 
161.875000 0.625000 161.875000 24.375000 1.250000 0.125000 5.583124 
162.376810 61.891144 164.347824 0.624126 1.286170 0.125000 27.624343 
123.345535 23.139966 121.904335 44.376991 1.754933 0.125000 10.098574 
166.421035 1.850394 165.404058 20.613024 1.518782 0.125000 5.583124 
49.375000 80.625000 64.375000 80.625000 1.250000 0.125000 0.164584 
134.139112 35.613051 135.910658 0.639470 1.311636 0.125000 15.517114 
41.875000 19.375000 41.875000 63.125000 1.250000 0.125000 20.935654 
93.125000 10.625000 118.125000 10.625000 1.250000 0.125000 7.389304 
40.625000 19.375000 40.625000 0.625000 1.250000 0.125000 2.873854 
