168.842802 31.562110 174.496172 21.946239 5.577310 0.125000 7.695231 
158.283454 48.220687 168.365538 31.525102 4.057822 0.125000 24.738389 
174.426356 28.156297 161.042817 50.117861 3.486005 0.125000 15.409125 
157.912222 75.587410 158.619266 48.073457 4.390991 0.125000 21.070294 
161.524218 50.650676 160.953605 70.634383 2.534659 0.125000 15.860896 
174.424734 16.185321 158.079452 15.006623 4.279730 0.125000 0.577901 
125.242753 84.365567 124.332162 0.598289 9.089166 0.125000 159.424059 
143.007001 84.751565 156.842234 82.882466 2.712134 0.125000 0.664633 
156.921772 14.929234 135.600067 13.495894 4.412286 0.125000 8.875252 
133.556756 0.605906 131.951271 69.405949 6.685721 0.125000 107.063582 
158.280230 77.359603 143.223542 82.182632 4.333894 0.125000 8.959915 
130.627819 71.584388 156.875349 71.839010 3.749824 0.125000 36.159573 
170.628852 89.467121 145.625470 89.538881 5.028679 0.125000 35.291851 
0.617091 85.012880 121.879149 83.446151 2.306005 0.125000 135.687460 
86.877275 60.513833 120.638716 61.204814 1.633407 0.125000 17.323294 
147.260336 97.245479 129.439104 94.020735 6.489860 0.125000 23.945032 
140.697378 85.277225 128.109960 84.707024 2.440873 0.125000 2.560371 
76.887440 47.777534 119.377730 49.298758 1.651711 0.125000 27.257284 
141.854810 41.693666 150.635138 40.716056 3.588648 0.062500 2.426959 
