128.671625 38.164592 128.313038 31.794055 3.884572 0.125000 2.576231 
143.518325 36.868425 143.796524 0.620560 3.865010 0.125000 31.351377 
128.658391 93.123014 128.467519 41.869069 3.852384 0.125000 51.212992 
154.293152 54.369843 155.004107 43.085880 3.353383 0.125000 1.454630 
174.444102 61.745625 163.159929 62.441448 2.802994 0.125000 2.560371 
167.426565 40.619247 167.550109 25.620265 3.821943 0.125000 14.553849 
162.134691 21.800741 160.995227 36.996494 3.739501 0.125000 5.101639 
91.851805 99.736102 126.860584 98.822564 2.531756 0.125000 31.791110 
143.091934 38.951288 165.649654 37.190916 3.544128 0.125000 9.277472 
171.979690 5.579725 158.680294 17.339329 3.962554 0.125000 1.930492 
134.161882 68.136070 133.446206 54.358315 1.767060 0.125000 6.486214 
0.620219 98.606620 88.124004 99.475349 3.638132 0.125000 117.943997 
147.360996 0.058209 160.226494 11.089756 5.964090 0.125000 17.751826 
166.876406 76.613503 139.377200 76.465686 1.364205 0.125000 6.985969 
159.333288 62.726853 150.604218 62.299420 1.615313 0.062500 0.616176 
128.388821 116.881548 128.885665 96.862855 1.714828 0.125000 8.509122 
131.199577 53.096589 131.819201 65.627759 1.618872 0.125000 1.970764 
133.125000 96.875000 148.125000 96.875000 1.250000 0.125000 0.164584 
89.375000 0.625000 89.375000 53.125000 1.250000 0.125000 27.257284 
86.819494 46.874901 86.901961 0.625048 1.252227 0.125000 21.838744 
141.875000 94.375000 174.375000 94.375000 1.250000 0.125000 10.529091 
89.375000 56.875000 89.375000 96.875000 1.250000 0.125000 18.226384 
