84.303775 62.526061 87.807247 54.797607 3.200260 0.125000 0.797908 
88.306963 54.412733 87.776133 39.387325 2.807376 0.125000 3.521151 
45.442418 35.640849 45.591139 25.624497 2.573955 0.062500 0.275019 
81.892856 19.177751 68.104419 19.411625 2.711630 0.125000 13.192832 
92.114640 46.854314 92.651851 20.615313 1.735887 0.125000 15.407743 
34.375203 83.169505 80.624239 82.958325 1.307063 0.125000 17.321641 
33.056976 15.612906 33.351119 44.359896 3.903278 0.125000 33.212780 
54.427478 42.617072 46.859592 42.391153 2.573485 0.125000 0.164584 
83.139024 73.915192 61.870684 73.266520 1.668591 0.125000 4.480242 
53.726389 38.147084 54.186478 25.618077 1.662001 0.125000 1.970764 
91.062648 54.368502 90.882601 76.877061 2.629901 0.125000 19.423771 
56.725009 23.073388 56.307436 34.400159 2.866713 0.125000 5.219043 
65.041917 22.028586 62.629692 52.135770 8.222891 0.125000 66.552717 
68.122193 24.525790 80.641122 24.758793 2.685655 0.125000 6.486214 
88.165506 79.201868 68.146812 79.954871 2.310291 0.125000 6.009503 
84.719474 43.097290 82.905122 20.542136 4.339288 0.125000 8.168637 
43.175237 78.691198 28.072317 80.031226 2.932113 0.125000 3.851484 
81.879662 27.540363 66.870649 27.420686 1.369562 0.125000 10.098574 
52.596339 59.267005 51.986809 69.305893 4.990809 0.062500 1.180108 
44.820900 68.127890 44.861454 61.870052 2.524249 0.062500 0.616176 
140.771419 80.277422 127.983860 79.619900 6.498509 0.125000 12.116880 
132.991267 77.489792 137.324267 69.622437 2.681724 0.062500 0.293299 
43.141136 41.875411 42.662933 60.645075 2.785717 0.125000 4.824161 
87.081539 121.871748 86.490220 84.322006 13.354654 0.125000 98.546012 
165.181367 60.618970 165.997284 0.596077 5.373323 0.125000 122.236183 
150.643398 84.664681 174.375073 84.381108 2.604369 0.125000 1.232649 
62.471722 87.985201 64.340302 129.376566 12.092672 0.125000 126.918292 
27.572340 69.372227 27.482883 46.872583 3.779790 0.125000 7.833110 
174.670661 73.835309 158.044746 76.342894 4.571240 0.125000 13.693766 
136.912728 58.884854 153.184678 58.076920 2.620901 0.125000 7.653196 
148.123967 68.880432 174.375627 68.916319 2.517086 0.125000 19.754330 
106.306809 20.627635 106.210184 45.627262 1.346616 0.125000 23.644924 
44.332259 9.273856 43.053379 25.619396 2.589885 0.125000 3.048414 
174.476957 60.722438 154.402725 62.241406 2.870133 0.125000 0.553250 
174.378207 19.375075 173.791023 44.390633 1.601650 0.125000 9.642303 
108.555828 0.661309 106.873343 20.624860 2.281218 0.125000 0.434640 
108.309969 54.379131 109.119843 18.119301 1.863756 0.125000 29.683823 
120.828301 79.823541 123.972379 69.636532 3.583219 0.125000 8.756152 
81.755339 126.797027 86.476920 119.551083 5.553971 0.125000 5.468486 
155.627670 81.164994 174.377212 81.072292 1.342689 0.125000 1.970764 
35.575557 64.673070 41.859986 65.715510 3.074450 0.125000 0.164584 
161.978576 91.564140 151.102965 87.940491 4.347979 0.125000 4.864122 
0.625000 83.125000 28.125000 83.125000 1.250000 0.125000 8.292394 
105.847256 54.374657 105.876218 73.124612 2.501928 0.125000 4.067599 
31.302479 86.701753 34.676116 124.235582 5.889199 0.125000 52.138950 
43.054257 120.565831 41.865598 96.875472 3.306811 0.125000 9.752547 
28.123560 85.446495 3.125186 85.648121 1.340694 0.125000 4.336995 
29.421167 0.625149 29.280235 44.378721 1.250000 0.125000 20.032564 
26.875000 45.625000 26.875000 0.625000 1.250000 0.125000 21.838744 
74.375000 8.125000 89.375000 8.125000 1.250000 0.125000 0.164584 
1.875000 0.625000 1.875000 15.625000 1.250000 0.125000 0.164584 
0.625000 30.625000 0.625000 64.375000 1.250000 0.125000 13.710934 
