0.568982 81.962422 45.594704 83.848325 3.177845 0.125000 57.830479 
44.496872 87.343422 0.604880 84.710400 4.541920 0.125000 64.951859 
46.859712 94.063722 64.375424 94.348976 2.642149 0.125000 7.782856 
151.826214 97.894820 169.405579 98.735774 4.402731 0.125000 19.653970 
174.441611 108.588435 118.066627 103.814296 3.379769 0.125000 91.830952 
93.114685 94.681872 120.625618 95.606610 3.369945 0.125000 37.298484 
126.631399 95.999347 152.364864 99.858554 8.343994 0.125000 36.004310 
100.646886 101.812460 50.660785 100.978952 4.207972 0.125000 51.642189 
68.121400 95.578119 95.628634 95.660431 6.276155 0.125000 58.688812 
28.190389 104.779597 64.305170 98.942923 2.305952 0.125000 18.347765 
174.499352 21.958799 109.366262 28.031273 2.805516 0.125000 80.749426 
65.358866 51.883748 64.044088 11.885877 3.953310 0.125000 34.444704 
70.794316 15.645388 71.242661 39.410512 5.117000 0.125000 39.140748 
107.503251 26.889438 106.892650 0.595562 3.923109 0.125000 49.834534 
118.251591 104.262369 101.795240 102.733544 2.836169 0.125000 17.323294 
153.000254 102.869050 174.384091 105.552555 2.179023 0.125000 4.067599 
103.085452 31.416309 174.451580 25.263211 3.221253 0.125000 66.205712 
70.031357 35.572996 71.424858 53.160666 4.330666 0.125000 6.916790 
101.902957 0.602434 102.411244 29.387603 3.859760 0.125000 52.543804 
50.489048 103.670903 0.657390 113.292747 2.175256 0.125000 20.042958 
16.860243 102.800061 25.648885 102.400930 1.588970 0.125000 0.164584 
72.299121 76.862946 72.727110 91.921835 2.498991 0.125000 4.339063 
0.674060 105.886285 15.616661 103.080590 1.765038 0.125000 4.680034 
0.585025 110.447036 19.236300 106.257524 1.741160 0.125000 1.720471 
26.787590 101.330665 40.583303 99.115335 1.477441 0.125000 0.164584 
43.125000 18.125000 43.125000 0.625000 1.250000 0.125000 1.970764 
71.713600 54.376710 71.912211 73.124606 1.289654 0.125000 1.970764 
