68.832747 110.606334 69.491628 135.588957 7.299660 0.125000 48.700045 
14.784521 101.823475 13.086227 129.525885 7.968728 0.125000 45.866477 
22.157993 105.509938 19.186509 98.201639 3.544212 0.125000 0.050694 
66.328975 57.993041 67.986331 98.233677 6.964853 0.125000 83.707405 
29.506062 115.546412 21.347330 101.939993 8.787938 0.125000 41.178160 
70.258439 133.393859 71.944116 143.529293 8.221284 0.125000 18.513886 
163.187003 13.165411 155.232909 25.369451 9.013391 0.125000 18.722328 
39.551056 130.060433 30.215856 115.433930 6.343819 0.125000 19.027907 
155.372058 26.125138 150.861747 35.116738 6.711083 0.125000 16.190856 
150.736284 34.142265 146.931148 43.909917 7.835152 0.125000 14.703475 
68.833559 99.097346 66.635158 113.281564 9.029663 0.125000 20.741317 
170.519587 -0.065522 163.670160 13.379097 6.724863 0.125000 20.694162 
146.314511 43.729141 139.972340 64.089795 8.354095 0.125000 53.299150 
129.934682 98.881810 93.730530 63.877228 11.051726 0.125000 133.662935 
141.296289 62.364344 154.231122 143.743910 12.623073 0.125000 288.846877 
40.138135 143.237019 39.324929 130.628229 4.909181 0.125000 18.013092 
77.909442 54.642484 72.168701 58.555847 5.539548 0.125000 2.036308 
96.120042 67.445277 75.167640 52.185631 9.654321 0.125000 54.249889 
140.755871 107.201088 129.844560 99.453316 9.896463 0.125000 30.484120 
14.613226 132.245601 16.473753 143.600381 9.262036 0.125000 21.358529 
26.457833 76.593797 36.072098 105.068155 6.767294 0.125000 27.050093 
137.799124 140.786260 138.974023 106.731789 11.631211 0.125000 119.685938 
46.735063 143.470750 49.772115 133.720016 6.260689 0.125000 10.082962 
37.661813 108.117809 37.701576 119.380908 5.008795 0.125000 4.634728 
44.027261 114.213889 40.017860 91.760209 6.811866 0.125000 31.111030 
48.308217 133.356080 47.173964 115.848581 7.969193 0.125000 26.000249 
36.875436 5.538193 51.881331 5.613503 2.550155 0.125000 3.662037 
48.526815 93.049301 46.437199 81.957478 3.685174 0.125000 1.702576 
12.178086 59.166804 19.832897 70.310461 3.090993 0.125000 5.172956 
18.642365 30.544438 20.631505 43.318631 3.513020 0.125000 1.486207 
