59.600749 0.595764 58.312240 45.737383 7.710937 0.125000 64.985561 
51.569992 75.625356 51.598232 0.624425 2.509884 0.125000 83.921026 
99.145220 31.713625 107.083097 33.389102 5.666671 0.125000 1.967896 
70.182680 30.616458 70.619027 71.875063 3.855543 0.125000 32.895038 
135.450476 0.609555 134.826818 58.129899 4.088585 0.125000 54.525521 
90.750603 4.334396 91.157347 30.636098 5.347313 0.125000 47.634464 
110.174881 29.470637 109.605925 4.483592 8.067160 0.125000 49.420807 
128.376025 43.083757 122.445396 6.986657 3.480195 0.125000 30.083379 
68.124714 18.143094 79.391650 18.321093 2.637907 0.125000 5.219043 
73.262578 5.153496 65.512387 4.534122 4.036819 0.125000 1.034919 
80.622747 80.516618 36.839701 81.426580 2.525434 0.125000 20.297755 
78.152840 5.049097 74.346548 4.991061 3.806735 0.125000 0.164584 
114.430086 74.638204 89.326840 75.552044 5.360482 0.125000 36.242781 
132.003750 33.103171 129.014885 15.474127 3.509555 0.125000 2.278091 
81.889778 21.463378 68.122022 21.706063 2.675855 0.125000 3.403198 
127.497321 70.642881 128.252994 44.342762 3.109286 0.125000 39.900544 
84.341004 46.906162 84.613964 14.356039 7.688411 0.125000 46.622975 
86.672261 71.904221 86.344528 55.610527 2.750870 0.125000 13.710934 
117.138732 0.598363 116.867941 10.624809 1.452028 0.015625 4.680034 
73.097124 78.878612 88.119944 78.034968 1.808725 0.125000 0.797908 
174.432592 78.323101 155.602162 77.292132 2.906274 0.125000 20.315323 
116.725919 15.613640 116.829225 25.625472 1.353113 0.031250 1.970764 
116.738444 26.865713 116.628321 58.128534 3.754380 0.125000 11.939636 
99.833193 34.375763 99.770773 71.875659 1.308257 0.125000 13.192832 
99.522043 6.875877 99.387825 29.375077 1.346915 0.125000 5.583124 
96.875000 29.375000 96.875000 6.875000 1.250000 0.125000 5.583124 
84.493518 74.706952 73.026932 75.566014 4.299840 0.125000 4.557628 
116.509265 59.366324 116.212208 71.888930 1.546086 0.125000 4.680034 
67.174526 8.118632 67.334459 15.641806 2.579138 0.125000 0.164584 
110.651056 126.970466 110.161982 114.296396 9.992563 0.125000 23.170368 
130.067184 14.490290 127.188125 0.560283 4.431394 0.125000 8.488164 
97.173888 69.376980 97.397474 35.628461 2.491664 0.125000 33.230150 
71.726844 51.795386 84.408870 52.571675 3.972110 0.125000 5.882676 
69.035352 91.766199 67.825686 109.440069 9.241707 0.125000 18.472498 
148.442603 15.631952 148.771954 0.584442 7.689674 0.125000 5.975286 
153.302100 73.125069 153.324987 14.374591 2.521913 0.125000 69.770588 
107.980984 143.299714 110.799917 125.455167 9.032915 0.125000 30.426496 
82.380853 116.881493 82.454863 96.867899 8.754563 0.125000 21.558277 
91.933193 108.129119 91.046674 120.654844 7.216538 0.125000 7.127536 
81.448714 133.308816 82.806942 117.986006 6.556695 0.125000 16.468221 
49.470607 4.375540 49.131417 64.373623 1.306513 0.125000 31.772734 
92.162538 121.788123 91.348795 130.803165 6.337067 0.125000 1.602836 
146.299144 48.116040 146.804699 15.623906 3.866227 0.125000 39.150202 
67.752025 68.129742 67.545259 51.866479 1.424698 0.125000 1.697763 
35.653983 66.440826 49.426056 67.360160 1.994909 0.125000 3.776944 
129.368162 80.139256 89.376087 80.702213 2.710882 0.125000 11.960853 
113.925553 69.384333 114.275436 39.373839 1.585079 0.125000 11.001664 
91.011447 131.605723 92.945640 143.360200 7.400480 0.125000 0.884866 
46.970517 39.373918 46.531610 0.628890 2.613113 0.125000 18.759088 
66.934219 125.320478 65.360250 137.936013 9.613555 0.125000 8.897313 
89.259327 46.878274 89.896591 69.395615 1.532397 0.125000 5.219043 
0.589307 60.975511 34.370875 64.415505 2.003369 0.125000 23.245778 
168.143446 49.341821 167.535912 71.892805 4.152600 0.125000 33.536995 
174.464228 86.419604 156.903630 82.978877 1.997591 0.125000 10.098574 
83.486699 96.952514 83.772042 81.816503 7.734275 0.125000 17.477729 
68.560779 81.833923 68.776827 90.700492 10.027482 0.125000 3.451497 
127.798521 105.624633 127.825233 81.874663 2.502810 0.125000 12.049956 
163.942445 19.549449 156.389255 0.820900 5.328831 0.125000 11.343139 
156.760626 80.480072 174.587163 82.325110 3.987449 0.125000 9.990166 
40.690722 64.071256 23.198278 60.286338 2.607781 0.125000 3.274964 
21.871715 60.663703 0.563023 58.855275 1.562638 0.125000 7.389304 
132.389192 90.220736 135.360112 103.185699 3.477676 0.125000 0.731012 
56.999333 46.866475 57.092760 75.628353 5.089302 0.125000 21.848172 
36.857575 78.765923 50.631378 79.140401 1.521315 0.125000 1.970764 
60.586917 109.577498 59.333836 117.076983 5.752529 0.125000 0.434640 
163.633056 40.597734 163.303571 19.352844 2.809840 0.125000 14.686571 
161.982499 73.143268 162.386598 43.115063 4.069243 0.125000 40.871437 
120.090510 48.098638 120.828081 68.117518 1.387223 0.125000 3.776944 
