148.141611 65.245085 138.145254 65.435925 3.820895 0.125000 3.508045 
41.794885 72.786271 60.619177 74.441230 2.928286 0.125000 13.631274 
139.308380 58.153350 149.346694 57.605936 2.904678 0.125000 0.883796 
90.502738 40.409842 104.209102 42.029185 3.724099 0.125000 9.449320 
74.328631 23.035934 89.202022 15.292737 5.149292 0.125000 5.729293 
71.885993 70.980566 86.914448 71.165266 5.168598 0.125000 11.550453 
74.411672 6.978932 89.712035 1.580174 6.725718 0.125000 14.787699 
156.905633 68.125701 156.276339 95.639897 5.027275 0.125000 45.114425 
129.308746 86.564390 134.043148 66.501714 5.372297 0.125000 9.868909 
163.064396 84.767223 174.429346 86.523279 3.043316 0.125000 3.403198 
159.866955 35.661817 158.364596 55.736479 4.239758 0.125000 33.230150 
0.638436 15.550295 24.950899 19.922900 7.452254 0.125000 29.044269 
64.373772 76.698463 41.857472 76.855078 3.793381 0.125000 18.513886 
90.403390 19.358769 91.782654 0.526686 3.831288 0.125000 12.688468 
104.083291 0.586818 105.628765 39.374850 4.244683 0.125000 50.389319 
148.733366 96.891370 149.542760 66.812242 5.435301 0.125000 58.659938 
128.186213 1.982397 110.675223 11.963115 3.257958 0.125000 16.190856 
173.812862 0.595241 171.228780 49.406964 5.587748 0.125000 88.086398 
164.483684 54.425758 165.188398 35.561992 4.167372 0.125000 35.005105 
138.617664 66.832396 136.997532 95.631893 4.641065 0.125000 41.820163 
112.444804 23.104382 131.217543 14.403443 4.259232 0.125000 19.324164 
149.739328 55.675675 150.605418 28.085147 6.129265 0.125000 60.346391 
68.439055 75.630992 69.869851 0.634441 8.843781 0.125000 153.409841 
108.995672 68.190097 110.494248 19.370986 7.343059 0.125000 77.849426 
168.757182 51.390615 166.012203 61.975414 4.257495 0.125000 8.533210 
142.059770 28.027103 139.397827 56.991976 5.335807 0.125000 58.753595 
105.065975 40.612748 104.298052 75.650710 3.184138 0.125000 45.808266 
30.247667 16.918687 29.999844 0.596534 7.518112 0.125000 33.789270 
133.433191 14.214527 131.878563 23.338592 4.326598 0.125000 5.946800 
85.744005 32.174458 76.471399 35.859398 2.561634 0.125000 1.697763 
103.143954 77.525731 71.846192 76.535807 4.103776 0.125000 34.605983 
85.630512 26.820424 73.131756 25.558102 3.479808 0.125000 1.198571 
13.114724 72.274258 33.133635 72.789494 1.732004 0.125000 17.323294 
109.147767 19.390104 109.425418 0.588825 7.591470 0.125000 16.407087 
72.998878 46.864169 88.221672 45.341424 5.472840 0.125000 8.282591 
174.390449 89.986111 163.128417 89.930681 4.999939 0.125000 14.486264 
66.282100 114.418707 68.870228 75.508281 6.150422 0.125000 75.515805 
90.121087 53.086502 89.027488 31.892932 2.561093 0.125000 4.557628 
130.437751 27.310313 126.909092 35.925000 8.097063 0.125000 0.341111 
0.964355 0.615682 0.849128 11.877293 1.365037 0.015625 3.686185 
38.236950 19.320439 35.594673 74.433475 3.506258 0.125000 89.597941 
14.003766 18.105016 11.040757 73.147381 3.946154 0.125000 58.382683 
22.764196 109.032523 0.152516 111.902687 11.494431 0.125000 62.137930 
33.133636 75.771481 0.616063 75.516993 3.994445 0.125000 55.480163 
44.913794 3.199480 43.873036 10.728404 2.989948 0.062500 0.293299 
46.546258 21.789444 47.718562 34.412745 2.836053 0.125000 2.680153 
63.246555 130.507686 174.423466 118.576616 3.734619 0.125000 141.641066 
86.231292 65.694066 87.106734 58.009004 3.191328 0.125000 1.653093 
114.215374 12.833101 131.896417 3.164164 1.799241 0.125000 10.098574 
91.999906 61.879862 91.755091 68.168991 2.643973 0.125000 1.067674 
124.510982 39.478679 123.760134 49.516018 8.818867 0.125000 18.696634 
38.740846 0.584855 38.366447 18.156778 6.541483 0.125000 15.190328 
128.302141 48.129822 128.352705 59.379595 5.016779 0.125000 5.336485 
134.855767 38.318968 136.577992 22.951626 4.133594 0.125000 23.491411 
131.246031 6.873485 114.730136 15.088945 2.823870 0.125000 7.917544 
139.618969 23.604457 137.285527 0.457602 8.956629 0.125000 44.969416 
7.575351 70.661086 10.026243 23.094149 3.578312 0.125000 64.689538 
134.110100 65.623171 134.291446 39.357163 4.999881 0.125000 35.569547 
97.334690 68.170647 98.219496 59.260258 5.469602 0.125000 1.783865 
164.459382 126.374418 83.114709 135.533600 3.619817 0.125000 87.100621 
26.960519 133.210152 28.255851 112.894245 8.891344 0.125000 66.280813 
154.847406 31.848818 154.087847 54.407420 1.951748 0.125000 11.001664 
174.384921 136.944198 130.638105 143.216404 2.647612 0.125000 24.507854 
1.775194 138.946556 10.903407 136.820133 3.852785 0.125000 6.985969 
35.392928 78.096375 36.131515 104.360756 2.885526 0.125000 30.257893 
72.561409 58.082996 73.247268 69.291026 3.819348 0.125000 4.480242 
108.428947 82.104310 109.477641 69.281167 5.821658 0.125000 28.798057 
26.964986 142.658543 51.922919 139.792250 2.341056 0.125000 8.275987 
103.369344 84.366502 103.978782 101.888781 2.585388 0.125000 4.658263 
32.746630 70.666598 34.716472 29.391297 2.261571 0.125000 9.741766 
44.121963 36.851240 44.479218 70.637116 3.723357 0.125000 45.104796 
48.739836 54.384753 48.997853 38.119017 1.467926 0.125000 5.219043 
161.883310 11.588966 148.108621 11.188786 1.648767 0.125000 2.576231 
139.423101 95.666287 145.712884 95.916590 3.747034 0.062500 0.293299 
107.260739 101.907722 108.436673 88.045402 3.124998 0.125000 1.967896 
144.789688 114.222545 146.636567 104.103343 3.064061 0.125000 1.720471 
163.782849 0.611722 163.985114 10.632869 1.426318 0.031250 3.914505 
