57.344736 0.542551 54.397142 73.125899 5.617168 0.125000 80.746777 
70.633432 9.423421 60.607611 9.353069 4.999877 0.125000 3.782874 
50.426558 66.876263 50.506121 0.624857 2.534525 0.125000 45.947094 
74.822961 20.625548 74.815273 9.375553 2.506833 0.125000 3.456020 
122.643305 29.362380 121.822551 60.689125 4.043360 0.125000 21.486269 
115.843290 24.535796 114.334631 3.127845 7.393574 0.125000 20.933718 
65.436681 34.370334 65.519102 53.125465 3.788416 0.125000 7.479874 
84.620893 9.337524 84.945669 33.134271 5.272467 0.125000 42.584446 
122.315655 0.628907 122.436321 25.622290 5.036151 0.125000 22.624128 
103.320059 34.501756 102.385272 8.285087 7.717947 0.125000 41.444898 
92.979396 34.973927 100.028333 36.687581 5.777827 0.125000 2.036308 
117.334861 46.808806 115.345058 32.985366 3.186874 0.125000 7.689797 
64.321871 21.680295 73.175294 22.126025 2.811099 0.125000 5.583124 
76.895941 25.020849 64.368581 25.427041 2.741742 0.125000 0.883796 
80.349744 73.147617 80.756925 55.599057 2.847280 0.125000 20.844003 
78.707744 54.369264 78.834882 11.869645 7.578494 0.125000 78.287697 
116.845309 73.124514 117.275369 46.861087 4.138348 0.125000 25.750214 
120.245052 64.361342 119.884427 74.393313 2.767819 0.125000 2.576231 
68.095908 54.089615 78.124485 54.392070 3.899024 0.125000 5.096624 
165.633077 77.783627 136.869604 77.103031 1.841030 0.125000 24.777277 
90.200644 71.872045 90.444380 36.873742 1.476301 0.125000 11.416468 
109.440670 0.625994 108.929799 34.387178 4.203476 0.125000 30.484120 
130.638575 6.887794 137.286186 -0.165561 4.443645 0.125000 5.096624 
93.493760 36.879586 93.058383 71.889716 2.546437 0.125000 26.431758 
106.890505 75.062357 83.096219 75.599096 4.115512 0.125000 24.921977 
108.643641 35.624776 108.659851 73.125309 1.266210 0.125000 16.420204 
93.125000 11.875000 93.125000 31.875000 1.250000 0.125000 3.776944 
130.058989 53.109634 131.212879 10.607024 3.680772 0.125000 51.924356 
149.368766 74.737144 164.385834 74.995646 2.564172 0.125000 6.829207 
75.190720 136.954812 77.297574 115.421739 6.342019 0.125000 24.021735 
65.955193 56.872353 66.085553 73.131330 1.370222 0.125000 1.067674 
69.388225 79.995516 51.869542 80.368889 2.658959 0.125000 4.658263 
135.094179 71.885375 135.816116 21.841692 3.767641 0.125000 51.020095 
90.571090 31.874433 90.781602 11.876649 1.289404 0.125000 3.776944 
106.872646 1.035134 94.373058 0.963395 1.321720 0.062500 0.465614 
115.629231 79.580499 95.611980 79.992626 1.609959 0.125000 7.870688 
101.830976 133.119666 103.622052 118.336669 9.927402 0.125000 32.946979 
61.893815 89.312352 61.388841 119.387825 12.771041 0.125000 87.223730 
102.812051 118.342359 101.630193 103.047328 8.916597 0.125000 27.755130 
78.146749 75.301874 66.902940 75.565711 2.675252 0.125000 0.883796 
46.571906 39.376145 46.449120 6.876609 1.344442 0.125000 11.904754 
106.517023 70.622703 106.709507 40.623938 1.426422 0.125000 11.001664 
76.458719 114.418938 78.180606 81.746178 8.935229 0.125000 22.263435 
84.289509 110.593811 84.893480 133.144592 6.682823 0.125000 28.554031 
169.900555 0.374636 168.608919 17.009631 5.940947 0.125000 38.786274 
147.553976 53.106696 146.912246 73.126194 3.908269 0.125000 19.023505 
0.688054 62.625492 48.219610 68.625507 2.781187 0.125000 22.695920 
167.597038 25.611777 167.373158 76.877175 5.152799 0.125000 97.640625 
174.393149 83.695755 138.102260 82.726068 2.365556 0.125000 11.832720 
63.235227 69.373867 63.081122 54.375451 1.262777 0.015625 2.951974 
143.722073 43.066737 141.426398 19.540750 4.733566 0.125000 24.890011 
116.644157 103.120270 117.105523 80.604110 1.951298 0.125000 3.456020 
83.362209 49.372163 83.616359 70.619123 1.504079 0.125000 3.776944 
120.209011 80.548099 122.515795 105.565915 3.425355 0.125000 9.010332 
84.824242 133.796026 87.122331 140.540728 5.135964 0.125000 2.036308 
65.818964 81.746618 65.183558 86.973296 2.934283 0.125000 0.164584 
138.114450 79.677265 173.115439 80.898924 1.728871 0.125000 20.315323 
64.375000 4.375000 79.375000 4.375000 1.250000 0.125000 0.164584 
35.634800 64.270511 6.903061 61.575808 1.828154 0.125000 14.686571 
48.125000 29.375000 48.125000 65.625000 1.250000 0.125000 15.517114 
141.918235 73.151293 142.503555 44.362365 2.880619 0.125000 37.191274 
101.952372 140.673243 107.630528 131.566685 4.242804 0.125000 1.967896 
154.901343 62.955307 149.775200 53.590149 5.586309 0.125000 1.992002 
54.675191 120.572209 56.844956 132.910463 3.328212 0.125000 3.662037 
61.906725 81.488727 58.929092 90.879950 5.085809 0.125000 2.246834 
159.549203 72.538804 153.226135 62.291302 6.473340 0.125000 9.277472 
95.971676 107.071504 87.462530 109.110849 6.660545 0.125000 14.541222 
111.875000 49.375000 111.875000 69.375000 1.250000 0.125000 3.776944 
165.404198 142.125360 152.089082 130.382260 1.542934 0.031250 0.566731 
