86.157346 4.366833 86.387716 19.382476 4.980236 0.125000 11.021859 
75.657299 3.418215 88.143486 2.042817 3.727454 0.062500 1.160094 
77.716256 14.539425 72.084934 0.540550 5.811590 0.125000 9.430952 
85.806132 19.253958 87.836100 43.255157 6.841241 0.125000 32.215913 
125.809635 15.353908 134.113257 21.009308 4.177225 0.125000 3.662037 
125.850675 25.299942 136.756438 22.639065 4.235716 0.125000 1.967896 
93.838954 43.122272 93.908929 29.372628 2.544497 0.125000 5.096564 
115.706104 43.183761 115.135684 31.836760 4.742658 0.125000 15.564217 
105.226870 31.861475 105.406070 43.148322 2.658434 0.125000 5.583124 
74.770448 64.412344 75.878208 15.602377 6.220029 0.125000 62.281558 
96.087051 44.353687 96.607541 55.637337 2.670140 0.125000 2.510782 
102.952559 66.887791 100.257789 30.559516 5.404164 0.125000 30.330921 
87.525303 50.597426 86.714431 68.232568 3.746042 0.125000 11.688648 
141.667500 41.875399 141.597726 5.625534 2.557739 0.125000 36.781144 
92.404090 29.173500 91.256103 11.916170 6.402155 0.125000 23.291064 
118.195532 69.249193 104.265091 70.123192 7.954911 0.125000 8.840661 
120.731844 45.622946 121.020522 60.641424 2.691718 0.125000 5.096624 
156.297086 0.435130 154.715602 15.660379 3.988223 0.125000 1.939155 
156.110052 18.835697 166.252956 4.448996 6.431110 0.125000 16.130864 
95.551773 71.857921 95.642462 78.106605 2.572295 0.125000 0.164584 
132.254915 60.864787 139.825339 48.870287 4.782816 0.125000 4.820313 
138.610781 13.105930 138.267112 26.878546 2.530404 0.125000 2.680153 
122.095248 39.433842 125.150405 27.998207 2.977663 0.125000 0.426994 
124.545122 66.869981 123.954549 46.850528 2.978079 0.125000 22.371880 
78.525170 51.993336 80.939417 69.331218 2.617218 0.125000 1.967896 
147.070710 29.696288 143.246968 46.902106 3.118334 0.125000 6.467797 
95.521344 80.623216 94.940402 114.384729 5.257330 0.125000 78.507364 
162.490119 114.115563 142.992984 108.590898 8.218407 0.125000 9.362510 
115.463268 125.632689 115.224883 81.863563 6.406490 0.125000 93.775808 
21.093667 0.499365 20.224307 23.205378 7.590158 0.125000 30.709616 
145.048714 88.278608 141.066950 73.340385 4.105336 0.125000 7.405795 
104.367582 24.989527 118.130298 24.828864 2.645742 0.125000 4.232717 
119.633409 26.867690 120.022090 40.606694 2.499000 0.125000 3.403198 
143.435634 48.153584 141.372106 70.578724 3.734224 0.125000 9.867370 
133.300771 67.148417 132.507323 60.403568 5.257839 0.125000 2.847294 
21.876206 78.006056 68.121450 78.475070 2.259014 0.125000 19.163995 
144.032468 107.622314 149.861684 90.793580 5.859495 0.125000 2.816107 
160.162050 9.727285 161.703920 0.811587 3.861809 0.125000 3.403198 
73.737422 76.891678 73.442484 65.616695 1.543757 0.125000 1.970764 
100.480005 104.372821 100.855919 79.359685 3.843495 0.125000 29.800836 
107.768418 65.616441 108.188226 48.126518 1.429610 0.125000 1.970764 
174.473435 115.775644 162.979811 114.746520 6.448051 0.125000 12.898161 
148.263737 92.250603 144.381104 86.084114 3.839387 0.125000 3.456020 
0.522519 65.545139 20.787483 63.983496 4.507249 0.125000 6.767599 
150.311276 45.624601 150.330356 30.623035 3.761126 0.125000 10.390293 
113.134953 11.863770 122.999413 20.606290 4.251810 0.125000 8.084162 
22.340684 66.777905 21.217221 75.853059 3.721591 0.125000 4.248691 
91.139584 61.880491 91.299639 46.882199 2.553213 0.125000 5.962107 
107.029270 143.226363 106.461949 123.101406 7.708362 0.125000 23.059025 
95.985642 126.520136 98.901547 139.754719 9.082967 0.125000 12.635994 
105.521543 84.371323 104.410577 115.626265 3.348001 0.125000 15.241215 
129.506553 55.337424 127.163719 64.449236 2.421245 0.125000 0.820776 
15.682085 68.070154 0.656659 68.787827 2.616427 0.125000 2.249350 
143.817962 7.437120 152.601807 16.141562 4.423385 0.125000 4.557628 
172.739479 76.867021 172.557919 85.639135 1.952064 0.125000 0.820776 
86.819836 76.875197 86.886943 95.633901 4.999968 0.125000 13.913139 
156.462297 27.880332 162.697610 17.362678 2.600739 0.125000 0.050694 
96.055950 114.463119 95.680475 126.951831 6.472564 0.125000 11.021859 
23.577808 24.369855 24.032367 64.378893 1.704346 0.125000 35.284902 
73.615987 91.877995 73.692288 79.370835 1.318607 0.031250 0.255185 
123.973011 95.619167 124.208755 79.372588 2.644825 0.125000 12.807844 
87.192399 96.778699 86.471953 113.107217 7.492710 0.125000 32.159369 
11.625682 39.112709 8.294480 58.154649 6.002222 0.125000 46.687601 
123.264029 108.255264 122.218084 99.334773 2.482990 0.125000 2.873854 
18.134226 23.864082 11.688103 39.518606 5.643312 0.125000 15.157967 
135.474924 89.414859 133.367120 81.478700 3.945216 0.125000 0.218275 
115.684634 19.110028 103.154844 18.616819 2.399734 0.125000 0.883796 
69.710669 76.881038 69.207136 0.626108 1.274735 0.125000 39.447077 
