28.159894 72.680476 13.140522 72.371196 5.153348 0.125000 9.752547 
14.441767 50.415812 30.625171 49.377661 4.062396 0.125000 9.505731 
88.122173 56.463472 98.703735 48.484753 3.485220 0.125000 1.967896 
25.993007 29.359160 25.768178 41.877571 1.451814 0.007812 5.655071 
85.593123 55.595865 85.223978 71.837475 2.811788 0.125000 0.294986 
80.694020 69.402527 79.914985 0.604731 5.594128 0.125000 73.284633 
23.217691 44.393507 23.459096 26.879605 2.723725 0.125000 13.192832 
84.360816 46.141121 114.397914 45.560578 2.958477 0.125000 30.691227 
50.619963 70.451347 66.856300 69.980353 2.680177 0.125000 9.642303 
66.968919 61.868789 67.297967 0.620557 4.011846 0.125000 80.734927 
115.661620 46.873866 116.165560 63.146970 3.632130 0.125000 12.171350 
30.282297 51.514716 27.886925 62.103907 6.647565 0.125000 5.141086 
168.131742 0.616788 167.545517 89.371173 3.061360 0.125000 119.123300 
0.520795 78.538694 10.674655 77.273509 2.326260 0.125000 1.697763 
95.635451 77.134123 88.091444 70.937701 3.242896 0.125000 0.883796 
50.444755 82.465233 65.429253 81.050985 6.269872 0.125000 9.649660 
76.911324 28.125176 76.783838 54.374557 1.268198 0.125000 8.292394 
86.222269 30.609755 86.573823 44.382688 2.658665 0.125000 10.098574 
65.708234 73.464398 52.760732 76.639653 5.726176 0.125000 8.233892 
148.143222 86.410721 83.062268 87.920049 8.280488 0.125000 129.602626 
44.368558 61.750073 58.210663 61.036338 3.745025 0.125000 14.686571 
13.105292 80.819249 0.609647 81.052505 2.616213 0.125000 3.370729 
156.901823 82.181406 165.693872 81.411742 2.817503 0.125000 3.776944 
76.875000 0.625000 76.875000 23.125000 1.250000 0.125000 5.583124 
138.028074 79.976573 149.189719 81.774949 3.064679 0.125000 1.855669 
10.078969 16.874987 10.077829 64.375017 1.251141 0.125000 22.741834 
109.796388 55.557821 111.576427 66.723320 2.272030 0.125000 0.797908 
148.375248 0.620495 149.095565 40.630031 2.837108 0.125000 25.865094 
133.301046 74.387008 132.997424 15.625659 3.775785 0.125000 64.253141 
148.203032 67.206156 139.304896 66.450486 3.019908 0.125000 5.219043 
165.660147 85.868925 155.628721 85.518476 2.716687 0.125000 0.883796 
137.978760 23.124860 137.945293 58.124828 2.521513 0.125000 22.329341 
60.120876 59.423124 58.820137 45.797295 3.201406 0.125000 3.048414 
165.821393 90.345419 155.485791 92.437139 2.960801 0.125000 0.218275 
64.562718 11.823559 61.520568 0.722126 1.750388 0.062500 0.616176 
60.593789 46.879064 62.235891 59.490766 1.885111 0.125000 0.820776 
136.867734 60.995219 146.888407 61.191887 2.573103 0.125000 2.576231 
60.006922 45.831012 64.050792 33.426816 2.402996 0.125000 1.720471 
142.811972 0.330850 135.552185 8.056576 1.876789 0.062500 1.669734 
173.224041 63.102059 170.898376 53.061678 2.717588 0.125000 3.456020 
156.328032 20.637233 156.545476 8.141017 3.836423 0.125000 12.058439 
124.522819 69.072788 131.046334 72.263594 2.270178 0.062500 0.465614 
109.637235 29.382442 110.454533 0.584686 3.535722 0.125000 11.832543 
74.605579 84.384872 75.355729 66.863472 1.890469 0.125000 0.923527 
165.706710 68.324691 156.912688 67.640552 2.783325 0.125000 3.776944 
129.578185 7.140101 138.107846 0.602618 4.103862 0.125000 0.923527 
165.704810 22.145551 159.341123 22.479567 2.496563 0.062500 1.669734 
84.368560 100.180788 136.911881 99.419071 4.908878 0.125000 48.261750 
50.624314 99.530332 75.625087 99.514670 3.757830 0.125000 7.466030 
117.323873 56.851741 123.994333 61.207904 3.460144 0.125000 2.576231 
130.805790 75.289071 117.983312 68.388273 1.352869 0.125000 0.164584 
10.054188 0.608923 9.806953 9.387166 1.460655 0.031250 1.681407 
135.815803 20.893132 147.417495 12.637358 3.055376 0.125000 0.434640 
45.517494 88.997456 48.616566 98.375629 1.748749 0.062500 0.616176 
93.799510 43.739817 87.741968 25.754003 4.750776 0.125000 10.056191 
30.462113 23.129108 29.988710 4.359521 1.596292 0.125000 7.389304 
139.311365 98.460661 166.867314 99.566528 4.147978 0.125000 30.377188 
8.125000 46.875000 8.125000 24.375000 1.250000 0.125000 5.583124 
156.451117 35.637048 156.130608 24.360629 1.533611 0.125000 4.680034 
66.593514 130.622969 66.535838 103.123090 3.786694 0.125000 23.093660 
75.625000 16.875000 75.625000 0.625000 1.250000 0.125000 0.164584 
15.625000 41.875000 15.625000 28.125000 1.250000 0.062500 0.616176 
151.959353 16.875629 152.080559 0.626533 1.305908 0.125000 1.067674 
