119.125202 54.671630 129.461244 56.341015 3.049944 0.125000 0.050694 
112.544675 63.939872 119.821485 56.036066 4.160325 0.125000 1.036501 
129.399129 35.263476 159.377019 34.449347 4.121898 0.125000 35.291851 
112.729359 74.512616 111.250047 56.822731 3.945291 0.125000 6.729638 
128.363567 54.376771 128.465715 40.618249 8.749759 0.125000 14.796742 
134.369212 1.160258 156.877859 0.977971 2.672007 0.125000 17.321641 
129.966290 42.482202 126.979035 33.091904 3.381833 0.125000 0.426994 
159.927489 30.641106 160.128814 8.109398 3.917378 0.125000 46.565806 
158.150806 6.215831 131.888444 6.583993 3.907325 0.125000 49.846574 
130.713968 0.625959 130.376964 31.885802 2.782833 0.125000 24.701793 
117.386041 34.355565 117.089505 45.630642 2.597727 0.125000 3.456020 
91.855734 1.521881 114.367505 1.251333 2.604970 0.125000 21.838744 
115.625433 6.785188 89.370017 6.658597 3.816251 0.125000 39.064127 
38.679706 41.888714 38.432271 29.344283 2.499514 0.125000 4.232717 
88.721506 3.306173 86.898891 47.032305 7.024972 0.125000 52.700625 
71.899730 30.687980 43.136173 30.088719 2.916048 0.125000 33.775689 
49.490875 76.082612 44.237626 75.314402 3.016301 0.125000 0.164584 
117.633644 30.614837 118.254960 0.575979 5.438366 0.125000 32.039963 
27.847738 0.616039 27.627665 38.122082 2.675984 0.125000 40.881460 
73.633760 0.598931 72.622334 29.357321 3.245350 0.125000 43.569927 
38.111110 74.402783 38.814410 43.112400 3.917585 0.125000 29.481910 
68.297186 77.300078 52.923346 74.091103 3.670886 0.125000 15.342551 
39.661442 28.219522 40.600410 0.539361 6.754946 0.125000 97.522519 
46.847268 26.629322 68.150057 27.217558 3.051099 0.125000 35.385094 
65.826643 6.834449 65.293706 20.612185 2.836337 0.125000 9.366697 
162.671551 30.872114 174.827533 25.375861 3.307944 0.125000 7.689797 
69.650011 25.632669 70.312745 1.866293 2.777774 0.125000 21.207173 
111.874548 83.160650 79.379762 82.749042 5.062928 0.125000 23.772033 
68.362896 58.067254 67.915640 75.587746 3.780678 0.125000 17.040467 
55.647406 56.337699 66.825839 56.803862 3.902990 0.125000 2.249350 
40.627352 33.102422 55.723965 34.674861 4.325609 0.125000 5.388241 
26.391062 36.831374 0.757325 21.651546 3.340877 0.125000 26.689219 
64.405453 22.087375 50.667286 21.684182 2.865622 0.125000 14.081748 
69.374608 0.911488 48.124648 0.882428 1.275640 0.125000 1.697763 
83.053625 48.308325 106.781030 46.720645 3.574723 0.125000 3.344873 
45.661586 0.625978 44.992746 25.641517 3.067065 0.125000 29.683823 
152.891730 37.843846 135.769885 52.049626 2.558317 0.125000 4.057129 
131.351183 65.400597 135.552372 55.593886 2.133467 0.125000 1.970764 
49.891150 20.636785 50.147884 9.392647 1.477942 0.125000 1.697763 
55.776960 39.166080 52.662137 55.536933 7.775343 0.125000 25.698953 
113.566478 96.855914 113.024746 84.325293 8.957796 0.125000 13.104592 
38.087218 78.122729 38.115325 93.122676 2.525760 0.125000 5.096624 
0.259473 114.738378 33.323714 101.107001 3.274073 0.125000 47.567257 
116.643777 125.804992 114.976336 100.502994 8.813260 0.125000 54.214767 
65.225807 99.941025 51.921967 90.558405 3.301053 0.125000 2.089640 
87.881170 119.363903 88.074753 136.916911 11.359594 0.125000 53.205733 
131.260101 121.884232 130.950731 143.166077 7.535546 0.125000 26.853021 
118.316427 143.370574 117.016790 124.537738 7.051922 0.125000 35.569547 
87.342933 100.495869 86.594775 119.511516 11.339587 0.125000 57.793000 
58.133572 86.706468 69.291132 87.273956 5.247523 0.125000 6.905508 
166.613535 143.079256 156.131819 131.285503 10.471610 0.125000 0.483390 
143.090398 72.992755 154.537884 69.997529 2.474931 0.125000 0.797908 
51.811745 10.286819 64.792816 7.858768 6.832920 0.125000 18.096445 
142.154347 88.851124 127.596702 81.700547 10.058101 0.125000 26.119476 
164.893894 26.884723 165.386054 0.620522 1.671329 0.125000 20.032564 
45.259162 88.736625 50.202175 95.582798 5.517247 0.125000 2.742210 
174.386175 86.341522 156.841505 85.974010 2.499452 0.125000 6.848509 
145.680110 125.332454 133.678629 123.071594 9.292976 0.125000 10.562660 
152.778915 133.632617 148.706469 128.674063 4.484607 0.125000 0.883796 
148.403181 140.476578 143.142063 130.615896 1.765251 0.125000 1.067674 
152.659882 108.516429 145.461811 101.936153 3.373618 0.125000 0.883796 
154.016968 58.847695 144.551224 70.530562 3.466613 0.125000 2.536664 
21.875000 0.625000 21.875000 30.625000 1.250000 0.125000 10.098574 
153.718607 95.982093 142.749512 88.689811 4.850040 0.125000 4.934975 
3.303855 29.041925 24.486817 40.416767 3.976618 0.125000 19.897954 
163.125000 11.875000 163.125000 26.875000 1.250000 0.125000 0.164584 
29.397653 110.675724 14.564817 117.300029 1.407270 0.125000 0.820776 
146.866068 81.972374 138.075374 81.165982 1.587332 0.062500 0.465614 
29.287726 117.984677 17.812120 125.121937 3.184350 0.125000 3.851484 
18.669932 29.381335 18.411437 0.611195 2.724511 0.125000 19.604676 
89.636519 59.156331 96.413283 67.261065 2.562593 0.125000 1.697763 
