112.739655 51.942918 110.606237 0.573865 3.950186 0.125000 98.947600 
84.346109 53.137747 113.109614 52.466096 3.924061 0.125000 35.748456 
75.761921 94.374552 75.655625 61.874900 2.589930 0.125000 24.707834 
115.051652 98.090024 113.243982 63.118850 4.477120 0.125000 56.985367 
75.145824 55.627468 74.862482 0.622489 2.763963 0.125000 60.318531 
83.177670 61.874921 83.226359 94.376721 3.746251 0.125000 38.345628 
166.456671 73.558147 163.708582 62.973485 4.211305 0.125000 6.953153 
82.759111 0.604160 83.308352 56.848796 4.299088 0.125000 96.275890 
165.452647 63.112042 166.293712 51.925276 4.704782 0.125000 5.664267 
125.915385 0.622320 126.745937 90.626191 4.280425 0.125000 124.948962 
9.375035 60.624337 0.517455 60.155107 3.744749 0.125000 9.195484 
73.132573 62.867734 26.875729 63.220588 1.354848 0.125000 21.838744 
113.236810 62.690445 85.547285 64.189385 7.051682 0.125000 49.460455 
24.418517 64.346875 25.071084 94.359865 4.075179 0.125000 33.789270 
127.244363 93.123293 127.186202 123.125603 2.543612 0.125000 23.020650 
11.716336 105.662370 10.489356 59.411760 4.146475 0.125000 57.529875 
174.410353 78.084172 169.345683 77.945463 2.635950 0.031250 2.447038 
151.899344 72.903814 164.385668 74.278073 2.211493 0.125000 0.820776 
24.448220 30.625023 24.439366 59.375405 2.506544 0.125000 22.232338 
25.625445 60.471258 73.125047 60.608763 2.547031 0.125000 23.646220 
72.712455 66.868354 72.450408 83.134270 1.511595 0.125000 1.855669 
129.697147 90.619758 130.163192 8.122391 2.605881 0.125000 74.752495 
0.391903 50.215579 9.316971 48.961887 3.191906 0.125000 4.680034 
24.691894 96.843581 25.575323 105.753859 4.101691 0.125000 2.847294 
165.611075 76.099951 151.836267 75.696092 2.462294 0.125000 5.096564 
77.516603 8.128899 77.804995 53.127051 1.514339 0.125000 27.624343 
117.431766 0.610101 120.007329 96.858079 3.502233 0.125000 123.891098 
124.601811 98.371952 116.899836 99.538917 3.520426 0.125000 0.797908 
72.274322 0.623878 72.414800 50.626995 1.390463 0.125000 24.548014 
51.884916 52.722731 70.654325 53.185418 2.684068 0.125000 4.057129 
10.128892 48.142648 8.438152 0.613860 2.720610 0.125000 51.688571 
22.041100 106.811169 14.170320 107.913320 3.367072 0.125000 4.680034 
11.434249 0.594914 12.781788 36.841288 3.747411 0.125000 24.206567 
68.526231 50.625766 68.481101 0.624679 2.545128 0.125000 61.574704 
149.630742 74.391514 150.439779 0.622969 2.554683 0.125000 85.609735 
46.881380 64.215911 70.643295 65.168791 1.950202 0.125000 6.953153 
164.356945 91.872166 166.493481 78.261328 3.970300 0.125000 3.294530 
66.809557 80.839157 68.897768 69.288721 4.357327 0.125000 11.925485 
26.875706 83.161034 63.136277 82.450399 2.964884 0.125000 16.748452 
85.624107 81.402609 111.874013 81.352976 1.299631 0.125000 8.292394 
63.174102 68.608092 38.037050 66.998653 3.742337 0.125000 15.157967 
114.573663 114.381290 115.009798 100.605523 2.696522 0.125000 7.870688 
26.865856 51.764401 49.374438 51.945030 1.250000 0.125000 4.680034 
39.363459 66.312530 26.866980 66.102765 1.459619 0.125000 4.680034 
26.875000 64.375000 41.875000 64.375000 1.250000 0.125000 0.164584 
153.622168 0.622608 153.399695 70.629845 2.496015 0.125000 66.406473 
131.875000 79.375000 148.125000 79.375000 1.250000 0.125000 1.067674 
83.035470 97.973504 84.040059 105.668726 2.964398 0.125000 0.820776 
23.262693 28.120476 22.358723 0.609106 1.700880 0.125000 16.420204 
0.480147 103.302300 9.392076 104.206746 1.862224 0.125000 0.164584 
65.830303 0.681712 52.022914 50.665859 7.482135 0.125000 89.397843 
48.125276 54.430965 29.375732 54.523464 1.293151 0.125000 2.873854 
56.847009 92.709136 28.142917 94.641186 2.158570 0.125000 7.475045 
85.508236 92.609736 111.692879 96.770995 2.354254 0.125000 5.101639 
140.011704 25.627438 139.927207 4.372805 1.329499 0.125000 14.614024 
