31.875929 71.749937 20.626549 71.666389 3.796313 0.125000 5.946800 
19.285817 58.169478 19.526776 51.880815 2.641748 0.125000 1.067674 
20.618974 50.447973 30.649901 50.106522 3.960455 0.125000 5.096624 
88.038043 59.268980 96.333663 52.464987 3.247051 0.125000 1.855669 
41.883112 46.485456 26.889614 46.173229 2.629581 0.125000 3.403198 
25.516501 26.194824 39.366322 27.020558 3.296991 0.125000 3.274964 
28.466906 30.608531 28.262540 41.877494 1.453784 0.007812 3.634935 
25.792699 44.383194 25.886656 28.126512 2.593875 0.125000 12.807844 
84.384418 49.893718 109.376179 49.439954 3.726690 0.125000 20.307774 
134.383846 6.864498 133.928912 60.631802 3.834474 0.125000 39.760346 
73.012540 68.129889 73.302683 0.620391 4.002459 0.125000 124.225175 
135.266837 0.326628 127.276502 9.918149 3.520963 0.125000 1.198571 
38.136448 41.129917 31.861332 41.272198 2.612698 0.015625 1.232791 
110.723284 50.620885 111.352454 65.646880 3.537540 0.125000 6.467797 
37.752089 64.253723 38.470571 76.855297 4.099687 0.125000 9.378608 
31.868433 34.300764 38.289345 33.732740 4.176015 0.125000 4.336995 
86.318651 33.095219 86.963774 48.121189 2.712171 0.125000 14.614024 
71.970644 72.426688 60.417753 74.429569 4.285945 0.125000 6.467797 
19.338990 78.754330 0.579613 79.842699 2.206204 0.125000 7.697740 
71.941628 82.762570 55.596068 83.989589 5.547397 0.062500 0.923806 
53.153333 62.458720 63.190360 61.971528 2.678869 0.125000 3.776944 
174.406155 7.901537 153.137809 8.547029 3.067648 0.125000 27.027597 
133.119260 82.736575 86.842421 83.420476 6.267789 0.125000 75.605645 
66.984537 18.076341 67.729837 0.608140 1.994841 0.125000 0.149785 
79.154538 19.352883 81.054222 0.417253 4.975026 0.125000 9.649660 
0.598828 77.880130 16.929475 76.134679 2.087304 0.125000 4.248691 
58.023409 79.510522 71.660095 78.267455 4.642313 0.125000 17.058749 
137.153324 93.110626 138.522183 0.575402 5.417310 0.125000 109.069211 
17.271181 20.618475 16.936807 64.375472 1.460101 0.125000 20.032564 
153.122004 12.767220 174.380981 12.589172 1.417454 0.125000 4.680034 
154.384654 22.377669 174.401277 21.993247 2.691555 0.125000 17.323294 
124.253244 60.632670 124.491220 25.625790 2.720871 0.125000 48.858129 
123.273371 18.262630 133.507494 7.229804 3.864761 0.125000 8.275987 
153.132769 1.654968 174.400391 2.405867 1.469754 0.125000 5.583124 
128.452571 30.625515 128.413267 55.625453 2.521614 0.125000 18.883306 
133.129964 94.267157 150.592961 95.071017 2.324917 0.125000 5.096624 
85.601451 89.546746 133.133379 88.508658 3.285121 0.125000 57.980043 
155.625000 5.625000 174.375000 5.625000 1.250000 0.125000 2.873854 
87.820403 18.075256 88.134359 31.931433 5.225241 0.125000 12.576327 
174.391049 83.051313 153.129019 82.793526 2.742284 0.125000 18.201342 
174.376416 15.962144 153.126791 16.051407 1.339253 0.125000 4.680034 
106.879868 10.287362 86.873768 10.394109 2.600008 0.125000 16.751076 
168.147126 30.538291 155.604113 30.776857 2.713482 0.125000 13.192832 
67.933583 44.363785 69.324625 20.622049 1.905875 0.125000 2.486513 
150.625711 98.109663 139.342017 97.586795 2.844485 0.125000 4.336995 
126.881649 10.047577 109.371003 10.220685 2.635802 0.125000 10.310893 
40.896876 64.371625 40.695201 48.124129 2.577380 0.125000 6.799042 
174.375000 0.625000 154.375000 0.625000 1.250000 0.125000 3.776944 
17.292959 0.624901 17.295922 13.125197 1.252963 0.015625 5.451035 
19.207284 81.891132 31.817182 83.561483 2.107654 0.062500 0.275019 
79.607796 44.370036 79.101618 20.630829 2.286256 0.125000 4.658263 
104.849749 46.904442 107.026352 11.806867 2.408169 0.125000 21.500653 
4.923148 53.130324 4.705001 24.372497 1.430118 0.125000 11.904754 
153.124646 78.122658 168.159172 75.851177 1.846946 0.125000 0.050694 
109.059071 13.102304 107.712611 31.845375 1.336353 0.125000 3.776944 
113.103305 75.727481 123.180905 77.860928 2.704683 0.125000 0.050694 
146.478415 0.588303 143.006057 38.113994 2.533828 0.125000 38.181838 
16.875000 83.125000 0.625000 83.125000 1.250000 0.125000 0.164584 
73.919568 124.350853 72.931629 91.842888 4.090007 0.125000 41.820163 
170.469602 61.878001 169.890060 31.865054 2.789126 0.125000 33.578914 
1.850131 28.125271 2.054595 46.873041 1.318084 0.125000 2.873854 
19.375000 48.125000 19.375000 28.125000 1.250000 0.125000 3.776944 
70.932270 26.903057 68.760921 50.683066 2.154137 0.125000 1.783865 
84.495744 36.867804 83.749024 24.337812 1.545232 0.125000 0.164584 
93.192258 47.289240 88.356364 33.481764 4.305755 0.125000 5.388241 
58.153881 89.596800 70.644026 89.947629 1.600475 0.125000 1.067674 
40.058019 24.381506 39.814036 3.119962 1.479409 0.125000 12.058439 
12.699953 33.081439 11.279444 46.942071 1.467462 0.125000 1.970764 
