140.641925 38.136958 140.278074 0.616243 3.919519 0.125000 33.871553 
160.631405 25.898755 174.403112 25.576539 2.762460 0.125000 13.192832 
136.881406 4.374846 137.242663 19.396220 2.739703 0.125000 3.048414 
131.067543 12.775969 125.116402 7.442499 4.557735 0.125000 0.664633 
123.114086 3.173068 134.384309 3.267825 2.594495 0.125000 3.456020 
171.836958 61.339563 159.372287 60.675959 2.695827 0.125000 2.510782 
120.868861 65.618698 121.142928 21.862585 6.289024 0.125000 60.168482 
160.051566 41.880272 159.936553 29.369837 2.580333 0.125000 2.560371 
15.626040 86.552291 90.625261 86.793980 2.741677 0.125000 76.558037 
115.475629 3.129645 115.786303 13.119984 2.615351 0.062500 0.275019 
159.472839 71.549276 145.482647 73.030210 6.156474 0.125000 2.371854 
0.604249 61.636048 15.707453 60.324476 3.139489 0.125000 12.933632 
174.540448 72.667784 166.750196 71.912823 5.097259 0.125000 12.807844 
131.622204 66.885527 131.100433 54.355203 1.664963 0.125000 4.680034 
145.548058 39.180415 158.211866 38.505911 3.079855 0.125000 1.229414 
142.922970 0.876488 157.532334 12.612754 7.221038 0.125000 24.927418 
0.543697 86.848824 4.442574 87.107841 2.743080 0.062500 0.465614 
19.878021 57.494231 15.675054 69.392681 5.963519 0.125000 2.282913 
93.086829 87.390785 114.344358 86.285617 2.496628 0.125000 14.686571 
38.114614 89.108262 15.600077 89.984934 1.589503 0.125000 5.219043 
15.253592 69.513104 13.689479 79.463729 3.510413 0.125000 9.195484 
174.693502 3.585177 166.697922 9.119155 2.845555 0.125000 3.456020 
90.475342 0.626838 91.135472 54.384081 1.526181 0.125000 29.063464 
19.585722 69.374333 19.633211 84.378139 1.297471 0.125000 0.164584 
0.563723 50.954941 15.736823 53.772894 2.089222 0.125000 9.195484 
19.632567 0.621807 20.283446 53.129234 1.854160 0.125000 57.025014 
8.031319 84.627459 11.645248 68.074838 2.975727 0.125000 15.860896 
149.371688 87.814909 174.382185 87.547798 2.539905 0.125000 20.844003 
89.239719 55.627138 88.370221 0.621124 1.862301 0.125000 16.008820 
120.477320 83.156368 120.657049 76.840342 3.819594 0.125000 2.576231 
119.427543 103.076874 119.979263 89.349048 3.696778 0.125000 10.225862 
91.875000 64.375000 91.875000 84.375000 1.250000 0.125000 3.776944 
113.125000 41.875000 113.125000 25.625000 1.250000 0.125000 1.067674 
13.125000 9.375000 13.125000 38.125000 1.250000 0.125000 10.098574 
