67.367476 41.796227 64.241115 71.861078 5.022757 0.125000 38.059676 
65.636723 73.620459 35.643962 73.154491 2.907470 0.125000 35.005105 
34.925250 71.894853 35.270130 40.621087 4.025449 0.125000 43.566117 
49.363842 39.749365 65.636643 40.234378 2.796809 0.125000 9.438675 
67.007099 6.859858 67.336025 36.883644 3.914098 0.125000 28.748723 
48.086232 37.491443 36.880551 36.786727 2.730440 0.125000 3.370729 
1.881844 37.850756 31.894347 38.599702 2.125021 0.125000 12.777654 
60.640689 37.896475 49.358049 37.121908 1.760740 0.125000 1.067674 
36.185239 35.639178 36.430046 4.381305 6.279177 0.125000 46.252484 
33.158107 4.375807 32.731937 21.865422 3.444390 0.125000 2.651501 
33.158032 41.142967 4.353872 39.843226 2.553806 0.125000 24.120316 
36.723545 2.769984 65.103088 7.572554 9.290901 0.125000 79.329839 
1.653934 34.351079 0.927821 3.117960 5.085806 0.125000 37.443052 
0.625000 70.625000 0.625000 39.375000 1.250000 0.125000 11.904754 
3.118439 2.210260 35.605996 2.846048 6.346636 0.125000 42.414119 
2.603953 41.874710 2.587953 70.625397 2.514609 0.125000 31.772734 
44.408459 23.168978 44.108988 31.908717 2.712567 0.125000 2.576231 
69.358962 59.468693 174.388758 60.722281 2.511509 0.125000 93.451965 
35.097075 109.381047 34.753310 79.370667 1.550589 0.125000 27.257284 
35.641918 78.659274 63.139446 78.398554 6.439343 0.125000 47.728133 
69.429460 54.375465 69.824609 8.118163 1.538250 0.125000 21.838744 
64.098494 85.635501 65.334615 118.183501 3.130594 0.125000 29.075454 
0.622669 76.297315 29.376658 76.397028 1.349691 0.125000 6.985969 
4.375000 45.625000 23.125000 45.625000 1.250000 0.125000 2.873854 
174.375446 58.075802 101.881404 57.418587 1.771209 0.125000 57.262402 
98.120720 57.040477 70.606795 56.328891 1.475806 0.125000 11.001664 
150.625000 86.875000 110.625000 86.875000 1.250000 0.125000 18.226384 
74.375000 84.375000 106.875000 84.375000 1.250000 0.125000 12.807844 
3.125000 80.625000 3.125000 100.625000 1.250000 0.125000 3.776944 
121.875000 84.375000 139.375000 84.375000 1.250000 0.125000 1.970764 
