130.875140 68.161990 133.615225 49.632337 5.956469 0.125000 7.837033 
134.397416 49.654974 146.817797 48.660541 3.538515 0.125000 5.301648 
74.389828 63.682495 44.377812 64.480727 4.180724 0.125000 18.956911 
142.014470 71.811779 120.738933 69.552227 4.653119 0.125000 6.105831 
49.374094 13.024210 73.133410 12.810642 5.078447 0.125000 26.888049 
62.416369 20.657200 56.570327 17.426277 4.491382 0.062500 1.900835 
77.840645 15.624867 77.836639 61.875192 6.252382 0.125000 61.861172 
77.087166 62.029556 72.513287 71.582104 3.222303 0.125000 1.855669 
145.664786 55.604449 145.409780 70.621345 3.791906 0.125000 16.275264 
27.966552 5.400489 24.702613 25.876477 7.549466 0.125000 27.887079 
46.792486 38.209006 58.076631 38.906982 4.128701 0.125000 2.742210 
111.905569 30.622418 111.815595 73.119581 3.839972 0.125000 68.390348 
55.659878 82.130081 43.053731 83.853777 6.139302 0.125000 15.101392 
45.479579 77.669440 63.064895 76.170067 7.579079 0.125000 15.047476 
66.411938 43.949375 73.297851 47.817278 3.404021 0.062500 0.275019 
134.378643 98.271469 131.250677 71.654574 6.719273 0.125000 27.606155 
163.880812 0.536435 162.728406 23.231805 4.866787 0.125000 23.717815 
65.480252 80.002976 55.993947 82.210477 4.785654 0.125000 3.851484 
30.371829 33.524695 39.441725 39.269657 4.505707 0.125000 4.864122 
70.067025 86.863389 70.509571 65.596586 2.551471 0.125000 1.349337 
111.468928 72.899301 107.386525 102.853999 7.374332 0.125000 55.301078 
37.933349 -0.252093 47.532171 11.330378 6.242645 0.125000 16.507842 
44.793535 13.600457 31.981752 6.677444 2.882450 0.125000 9.642303 
145.622837 30.728085 133.102120 30.465355 2.473226 0.031250 0.203712 
39.673838 85.220229 31.624445 86.368298 6.187383 0.125000 2.536664 
29.156750 87.099442 9.514301 91.279575 4.291793 0.125000 34.117487 
134.110368 46.926474 134.566214 38.200287 2.887854 0.125000 4.336995 
75.320835 45.637580 74.750994 31.859449 2.549518 0.125000 1.229414 
131.907275 27.259718 119.286369 28.318532 3.118249 0.125000 6.799042 
10.457947 92.647557 0.522856 93.040156 7.592865 0.125000 10.768851 
147.909096 48.121959 148.208620 26.858570 2.781452 0.125000 22.232338 
139.149716 35.602320 138.003426 46.988602 2.612635 0.125000 3.370729 
160.096522 26.856827 158.977297 59.404308 3.142907 0.125000 34.046625 
108.561040 102.903984 109.825416 126.851219 8.144673 0.125000 33.711967 
0.625000 75.625000 0.625000 54.375000 1.250000 0.125000 4.680034 
113.798220 0.598005 113.445233 8.139988 1.540831 0.062500 1.669734 
74.341192 79.283195 75.300661 91.993840 4.303896 0.125000 2.720074 
173.781631 81.324415 165.610449 74.392151 4.043317 0.125000 0.434640 
123.129160 120.626951 133.356146 98.819613 5.518170 0.125000 25.956586 
146.082670 23.216897 134.530690 25.256713 5.937426 0.125000 13.137834 
116.875000 19.375000 141.875000 19.375000 1.250000 0.125000 7.389304 
162.404831 46.901366 163.090482 33.123282 1.683351 0.125000 4.680034 
43.019997 93.308246 13.064155 96.256862 2.997274 0.125000 12.593266 
76.297109 93.103446 76.493642 110.629277 3.735748 0.125000 8.959915 
146.527356 106.853636 147.292643 94.400666 2.801985 0.125000 7.870688 
94.314199 9.380140 93.570931 0.587305 1.666711 0.031250 4.981064 
