10.641835 10.476808 20.654617 11.614301 3.992250 0.125000 1.454630 
59.673013 20.579019 61.238192 30.723255 4.750917 0.125000 5.664267 
72.578748 45.443637 74.624741 53.382776 6.364197 0.125000 11.074856 
11.671978 21.916332 9.812248 12.781499 5.148863 0.125000 7.782856 
44.279442 25.245682 34.580098 27.689139 3.302464 0.125000 1.720471 
71.743617 54.767174 75.729006 68.805221 7.897645 0.125000 18.826518 
84.510917 96.823317 64.904922 99.047087 10.358916 0.125000 18.822020 
73.391924 31.850323 74.558930 44.473557 5.208910 0.125000 5.682535 
52.798864 0.056676 56.643439 14.762332 6.734424 0.125000 25.865094 
49.063955 29.339247 56.781905 23.371097 3.470016 0.125000 0.218275 
174.382757 77.040214 161.874458 76.950772 8.767652 0.125000 17.033677 
31.201272 47.669972 53.351313 41.428100 4.473520 0.125000 8.844660 
161.888451 60.725190 161.130132 41.905013 8.742906 0.125000 30.712647 
160.549357 37.892847 174.452463 33.362739 4.340011 0.125000 10.082962 
83.543807 51.890971 84.191597 85.604506 4.253596 0.125000 47.071320 
37.723618 89.492429 39.941944 97.074836 3.305651 0.125000 0.797908 
28.016017 90.689466 22.014014 80.542770 4.697342 0.125000 14.541222 
33.214562 31.357702 24.298975 29.814108 3.316334 0.125000 1.653093 
66.818555 103.250187 50.609373 104.063588 3.870583 0.125000 5.101639 
87.568334 39.405738 85.630199 4.305691 7.488592 0.125000 55.649670 
28.076173 101.834930 27.699909 90.555783 7.329127 0.125000 16.294391 
113.232467 76.550609 91.692311 79.051504 5.022431 0.125000 34.897133 
12.840342 68.254074 11.656886 54.183080 5.401460 0.125000 13.911462 
75.813525 71.616335 74.646479 82.045261 7.045310 0.125000 12.334838 
10.739835 33.118826 9.995481 19.274432 5.328340 0.125000 13.121880 
50.398454 47.592140 37.403094 53.117132 5.407345 0.125000 13.121880 
50.647856 70.632207 54.213367 59.324037 4.328209 0.125000 6.467797 
81.530577 27.017613 82.528843 38.178323 3.735089 0.125000 8.567595 
149.706467 104.867801 174.444681 108.953045 6.981144 0.125000 32.039963 
169.469833 24.592280 160.185795 12.502377 8.232415 0.125000 15.513331 
90.084215 79.261243 87.773709 39.467975 4.862820 0.125000 83.921026 
108.056252 102.332026 135.683247 106.487781 3.522343 0.125000 30.691227 
14.513801 79.369372 14.206089 71.780480 3.746921 0.125000 0.883796 
160.628499 8.609506 168.750190 2.740096 7.432403 0.125000 6.601199 
165.611341 79.086405 141.863213 79.297233 5.144059 0.125000 28.914605 
163.251418 72.947733 161.785394 61.564568 5.400467 0.125000 23.884372 
136.835419 106.264336 149.441875 107.044788 2.726937 0.125000 10.098574 
79.870929 0.512065 80.772261 14.446330 4.226302 0.125000 17.058749 
35.747444 59.671986 42.286649 69.089154 4.819909 0.125000 7.274493 
17.193727 62.887779 19.125538 75.662723 3.147150 0.125000 2.847294 
24.379497 21.608782 14.361239 21.439536 1.959100 0.125000 1.697763 
140.725473 81.129311 113.219556 77.423223 5.289051 0.125000 27.794034 
170.656502 111.474919 140.645713 109.111934 2.296049 0.125000 11.688648 
4.689514 80.531078 2.974255 51.959091 5.339893 0.125000 60.697606 
26.234040 28.702031 24.518805 23.081117 3.225477 0.125000 0.164584 
94.277782 101.343915 107.994341 102.021190 4.300246 0.125000 2.089640 
145.631417 75.682416 133.009669 77.093109 2.075329 0.125000 1.697763 
76.384160 13.153725 75.650872 0.623486 1.686027 0.125000 0.820776 
1.893832 34.529818 3.902523 18.067350 2.632993 0.125000 9.366697 
5.361903 43.182459 3.481051 34.570233 3.396942 0.125000 2.576231 
4.503479 53.228713 5.172170 44.340930 2.586735 0.125000 2.873854 
