20.635773 72.891286 9.352129 72.371146 3.918702 0.125000 8.533210 
10.689491 50.058504 23.196092 48.878455 3.193472 0.125000 7.697740 
85.273622 56.151255 96.196674 47.288944 4.249035 0.125000 5.595353 
76.069447 53.127791 76.273500 20.629072 2.578434 0.125000 36.288184 
78.594191 74.391725 78.347060 44.383466 5.195416 0.125000 30.581889 
23.566111 25.620959 23.529309 44.370887 2.534344 0.125000 13.192832 
20.574782 43.145500 20.874077 25.629256 2.798609 0.125000 21.207173 
23.926004 56.780941 24.334305 65.684191 3.746063 0.125000 4.248691 
81.862886 43.429426 115.639370 42.996722 2.852063 0.125000 43.816112 
73.579231 0.622861 73.407892 64.375760 1.421326 0.125000 35.385094 
61.627471 68.127130 61.046315 0.599858 5.311780 0.125000 99.602188 
44.371413 70.505606 61.855635 69.980366 2.724077 0.125000 7.653196 
24.094703 50.576576 23.934145 55.650604 3.866727 0.062500 0.293299 
76.433207 9.601519 76.028371 4.343940 3.305865 0.031250 1.970764 
116.869916 44.375117 117.301423 63.143935 2.815377 0.125000 17.321641 
95.866139 78.302587 87.084812 72.096917 3.361883 0.125000 3.403198 
38.106177 60.463418 59.393045 60.831553 2.758997 0.125000 23.097763 
98.146774 48.045254 105.761674 50.124440 2.522858 0.125000 0.164584 
81.444300 63.314300 88.183930 78.648495 3.659146 0.125000 1.232649 
83.680640 0.580460 84.699072 41.867006 3.687210 0.125000 53.574076 
60.749438 73.558634 46.719926 77.584607 6.707632 0.125000 5.753152 
156.898879 87.769297 80.536439 89.808308 9.113901 0.125000 160.355579 
60.626584 87.106754 50.618510 87.175137 1.309756 0.015625 0.170563 
45.619495 83.078340 60.630639 83.112023 6.278033 0.125000 26.579721 
5.255337 13.126350 5.176753 64.376229 2.551748 0.125000 60.615960 
55.536203 44.386847 57.546191 59.452223 1.900251 0.125000 0.883796 
141.802513 81.115343 155.620125 83.157978 3.526886 0.125000 9.366697 
165.610714 82.820615 174.458557 82.405363 1.870877 0.125000 1.067674 
155.786196 0.641792 156.383674 39.382577 2.711736 0.125000 34.410704 
45.625000 65.625000 59.375000 65.625000 1.250000 0.062500 0.616176 
55.328856 59.405698 53.777224 44.436964 2.357794 0.125000 5.962107 
141.721214 18.124713 141.646468 58.124573 2.530361 0.125000 28.166460 
56.889139 63.646613 41.866294 64.053834 1.655994 0.125000 9.195484 
71.197271 85.622642 71.493040 0.623671 1.545763 0.125000 56.380093 
155.641654 66.533820 143.049624 65.919153 2.618917 0.125000 5.219043 
164.986077 31.878822 165.181574 0.622227 3.742109 0.125000 21.327785 
139.362170 59.979974 154.381091 59.681233 1.523200 0.125000 0.820776 
53.244057 44.449602 57.675883 37.376837 2.118467 0.125000 0.164584 
135.576961 54.373641 136.814221 10.623281 4.313875 0.125000 56.022159 
174.731665 93.248245 165.318055 95.693190 3.315348 0.125000 0.883796 
126.581051 68.599240 135.701144 74.252153 3.292723 0.125000 1.855669 
154.392278 17.035476 143.125289 16.856805 2.638425 0.125000 6.102063 
108.586106 40.648819 110.656854 0.562075 2.538033 0.125000 26.689219 
81.520830 33.135239 80.761564 6.871052 1.827413 0.125000 16.275264 
174.451398 86.829983 161.843574 87.629336 2.969548 0.125000 4.339063 
174.415890 16.332249 166.868848 16.768586 2.495832 0.031250 3.114218 
119.407481 79.167405 134.430858 81.517996 2.663177 0.125000 5.172956 
131.808469 74.511776 119.241707 68.399027 1.762422 0.125000 0.050694 
117.194740 68.099248 118.003025 78.134824 1.747728 0.125000 1.067674 
3.199392 46.874459 2.935674 10.617285 1.268150 0.125000 13.192832 
63.033122 107.408461 72.114650 106.243990 4.164503 0.125000 5.946800 
118.740017 56.604015 126.301899 61.508605 3.826382 0.125000 3.403198 
139.313603 15.550086 154.279940 3.284213 3.598149 0.125000 6.434302 
80.613947 107.147035 121.870849 107.446646 4.013145 0.125000 59.511942 
39.619400 90.565429 41.772754 99.399922 2.132876 0.125000 1.067674 
91.929151 39.757748 85.904832 20.935516 4.428385 0.125000 13.859387 
23.547793 20.614522 23.114361 3.125264 1.435430 0.125000 1.067674 
60.652854 129.379732 61.891266 122.090122 3.885652 0.125000 1.653093 
78.260341 104.277512 78.793325 98.183451 3.844648 0.125000 1.067674 
145.578092 105.511560 165.640356 104.821342 5.426837 0.125000 13.611144 
19.341735 107.254303 29.374198 108.134147 3.735662 0.125000 2.680153 
164.381669 100.606852 146.940121 94.197780 1.484311 0.125000 2.576231 
30.458029 99.802599 28.762124 94.182735 3.476779 0.125000 1.067674 
88.374642 5.721609 90.180233 24.417953 2.368263 0.125000 3.274964 
43.103985 107.991734 54.465684 106.200062 2.080061 0.125000 1.697763 
13.298096 44.368925 12.726908 28.095099 1.293077 0.125000 1.067674 
