94.160248 40.622534 94.261491 83.125270 4.994031 0.125000 45.508084 
128.117179 39.638662 95.571659 38.673306 5.913705 0.125000 28.196178 
131.390683 41.840183 132.986660 76.938131 3.746129 0.125000 64.207914 
109.890223 83.134161 110.623830 41.874979 2.588493 0.125000 34.046625 
128.988878 74.378619 128.672595 40.631583 2.687325 0.125000 35.507777 
159.437175 29.402958 159.651843 19.327633 5.025492 0.125000 4.057129 
132.841100 78.108042 132.951157 84.378051 2.587366 0.062500 0.616176 
160.088529 123.132116 159.871714 30.620906 6.428686 0.125000 131.215066 
129.258851 0.605433 129.419244 40.639847 10.140142 0.125000 168.726893 
149.340307 3.860673 160.539354 3.105270 2.289954 0.125000 0.820776 
150.241872 71.968020 152.538849 50.562103 3.019196 0.125000 7.673113 
114.365469 75.264462 121.878001 75.344959 2.526642 0.031250 1.681407 
91.874774 82.656219 0.622985 82.700262 6.252413 0.125000 217.012018 
132.737446 84.335058 133.147166 93.181864 2.844297 0.125000 0.050694 
28.517083 41.880767 28.661971 0.622496 3.824601 0.125000 28.177391 
130.686695 85.181041 114.365276 84.839001 3.749177 0.125000 4.191864 
113.129473 41.875079 112.578721 73.137398 2.939972 0.125000 23.400890 
12.571194 5.622993 12.541987 31.875742 3.766686 0.125000 20.905616 
174.440897 104.757803 161.823780 103.799050 3.250511 0.125000 9.366697 
105.595988 19.213887 100.098959 20.203763 4.920852 0.031250 0.964265 
108.128767 85.137273 96.872865 85.192898 2.549387 0.125000 4.680034 
94.526577 86.879429 93.940571 106.935353 6.247334 0.125000 9.300248 
4.372150 78.505534 91.876603 79.160916 2.499930 0.125000 102.896574 
84.629278 26.910584 84.274648 41.902195 2.824469 0.125000 7.098330 
147.039209 43.113825 146.525377 35.563724 2.748853 0.125000 0.820776 
146.534463 29.365935 146.372504 13.117549 2.587089 0.125000 12.807844 
36.867183 17.483136 45.615885 17.376584 2.545483 0.062500 0.966439 
146.167379 60.642370 146.688538 44.369028 3.788090 0.125000 5.388241 
8.907840 20.601242 8.454185 5.652945 2.612603 0.125000 10.098574 
64.401675 48.248937 54.348095 48.010785 3.896959 0.125000 5.096624 
89.563780 73.050602 90.348619 61.855624 2.843552 0.125000 1.653093 
169.902698 0.585551 164.574873 98.135916 2.994565 0.125000 77.524219 
120.275166 36.870497 120.741672 0.626502 1.362511 0.125000 12.304394 
51.473831 40.506253 41.803405 37.076891 3.534343 0.125000 4.232717 
109.961975 94.394302 109.742760 86.864294 2.608066 0.125000 1.067674 
22.631675 28.285504 21.355370 14.422841 3.963407 0.125000 3.586135 
0.611019 96.145704 91.875069 96.866312 6.555760 0.125000 230.618305 
64.419987 31.874429 64.594505 45.622214 3.844897 0.125000 12.811411 
94.381581 25.865630 84.389056 26.138927 2.010765 0.062500 0.293299 
135.596701 83.980488 148.124342 84.394892 1.455948 0.031250 2.447038 
132.802994 103.114603 133.139528 133.152846 3.721758 0.125000 28.106761 
45.599325 15.915149 43.584084 7.054892 3.933839 0.125000 2.680153 
73.107108 33.237002 66.623203 32.201211 3.111493 0.125000 1.067674 
164.961271 0.606651 164.028007 34.365407 2.602675 0.125000 10.912266 
165.496832 39.366405 168.094950 0.622985 1.338187 0.125000 14.686571 
92.794024 106.942333 92.407566 119.391532 7.729098 0.125000 22.445353 
96.754015 96.225362 105.792298 96.816326 5.397128 0.125000 3.782874 
3.325253 63.964247 1.007101 76.943246 4.482543 0.125000 15.407743 
136.833291 95.251169 156.906811 96.206745 2.972672 0.125000 2.651501 
92.970666 36.940197 93.498314 28.072833 2.866833 0.125000 1.720471 
73.125861 20.620115 85.676567 22.832460 1.882007 0.125000 2.873854 
87.252742 118.231462 80.173409 143.350021 2.745345 0.125000 11.314525 
30.899924 142.134534 45.455918 126.715383 1.359969 0.125000 1.697763 
