112.590985 11.656285 115.598374 21.501291 4.051500 0.125000 1.454630 
120.030780 26.937003 100.664587 21.727825 8.682694 0.125000 40.141609 
101.890685 78.053168 64.273653 69.839128 3.887885 0.125000 52.755295 
104.338190 9.526543 111.707053 11.316428 6.073403 0.125000 4.480242 
82.623007 39.192882 86.280552 54.215392 5.153784 0.125000 8.821999 
91.600488 -0.830509 102.591067 15.974202 5.270346 0.125000 20.905616 
90.657238 14.246930 83.012339 12.322566 3.278875 0.125000 1.067674 
119.643617 13.194169 119.992278 5.539247 3.859866 0.125000 2.560371 
47.006281 75.635894 45.770004 90.533301 4.564172 0.125000 25.670416 
120.590327 5.866896 124.578451 0.784651 5.688541 0.125000 5.962107 
125.885026 37.057440 121.405616 12.750783 5.143743 0.125000 27.547212 
81.918424 11.704999 72.231183 9.230567 5.424287 0.125000 1.349337 
60.286714 24.354055 83.121140 30.639023 3.648871 0.125000 27.321409 
45.625295 94.404438 0.617287 94.855646 3.987895 0.125000 45.468889 
53.265740 22.454232 59.503406 23.763015 3.446824 0.062500 2.108726 
65.437527 70.376115 51.745380 72.088663 3.255602 0.125000 13.192832 
171.862841 18.123192 169.989930 30.716454 2.155809 0.125000 0.050694 
153.122482 93.003763 139.352464 93.289699 2.655166 0.125000 5.172956 
133.441642 91.830071 125.499550 89.888036 6.071132 0.062500 0.841357 
23.043345 12.968837 24.013131 27.986931 4.586856 0.125000 5.983381 
69.374035 95.652314 45.653660 94.814024 5.041029 0.125000 11.960853 
61.905147 19.260320 53.106016 16.947217 4.262380 0.031250 7.634322 
136.100249 81.674862 128.899280 64.575336 3.395967 0.125000 6.633937 
77.904064 53.288394 80.900178 34.418693 4.095642 0.125000 14.491747 
110.659872 93.126608 93.111008 93.371234 4.999514 0.125000 11.657898 
90.778311 86.580027 81.661268 88.043588 2.711965 0.125000 0.797908 
81.882992 25.599410 62.237515 19.464195 2.980981 0.125000 18.013092 
72.889127 7.826686 70.659542 0.247141 5.149528 0.125000 7.697740 
83.128155 91.897268 96.781202 89.962947 2.650626 0.125000 4.248691 
45.239650 12.841074 47.706056 20.352105 4.342784 0.125000 1.855669 
48.414911 21.986908 42.985103 36.053508 6.915236 0.125000 6.145556 
49.517777 35.650526 51.760791 23.104581 2.550440 0.125000 3.403198 
91.900045 93.344535 71.875455 95.628985 1.950363 0.125000 5.946800 
174.418691 93.091606 159.401600 92.832622 3.943430 0.125000 20.935654 
170.757872 10.383035 149.454194 8.485763 2.959028 0.125000 2.319990 
159.354011 88.390157 174.457269 89.585687 3.084031 0.125000 9.366697 
150.631044 6.659816 165.654301 7.081760 1.558171 0.125000 0.164584 
125.202462 4.731761 135.306675 -0.047935 2.198980 0.125000 1.067674 
141.391579 48.112231 141.746130 69.397967 5.040943 0.125000 9.526297 
134.248738 37.565209 143.111724 35.566141 2.438736 0.125000 1.970764 
148.183068 18.368999 129.311943 22.860037 2.025789 0.125000 5.172956 
149.484656 13.812594 135.492479 16.044029 1.878226 0.125000 1.697763 
115.931083 63.458652 110.046514 68.856997 2.915574 0.125000 1.970764 
170.797222 15.296273 150.628158 13.096049 2.778984 0.125000 0.553250 
124.688625 90.477984 111.808295 94.140406 7.544366 0.125000 9.209635 
26.283367 9.275444 27.784055 0.357286 4.527711 0.125000 5.172956 
131.299840 63.142085 131.870726 40.593245 4.096806 0.125000 12.406669 
139.424783 74.561901 145.605452 82.118607 3.341738 0.125000 0.218275 
169.448844 19.402931 149.371089 18.189729 2.118479 0.125000 3.851484 
135.497995 32.223842 155.626691 29.387000 2.284438 0.125000 6.953153 
22.724845 25.639297 21.946993 71.876211 3.896651 0.125000 52.759500 
89.403210 33.027853 101.786866 36.623904 6.156721 0.125000 13.121880 
163.130414 31.950966 134.259794 34.008361 3.118544 0.125000 7.884217 
131.668492 19.267236 155.624791 15.623623 2.579627 0.125000 4.191864 
147.916505 8.651022 127.786123 14.448287 2.729186 0.125000 1.269599 
149.474963 27.345759 132.910153 30.863219 2.110356 0.125000 2.680153 
165.628713 28.035975 150.602717 27.409285 1.665622 0.125000 3.456020 
144.381932 39.416946 162.019934 36.501972 4.107451 0.125000 0.272083 
145.623783 23.120716 133.071777 26.687711 1.544084 0.062500 0.616176 
69.852145 10.407783 54.053463 5.269984 6.687771 0.125000 4.333552 
129.372640 25.616859 144.546912 21.218030 1.548603 0.125000 1.970764 
130.585084 10.434578 149.549867 6.459215 2.762105 0.125000 3.782874 
129.300465 30.393060 142.086810 26.284116 1.912156 0.125000 0.820776 
140.378682 5.080117 124.070850 12.452185 1.871480 0.125000 0.218275 
169.398971 52.399772 150.631033 53.257078 2.896673 0.125000 1.668182 
39.004766 36.906182 37.941796 24.285152 2.281395 0.125000 2.510782 
70.553282 80.879977 56.833907 77.021096 3.083527 0.125000 6.009503 
112.057021 83.685957 104.120255 81.589340 3.944884 0.125000 3.370729 
78.151689 0.486281 78.986268 8.167238 3.998107 0.062500 0.399485 
81.659307 8.281174 82.822246 0.579286 2.471979 0.125000 0.164584 
128.953423 47.002765 126.476423 63.063529 3.423442 0.125000 9.563678 
108.355772 33.644138 92.143382 28.525025 2.446848 0.125000 8.567595 
50.466290 80.845920 59.248916 81.793550 3.862454 0.125000 6.985969 
96.765989 46.301675 106.804839 45.701486 4.841888 0.125000 3.521151 
145.573180 140.514915 166.822037 130.512488 1.795761 0.125000 4.480242 
