20.643278 88.118935 20.224838 0.620936 5.107543 0.125000 107.548458 
48.246659 82.381254 21.441899 88.822757 5.153667 0.125000 34.668414 
82.086839 109.375043 82.108863 0.624541 3.766961 0.125000 195.544439 
174.375877 90.502733 84.371542 89.856952 3.794746 0.125000 97.587170 
46.819749 0.623068 46.778500 81.875586 11.290612 0.125000 220.687180 
140.196291 26.872954 140.321582 0.617587 3.761887 0.125000 41.225522 
97.946299 85.462294 118.020380 88.761554 2.669627 0.125000 7.274493 
174.384857 84.310701 95.611163 83.719894 4.237385 0.125000 98.384009 
94.371236 80.112210 174.375533 80.520696 2.665903 0.125000 101.067140 
0.409285 112.626027 50.731301 90.870886 2.695646 0.125000 63.105992 
109.994926 1.867830 110.168549 16.880279 2.644389 0.125000 0.664633 
151.841823 39.568140 136.817389 40.039792 4.022701 0.125000 20.844003 
51.680702 91.873440 51.951670 58.125616 1.290104 0.125000 7.653196 
117.773186 38.455627 100.808521 31.431745 4.340101 0.125000 14.491747 
151.649875 18.123183 151.488472 38.121880 2.631062 0.125000 13.809694 
53.102619 90.121829 80.615370 90.946328 3.210297 0.125000 16.694391 
11.421292 78.112209 10.176350 0.612127 2.318984 0.125000 71.821607 
52.397664 54.371384 52.025832 0.623957 1.543984 0.125000 30.139265 
135.109487 41.660642 132.223864 31.773185 5.649510 0.125000 1.992002 
53.124097 56.918776 79.388706 57.460606 1.610677 0.125000 11.904754 
135.536106 36.105856 133.374304 30.086534 3.033212 0.125000 0.164584 
162.024400 6.927258 158.635343 16.616280 2.359805 0.125000 0.820776 
134.325737 122.406003 149.542666 123.817725 8.250704 0.125000 15.838284 
153.909606 121.897461 165.041985 125.969055 6.842595 0.125000 4.000928 
16.687150 0.627640 17.670820 70.631382 1.741637 0.125000 36.002420 
118.177148 143.137085 121.053625 130.724328 1.528270 0.125000 0.164584 
18.476850 122.494775 39.377476 110.629361 2.349609 0.125000 4.824161 
115.302111 121.898221 133.149682 124.182123 5.247456 0.125000 5.080157 
75.625000 54.375000 60.625000 54.375000 1.250000 0.125000 0.164584 
