90.237273 71.919570 85.366668 29.548384 4.096794 0.125000 67.360760 
97.731891 54.529911 92.580192 83.026508 4.148938 0.125000 29.723827 
77.225461 24.546891 78.197267 15.498510 3.595073 0.125000 4.232717 
74.817711 36.856877 76.099045 68.156766 3.951377 0.125000 24.672101 
93.733262 79.189515 95.689702 85.605269 4.522179 0.125000 0.218275 
73.277359 30.512989 65.873610 20.442229 2.694922 0.125000 1.855669 
98.102637 85.017651 110.630964 85.453611 2.585430 0.125000 4.232717 
73.858182 0.584700 74.683944 15.608019 3.113660 0.125000 8.614963 
114.370576 88.381973 99.353509 88.123468 2.564173 0.125000 3.662037 
121.521307 56.784565 123.694164 78.319817 4.860421 0.125000 29.169150 
116.160423 85.705047 114.331683 69.379852 9.798688 0.125000 17.444926 
101.337859 7.916496 113.614393 -0.486257 4.832091 0.125000 16.190856 
62.266903 53.119801 62.229896 68.125875 3.753071 0.125000 11.219093 
88.134275 88.252178 18.128727 87.673880 3.067822 0.125000 36.440965 
88.446799 120.708345 90.113205 89.281581 3.470655 0.125000 34.897133 
20.955668 41.887988 20.372534 0.610908 3.047129 0.125000 64.866516 
65.590373 24.699262 73.020763 34.454396 3.787095 0.125000 2.742210 
145.139351 65.069992 132.632208 56.330215 3.579953 0.125000 7.274493 
67.744663 68.135776 67.318018 53.077033 2.498997 0.125000 9.642303 
114.276948 64.398931 111.615307 53.493463 3.968276 0.125000 9.438675 
43.118905 14.454483 65.582653 16.177195 1.823620 0.125000 2.847294 
134.406510 57.670096 123.037887 56.882610 4.172928 0.125000 5.664267 
75.627776 85.669538 88.157012 84.888581 2.650683 0.062500 2.975592 
160.782290 65.905889 156.607604 86.821629 3.190606 0.125000 24.374822 
148.638682 80.551559 149.515127 71.764301 2.234837 0.125000 0.164584 
71.248048 51.871627 71.275068 66.876080 3.749994 0.125000 6.119189 
59.350611 66.874651 59.762468 38.130552 1.661771 0.125000 10.098574 
111.920420 123.127505 113.791504 89.204922 7.772929 0.125000 88.711274 
96.482793 89.116226 99.694688 130.793030 8.534361 0.125000 94.244589 
52.690260 30.633790 53.448161 68.118466 2.979591 0.125000 40.841377 
167.575746 47.158299 163.222951 38.719215 3.402954 0.125000 0.218275 
122.538539 84.339054 121.613215 99.435572 5.143582 0.125000 4.346719 
160.235349 55.655798 161.028599 65.691899 2.787704 0.125000 2.510782 
55.625524 16.856888 23.080443 15.915680 2.932576 0.125000 17.301091 
159.447191 37.922439 153.868727 44.964180 4.288205 0.125000 1.454630 
23.094874 19.267363 61.850885 20.289425 5.294841 0.125000 45.470928 
27.598330 65.633623 27.495167 44.378057 2.499971 0.125000 17.641629 
135.356642 76.589026 145.040286 67.501903 6.324437 0.125000 9.124190 
174.403010 59.009235 163.028268 58.138180 2.206373 0.125000 1.697763 
169.670663 14.138458 170.820772 21.653745 3.649124 0.125000 0.050694 
16.922148 89.543127 0.556971 94.132411 2.362620 0.125000 8.567595 
20.657141 85.139352 29.404914 84.999774 2.639278 0.125000 1.067674 
31.278738 44.395141 30.624666 65.624990 1.826803 0.125000 5.946800 
48.125000 85.625000 74.375000 85.625000 1.250000 0.125000 8.292394 
148.372942 70.574300 140.442815 80.479137 4.878926 0.125000 4.191864 
37.780708 52.913303 35.564423 43.431330 4.505086 0.125000 1.198571 
81.091514 46.666147 83.435106 37.874454 5.797196 0.125000 2.089640 
81.857443 59.580872 80.808837 46.757749 5.289000 0.125000 23.245778 
24.380089 33.533305 50.641589 33.206003 2.764628 0.125000 29.063464 
81.884138 66.998147 82.513300 60.565174 3.975538 0.125000 0.050694 
174.652154 70.830846 164.349486 69.586194 3.872852 0.125000 0.923527 
151.944906 90.110003 145.515293 90.721521 5.090275 0.125000 0.426994 
56.878718 71.339725 36.872757 71.443807 1.354033 0.125000 3.776944 
52.175807 10.150858 61.046316 6.711682 3.234666 0.125000 0.050694 
156.141310 89.482394 158.137967 103.123102 2.504096 0.125000 5.096564 
128.750888 82.087077 130.209333 69.186689 5.951314 0.125000 25.698706 
50.654441 27.737579 29.386553 28.463492 3.918378 0.125000 24.738389 
174.449253 85.149678 160.645571 82.993318 2.547482 0.125000 10.098574 
51.874857 67.807923 35.624861 67.815238 1.256189 0.125000 0.164584 
110.779113 136.706146 112.530291 125.340767 4.941685 0.125000 8.275987 
174.375000 88.125000 158.125000 88.125000 1.250000 0.125000 1.067674 
74.707546 89.366852 74.823460 111.879127 5.025678 0.125000 28.106761 
155.704466 105.140585 140.698182 102.678889 2.669377 0.125000 0.923527 
