84.735668 95.627321 84.543204 21.871299 3.798915 0.125000 132.143371 
84.486307 20.657534 84.967587 0.519666 6.278081 0.125000 23.657409 
53.224243 80.624438 52.834587 11.869562 2.861246 0.125000 118.148637 
60.692463 80.861457 54.253339 82.698576 3.432911 0.062500 0.293299 
28.317488 86.381310 0.398955 93.486839 4.294462 0.125000 37.506641 
60.246435 12.966590 62.482106 78.189883 8.445115 0.125000 128.538162 
53.835061 1.414036 60.735884 6.136282 4.452032 0.125000 2.680153 
48.551662 11.542995 39.327668 -0.310849 3.727197 0.125000 14.686571 
174.399870 82.790414 86.828666 85.169559 6.417433 0.125000 146.392452 
44.084977 -0.152442 51.830205 9.411278 3.146769 0.125000 3.403198 
123.926062 45.629812 123.443679 0.621585 3.937333 0.125000 34.705146 
28.956638 0.615051 30.003600 88.132434 5.044500 0.125000 118.109111 
0.266453 85.629368 20.741758 82.687686 6.008717 0.125000 29.481910 
100.379579 3.539919 111.620968 2.216768 2.912652 0.125000 0.218275 
105.167893 8.135136 104.752285 40.645803 6.521121 0.125000 36.170744 
88.123072 96.173270 174.379290 95.936262 5.219798 0.125000 210.988501 
135.546345 49.449071 124.263216 50.203773 3.991909 0.125000 6.126021 
30.809289 7.895927 44.651188 19.031695 2.562919 0.125000 7.689797 
158.490564 44.353263 157.898055 34.388494 2.940759 0.125000 1.034919 
110.137320 48.931106 97.403605 43.200426 3.533552 0.125000 9.378608 
143.779310 20.845186 141.815311 4.382121 3.575525 0.125000 0.532358 
113.627590 18.084688 113.213131 12.917410 5.283812 0.125000 0.050694 
136.006790 33.133491 135.673373 48.126076 2.693923 0.125000 7.697740 
0.504005 57.756701 21.866324 60.688222 2.088109 0.125000 6.799042 
0.421775 111.359438 28.488122 100.296206 2.436614 0.125000 24.995467 
30.650128 99.437934 63.416541 86.355179 2.559856 0.125000 32.663791 
0.548072 50.995546 21.915174 55.431490 2.147169 0.125000 9.378608 
20.685365 78.760153 0.628927 80.666322 2.133983 0.125000 8.567595 
90.262315 24.425211 91.045887 10.578083 3.060977 0.125000 11.086358 
22.292632 32.371771 2.224406 21.244822 2.175595 0.125000 0.294986 
20.618671 68.220593 0.623561 66.896741 1.990491 0.125000 9.642303 
0.613885 77.969762 20.689964 76.532322 1.960977 0.125000 2.847294 
0.647272 44.294470 21.993115 50.197915 1.999168 0.125000 8.509122 
0.582633 38.254555 21.995378 45.256891 1.942623 0.125000 3.851484 
18.199728 62.505079 4.349623 60.835516 1.989008 0.125000 5.583124 
88.020222 81.500932 108.178253 80.200427 4.546990 0.125000 8.929101 
21.977540 57.552104 0.520022 53.711519 1.800196 0.125000 5.172956 
109.371289 80.128819 158.127911 79.764149 1.549132 0.125000 50.737624 
21.990104 47.780010 0.617005 40.648963 1.980315 0.125000 9.366697 
47.321571 100.589561 59.142685 96.243162 7.470629 0.125000 5.401110 
0.718457 17.948184 22.492430 29.456844 2.605056 0.125000 5.388241 
0.468803 10.885801 21.249803 23.331768 2.580723 0.125000 5.388241 
22.175245 21.439198 0.757134 6.683210 2.333949 0.125000 3.141359 
22.266318 37.290623 0.522750 27.093019 2.123075 0.125000 7.917544 
22.022289 52.581411 0.648056 46.789910 2.187221 0.125000 5.468486 
4.177062 26.026255 22.219534 34.926570 1.749152 0.125000 2.560371 
0.607470 64.756542 20.622650 65.676139 1.879761 0.125000 6.829207 
21.099143 26.115985 2.894553 14.743904 2.117602 0.125000 1.198571 
0.846383 4.052623 21.436991 18.192578 2.644498 0.125000 7.405795 
0.773604 31.506041 22.089876 40.091497 2.576522 0.125000 6.370457 
20.628704 73.544594 0.619229 73.721210 1.426477 0.125000 4.232717 
22.073368 42.632154 0.755128 34.051695 1.881379 0.125000 6.799042 
4.675843 0.200053 17.128950 9.016291 1.742477 0.125000 0.797908 
66.839317 85.192064 81.865249 85.848284 3.043006 0.125000 0.940023 
22.451530 16.101682 1.006244 0.113625 2.040149 0.125000 2.536664 
0.617074 71.562519 20.635900 71.054724 1.661660 0.125000 11.184171 
47.294726 25.165847 31.653297 10.867529 1.765991 0.125000 7.870688 
65.576052 98.505912 81.915026 97.585686 3.128652 0.125000 18.532534 
23.944240 64.348094 23.161640 76.877289 1.793049 0.125000 3.776944 
48.125000 55.625000 48.125000 26.875000 1.250000 0.125000 10.098574 
65.623435 64.164905 81.872533 64.043842 0.699468 0.125000 0.164584 
159.756818 77.002496 165.390376 60.131452 4.748830 0.125000 6.838852 
23.724438 30.632660 23.500846 48.129803 1.457536 0.125000 0.050694 
84.670328 125.625985 84.720363 110.617817 5.012474 0.125000 14.491747 
56.372695 119.120782 53.446892 110.515556 3.327776 0.125000 0.218275 
81.875000 61.875000 66.875000 61.875000 1.250000 0.125000 0.164584 
