62.845231 14.351582 63.811598 54.388599 4.261667 0.125000 35.973458 
104.412965 13.423765 84.394353 13.914482 4.085827 0.125000 23.269499 
13.143985 46.680408 0.399434 45.437024 4.824666 0.125000 1.232649 
11.780591 0.428979 13.541963 22.044737 5.721751 0.125000 56.767395 
103.613856 35.792520 101.933577 15.620121 5.398346 0.125000 36.600481 
13.180688 21.686648 14.673718 41.945109 6.508719 0.125000 37.883883 
75.700540 14.594421 66.723899 13.936445 3.648588 0.125000 7.870688 
84.713207 15.609135 85.710591 36.870985 3.745881 0.125000 26.567138 
64.333509 4.316639 63.826170 15.543713 3.063474 0.062500 2.485330 
90.467012 38.001138 99.736040 39.301509 6.536716 0.125000 6.370457 
119.115099 33.074779 120.576073 61.877482 4.378415 0.125000 37.506641 
15.046938 42.036698 17.031386 64.471734 3.845552 0.125000 8.695560 
118.399340 8.169869 119.549255 33.174472 5.454117 0.125000 14.691426 
150.677024 32.158792 174.098249 27.865307 4.241880 0.125000 21.492224 
116.895603 69.373318 111.979524 9.162347 5.085138 0.125000 68.630494 
106.902414 73.966557 86.842263 74.620017 2.946344 0.125000 28.160374 
59.373502 54.401504 58.234003 0.596219 5.581149 0.125000 56.991206 
153.137614 7.532873 133.097047 7.917136 2.451614 0.125000 7.917544 
173.854979 8.174608 173.123409 0.505906 2.963530 0.125000 0.820776 
71.875610 55.564582 80.624718 55.652952 3.787683 0.125000 0.883796 
132.809707 59.003842 126.235848 20.308862 13.208525 0.125000 104.289987 
173.874377 47.730675 164.789969 42.415728 4.315643 0.125000 13.192832 
136.873334 10.579503 174.368846 9.206898 3.930403 0.125000 25.060707 
107.329410 6.856740 108.585138 38.106510 3.847354 0.125000 24.962463 
83.124475 5.071217 106.874461 5.089133 1.266972 0.125000 3.456020 
69.184138 47.925939 70.361374 54.189614 4.147254 0.125000 2.576231 
84.042623 71.907690 78.734924 17.942070 7.198799 0.125000 75.455729 
171.739529 14.180001 162.909325 20.314553 3.879331 0.125000 6.799042 
151.876315 75.580192 133.105797 75.029202 1.762936 0.125000 7.389304 
134.363901 7.023330 135.154617 0.419023 4.169202 0.125000 0.218275 
173.382867 26.882877 173.727366 15.605217 2.765997 0.125000 4.336995 
119.577880 64.334120 119.232988 73.168257 2.741916 0.125000 0.050694 
78.138571 28.840204 69.368010 29.006623 2.618120 0.062500 0.293299 
154.648754 0.389914 155.866141 8.280647 4.468535 0.125000 1.229414 
16.324092 66.821117 16.775851 83.162298 4.024917 0.125000 17.891364 
152.098660 14.375052 152.095143 29.375345 5.001759 0.125000 23.020650 
173.683868 64.384720 173.472451 49.352533 2.657961 0.125000 8.756152 
76.879509 7.348081 66.879845 7.290051 3.764445 0.125000 1.229414 
158.783021 65.667811 158.113829 36.875260 3.632810 0.125000 40.829675 
158.099180 28.120870 160.142352 15.347846 2.995577 0.125000 0.664633 
109.246677 43.113681 109.536886 71.873366 3.951615 0.125000 35.748427 
107.186619 135.708276 106.366026 101.826778 7.951784 0.125000 42.146245 
19.478220 64.627786 60.674996 68.891983 2.314399 0.125000 13.158455 
14.397689 83.583432 3.113464 84.141923 3.930788 0.125000 0.294986 
139.122058 56.889685 139.994185 71.911623 3.816145 0.125000 8.275987 
116.887421 77.135865 90.637417 78.385777 1.664751 0.125000 7.653196 
174.391028 79.155826 138.130358 79.719615 4.021608 0.125000 23.734118 
151.622943 38.070291 153.615524 74.416636 3.675953 0.125000 63.514977 
94.663473 41.868190 95.371971 71.880973 2.646804 0.125000 19.604676 
92.092537 69.399369 91.442427 41.855706 2.882744 0.125000 20.949977 
130.577885 70.663454 130.278398 60.561162 3.748353 0.125000 12.807844 
68.755943 106.881694 69.120868 140.627748 8.790038 0.125000 57.417622 
81.283197 123.156560 82.007963 79.335851 6.538544 0.125000 40.070265 
127.215952 15.982965 129.154580 0.597227 6.357236 0.125000 21.492224 
69.005693 79.406499 69.492289 104.421349 10.071041 0.125000 57.022314 
51.893485 65.447099 24.430221 62.593545 2.228243 0.125000 8.488164 
135.718717 71.899043 135.457835 59.352485 2.759317 0.125000 12.058439 
88.124074 104.370690 88.046545 126.874730 2.577501 0.125000 17.072773 
71.332868 58.120583 71.426505 73.127798 3.804522 0.125000 8.275987 
108.992846 102.204945 102.079884 94.198107 7.181400 0.125000 10.768851 
68.134545 10.769829 79.417917 10.026226 1.658293 0.125000 0.164584 
146.316894 63.985427 142.483638 55.930207 4.514860 0.125000 0.923527 
148.939728 70.823511 145.719215 63.761954 4.967971 0.125000 8.756152 
117.242899 95.598654 116.078764 79.342505 2.493614 0.125000 12.807844 
162.109471 41.863768 163.008462 60.630583 1.786863 0.125000 11.001664 
120.191499 78.068685 122.348474 109.342344 3.010131 0.125000 8.875252 
91.543105 137.017796 104.616024 133.099058 10.417336 0.125000 7.695706 
1.361254 73.150390 0.433818 54.384448 1.556983 0.125000 7.389304 
25.193118 11.885828 24.910445 0.611575 1.500253 0.125000 1.970764 
61.090749 66.918686 60.462154 55.634071 1.317587 0.031250 3.475914 
