57.493847 5.585816 56.556584 20.682835 4.130065 0.125000 10.695739 
57.191065 21.827127 56.098098 43.149251 6.625749 0.125000 35.466565 
119.856417 31.867277 119.567286 60.639493 3.975901 0.125000 30.107196 
119.532225 5.586319 120.120609 26.991942 6.453718 0.125000 9.585236 
101.808938 34.500142 100.989980 9.526999 8.274399 0.125000 45.477503 
83.937068 11.874804 83.926992 34.375919 3.759515 0.125000 33.230150 
51.618082 68.126409 51.247854 0.621584 2.787893 0.125000 84.877259 
69.404406 10.954018 61.872174 10.713519 2.658292 0.031250 1.681407 
115.152335 71.879985 114.809455 39.370418 2.750340 0.125000 29.379557 
91.788009 36.080944 98.508832 37.363233 6.607790 0.125000 3.048414 
63.140386 22.887487 73.179233 23.537789 2.898790 0.125000 1.720471 
65.070764 35.610605 65.459062 54.378433 3.775054 0.125000 4.032282 
75.651950 26.080228 63.121864 26.822021 2.864990 0.031250 2.060903 
118.869675 61.682100 117.196187 76.910297 3.850495 0.125000 8.488164 
113.536469 30.451448 114.119719 19.231768 6.760717 0.125000 5.045066 
107.813789 3.127414 107.730229 35.627199 2.573910 0.125000 33.717641 
158.141180 77.532921 133.125702 76.849314 2.567360 0.125000 17.040467 
159.432289 23.516864 174.655161 21.291343 3.558641 0.125000 4.824161 
79.027261 63.095263 77.423640 14.439314 7.028945 0.125000 66.221119 
127.053319 10.812107 137.942923 0.433950 3.662009 0.125000 7.098330 
79.925258 73.138366 79.733863 63.118145 2.642775 0.125000 4.680034 
92.193724 38.124724 92.222925 71.874699 1.278120 0.125000 9.438675 
127.934856 24.397455 127.797852 15.610611 3.846982 0.125000 5.962107 
89.314770 70.637456 89.655134 38.127933 2.761590 0.125000 23.896917 
105.638200 74.993258 81.845670 75.501225 3.882552 0.125000 18.893826 
81.873529 1.131087 106.873317 1.203776 1.322684 0.125000 6.486214 
91.875000 13.125000 91.875000 33.125000 1.250000 0.125000 3.776944 
66.868954 54.528483 76.902623 54.923696 2.744052 0.125000 1.697763 
144.371915 74.643123 156.870260 74.786943 2.542983 0.125000 1.653093 
107.591629 36.866764 108.008339 73.126341 4.008314 0.125000 20.081346 
65.960253 56.870548 65.881129 73.126247 1.322996 0.125000 1.067674 
127.166048 54.373413 127.002442 24.367490 2.602195 0.125000 27.027597 
74.447029 3.057169 65.577632 3.597576 3.027517 0.125000 7.389304 
89.735719 33.142653 89.338370 13.125727 1.572263 0.125000 3.776944 
62.540131 92.998051 61.145139 126.896405 12.695016 0.125000 124.236931 
75.627688 129.480596 77.694276 80.501344 8.283751 0.125000 59.249962 
101.726643 131.907586 102.099337 119.307688 7.533679 0.125000 17.991916 
47.773398 39.376144 47.679895 10.626448 1.327235 0.125000 10.098574 
84.342781 110.624501 84.013339 131.908099 3.981703 0.125000 33.717641 
167.794696 64.443895 168.909973 29.320542 4.997481 0.125000 48.241650 
162.232136 0.640478 161.308238 21.958783 5.428287 0.125000 32.699616 
169.556975 19.401124 172.270009 0.502261 4.771639 0.125000 5.049777 
131.581498 71.875356 131.598261 26.874431 3.750000 0.125000 51.531666 
113.130756 79.319038 91.875224 79.421510 1.899076 0.125000 3.776944 
143.424479 54.385191 142.785707 73.155991 3.008710 0.125000 21.725979 
101.025625 119.578960 102.926428 104.196006 8.837247 0.125000 7.596806 
160.378811 30.616889 160.752598 76.873969 4.113495 0.125000 78.507364 
56.256181 44.314985 54.551495 61.892117 4.976650 0.125000 8.604442 
105.098732 70.631116 105.341746 41.872606 1.482326 0.125000 7.697740 
135.709394 26.849423 133.417268 19.286422 5.147622 0.125000 1.454630 
0.606911 63.315579 39.363694 66.994119 2.134482 0.125000 21.402828 
139.400313 45.622324 137.295906 25.712633 3.789791 0.125000 15.743835 
118.235501 80.538950 120.056619 109.331888 2.874585 0.125000 10.792579 
172.595912 29.385681 172.095962 63.128274 1.638756 0.125000 24.777277 
114.932205 99.380588 115.120343 80.619939 1.437959 0.125000 12.304394 
134.376110 79.348370 156.889100 80.286693 1.873561 0.125000 10.310893 
60.070339 128.908298 65.870150 137.549441 10.051727 0.125000 4.893109 
174.380030 82.719426 135.604988 82.238516 3.625695 0.125000 20.300265 
53.155300 79.953341 41.870785 80.544544 1.771477 0.125000 1.067674 
169.452740 77.940690 167.726724 65.506768 4.608770 0.125000 6.119189 
82.324748 49.358778 83.091838 70.626196 1.744812 0.125000 13.710934 
54.874064 63.093249 55.755413 76.946230 2.891788 0.125000 5.301648 
153.776440 72.675342 146.014523 54.747547 6.232159 0.125000 24.422870 
49.375000 31.875000 49.375000 65.625000 1.250000 0.125000 13.710934 
138.051585 73.137121 138.322247 46.864155 2.757402 0.125000 42.609814 
64.368048 6.431094 78.134248 6.215507 1.465154 0.125000 5.583124 
