138.144011 64.720268 115.627687 64.247142 2.867087 0.125000 21.306669 
91.874958 66.926048 111.874945 66.942315 2.515250 0.125000 14.971112 
110.344662 50.417121 127.065925 54.915260 4.037750 0.125000 15.479921 
105.848833 101.331924 90.776727 106.104196 3.634789 0.125000 13.650421 
88.655069 67.195315 96.775739 49.988233 4.648631 0.125000 2.731539 
115.621683 67.325369 136.870530 67.481877 1.378859 0.125000 3.370729 
96.651676 56.008194 108.701430 63.030754 4.048171 0.125000 7.274493 
150.914492 114.809948 137.085790 112.871354 3.563295 0.125000 1.036501 
124.764033 100.325247 113.295377 97.446285 3.642141 0.125000 12.807844 
124.906340 54.240497 137.073241 51.507559 5.302533 0.125000 9.505731 
133.800222 68.936022 124.793872 106.374354 6.231406 0.125000 43.797410 
79.883296 119.001427 87.812723 91.784022 6.302935 0.125000 48.868549 
117.014697 63.062566 112.248943 52.399214 4.443708 0.125000 11.074856 
113.104944 69.137500 107.473325 99.253137 4.305371 0.125000 44.232567 
112.301976 95.707011 117.386920 69.233233 4.300181 0.125000 37.443052 
138.090939 51.547844 174.467204 47.760616 3.263207 0.125000 48.447225 
50.799340 104.145912 73.670253 121.551060 3.978861 0.125000 30.234216 
174.489393 35.071496 149.346420 39.200985 2.687492 0.125000 21.498652 
87.245590 91.751299 88.407720 71.746195 5.281554 0.125000 43.480279 
92.418142 106.805729 93.343581 130.761423 7.253144 0.125000 48.062208 
135.961719 110.887027 141.418490 77.843191 5.544178 0.125000 33.224126 
118.135414 44.277728 97.965128 42.118300 4.306267 0.125000 9.741766 
96.438422 133.906523 102.378025 137.224529 4.011377 0.125000 3.456020 
5.583102 4.372968 2.734932 63.106084 4.388675 0.125000 73.977519 
137.135834 55.420625 138.365588 64.511546 4.386413 0.125000 1.702576 
129.466199 112.109409 110.754836 110.429151 3.287776 0.125000 9.284128 
139.374118 65.570107 174.385164 65.007352 2.620214 0.125000 35.005105 
97.093114 41.471702 75.353709 47.071870 2.769608 0.125000 2.720074 
166.722641 15.115991 174.636100 12.747296 3.111896 0.125000 2.873854 
5.589865 110.220754 46.854075 106.634246 3.411206 0.125000 45.114425 
7.806706 48.111165 9.601052 6.830492 3.583615 0.125000 45.417144 
148.127639 141.109238 174.383671 140.966160 2.588513 0.125000 18.779381 
53.240890 65.588161 85.702756 68.511604 2.938397 0.125000 26.492683 
143.055723 88.762221 174.477915 92.178381 2.917424 0.125000 36.418285 
106.880276 34.288211 138.166640 36.189976 3.026289 0.125000 34.410704 
159.437236 54.118003 140.632347 54.639777 5.032746 0.125000 23.400890 
174.420688 71.604667 139.263970 73.244251 4.819875 0.125000 39.912082 
174.415218 107.904341 140.647812 101.749840 2.241346 0.125000 26.747503 
140.697189 35.628819 142.557774 0.462718 6.901703 0.125000 90.847568 
165.884076 0.585793 165.386370 13.165016 2.942812 0.125000 15.517114 
123.142854 123.089276 100.640893 111.843199 2.237238 0.125000 9.563678 
68.269318 121.666108 54.285273 112.004875 3.552582 0.125000 15.342551 
131.894270 43.267916 155.551272 40.078186 1.809464 0.125000 6.799042 
1.884017 85.595148 1.432514 104.364356 2.860005 0.125000 19.423771 
73.198783 45.856747 106.733380 35.180179 3.247510 0.125000 18.073763 
118.117773 80.104917 128.133208 79.965753 1.388816 0.125000 1.067674 
174.398085 122.629993 155.630607 121.754769 1.714488 0.125000 9.195484 
145.733567 100.048323 174.408556 105.446761 2.297664 0.125000 9.741820 
174.391337 50.760097 160.541549 52.434897 2.481919 0.125000 8.292394 
174.503665 40.250117 131.823569 46.525194 4.001593 0.125000 65.547797 
53.039717 78.129317 52.531649 68.091763 2.686374 0.125000 0.797908 
89.234625 143.237818 80.917860 132.889630 3.706046 0.125000 3.521151 
111.781830 114.643940 122.986236 118.525548 1.636743 0.062500 1.785718 
45.694081 93.117411 43.764759 75.554720 3.167529 0.125000 5.595353 
70.596250 53.064262 81.720518 47.798639 2.319870 0.125000 2.510782 
174.340191 97.076353 146.798903 92.315190 2.676394 0.125000 14.115291 
12.822484 31.860992 14.269115 0.620097 1.653403 0.125000 11.086358 
