78.356922 99.374464 78.128877 0.622104 3.796175 0.125000 192.759055 
29.319580 86.675458 0.372303 94.715153 5.219415 0.125000 47.899640 
23.450736 0.609180 24.316802 86.875584 4.490182 0.125000 159.447204 
174.391271 98.334904 80.605559 96.867749 4.257899 0.125000 128.609860 
157.741907 9.476630 158.804625 0.411593 4.452214 0.125000 5.946800 
100.914744 90.532284 129.158770 96.627043 3.594884 0.125000 29.844582 
29.963140 0.609823 30.675494 86.884904 3.842758 0.125000 162.275822 
0.161443 114.589679 33.869931 99.496965 2.826401 0.125000 41.712915 
34.609572 99.376024 34.816921 51.876929 2.494520 0.125000 51.912561 
174.378952 87.480498 118.126545 87.600306 6.263297 0.125000 108.444220 
89.354689 81.847679 174.393517 83.260338 3.002049 0.125000 128.675069 
117.991096 88.932771 91.838134 84.597394 4.312782 0.125000 20.063090 
36.878442 97.802008 74.374184 98.201579 1.423086 0.125000 15.517114 
123.844898 30.007358 103.076102 22.001856 4.215829 0.125000 12.872920 
165.626749 31.930498 146.855998 32.522062 5.194391 0.125000 19.103668 
92.451798 88.659299 100.711833 90.140896 5.583526 0.125000 1.967896 
34.935020 49.364683 34.036803 0.608202 2.775867 0.125000 59.911855 
165.469318 19.386614 166.218128 29.424004 2.772055 0.125000 6.486214 
55.622302 100.912475 71.882601 101.065084 1.378988 0.125000 1.067674 
129.008565 18.115493 128.748461 28.141175 1.476511 0.125000 0.164584 
36.873692 50.727057 74.383552 51.207899 1.602393 0.125000 24.548014 
144.489910 33.240505 143.457133 23.091203 6.091346 0.125000 3.042730 
77.851626 119.504732 78.735312 104.337729 3.598238 0.125000 6.905508 
31.753197 102.847121 14.315998 110.490394 1.250000 0.125000 0.820776 
80.603389 92.796348 90.642178 92.136235 1.739415 0.062500 0.966439 
