84.253758 103.126340 84.153590 0.623995 3.844056 0.125000 195.835700 
44.275145 83.119082 43.850623 0.621266 2.918062 0.125000 118.165805 
58.226840 81.080604 45.257223 83.979667 4.606903 0.125000 4.191864 
55.958054 4.262348 57.544389 79.360860 9.153023 0.125000 141.293501 
110.648020 87.416618 86.841918 86.642988 2.945281 0.125000 33.578914 
129.805841 36.886289 129.305871 0.608725 3.904674 0.125000 43.490280 
3.152500 0.621662 3.394183 93.130828 3.736925 0.125000 176.837134 
106.080325 0.599978 107.598312 28.222637 4.087298 0.125000 22.871451 
174.384768 84.059191 98.118341 83.794628 6.466770 0.125000 125.384016 
94.360587 83.232080 109.424176 85.259656 1.905819 0.125000 3.456020 
107.206981 30.580876 106.961450 35.689236 3.805687 0.125000 1.067674 
140.627036 45.657561 129.265132 46.368060 4.132762 0.125000 12.058439 
0.267917 112.263071 59.693578 87.643985 2.672567 0.125000 74.238394 
112.802920 44.617881 96.894418 38.077767 4.354709 0.125000 5.868963 
95.621791 79.892296 168.123822 80.023935 2.504535 0.125000 74.614560 
141.964610 28.112996 141.796396 44.374187 2.642095 0.125000 18.201342 
168.703897 39.338296 168.072409 29.378334 2.811368 0.125000 3.456020 
28.460219 0.323593 37.343671 10.203602 1.859036 0.125000 2.873854 
91.111033 16.898791 91.907547 0.626593 3.806629 0.125000 5.865812 
153.309540 8.446586 150.921732 0.535438 3.476932 0.125000 4.680034 
144.359756 102.145619 174.394331 102.446715 6.412584 0.125000 43.159627 
36.583849 12.164760 24.738839 0.262899 1.250000 0.125000 6.486214 
119.335862 102.065527 141.887139 102.678223 7.327490 0.125000 31.001767 
41.432993 110.231436 53.789669 96.353820 7.583514 0.125000 3.712038 
63.120713 86.394868 81.877092 86.499302 2.590438 0.125000 9.378608 
103.101123 101.284279 118.171898 101.830097 4.109476 0.125000 12.171350 
61.875000 61.875000 80.625000 61.875000 1.250000 0.125000 0.820776 
38.383072 73.121513 37.572393 13.115578 1.435631 0.125000 34.482004 
93.045143 105.743606 100.683546 105.204468 3.021852 0.125000 5.583124 
85.247880 121.821484 84.479695 109.291944 4.201934 0.125000 11.964570 
61.834654 107.686179 82.008897 105.831306 4.649814 0.125000 30.652907 
169.186974 74.302739 174.273829 61.066510 4.397234 0.125000 1.939155 
57.900258 110.531531 58.598975 118.195747 5.206324 0.125000 7.653196 
62.098411 56.871708 61.269433 0.615504 1.434041 0.125000 32.675824 
30.605807 108.846574 40.683314 108.480558 5.042076 0.125000 0.940023 
88.234349 128.037668 83.239492 121.783560 3.710249 0.125000 2.510782 
61.875000 76.875000 61.875000 63.125000 1.250000 0.031250 1.681407 
