155.624959 60.619311 99.377940 61.028824 3.868207 0.125000 43.234612 
159.103450 94.416963 158.205908 61.872769 4.506714 0.125000 58.753595 
157.408885 49.392484 156.217127 0.580024 4.510355 0.125000 91.460477 
167.407378 60.524253 168.368396 89.449973 5.997513 0.125000 54.001454 
65.577791 96.876970 63.123572 38.072890 4.841343 0.125000 94.075574 
71.329574 56.902667 73.043558 90.692537 4.821702 0.125000 50.483194 
99.367444 58.515398 164.373409 57.943988 2.972354 0.125000 43.164144 
34.486562 93.740609 0.558890 95.769466 4.414857 0.125000 26.099643 
97.595309 61.798653 99.637802 114.510124 6.051716 0.125000 77.262668 
125.625328 48.284114 145.625243 48.242871 2.523194 0.125000 12.933632 
0.538302 99.793989 41.989186 95.469491 3.188847 0.125000 34.917623 
100.626001 63.043476 150.633810 63.657544 1.556869 0.125000 23.491411 
166.292190 0.570105 167.618446 46.889504 5.033728 0.125000 117.398799 
84.202008 115.632475 81.555629 54.388800 4.949062 0.125000 93.237190 
153.942957 64.450988 152.079458 84.510120 4.400425 0.125000 24.823557 
96.871399 116.805018 85.586957 117.385688 2.946355 0.125000 7.870688 
101.871162 84.164315 149.400932 83.298443 2.522353 0.125000 34.244782 
0.623235 62.894503 36.875290 62.957268 1.304103 0.125000 14.614024 
40.625000 63.125000 61.875000 63.125000 1.250000 0.125000 4.680034 
61.933964 25.624971 61.921730 0.624365 2.506728 0.125000 7.931512 
151.027288 0.596302 151.809768 45.647844 4.313827 0.125000 110.341563 
168.023942 92.951727 169.397585 102.060108 4.640098 0.125000 2.249350 
0.635944 90.838579 30.621266 89.302120 1.824061 0.125000 15.860896 
96.962626 31.873366 97.451607 58.090932 4.098991 0.125000 34.069352 
70.067782 0.611802 70.161303 14.378150 3.758405 0.125000 8.739380 
80.835749 41.947289 77.968229 0.722853 3.914438 0.125000 37.328842 
0.621794 85.267000 61.889269 84.718288 2.544678 0.125000 67.871661 
34.359731 87.476767 0.628446 88.271305 1.485137 0.125000 11.086358 
146.916200 45.645417 146.155267 0.594930 4.235003 0.125000 103.116843 
159.679208 0.615888 161.101853 48.110716 2.873133 0.125000 59.430480 
139.393113 67.593848 116.834093 66.824546 4.216448 0.125000 24.220883 
35.625592 65.565975 0.616573 65.214583 2.449691 0.125000 25.554186 
71.952155 34.520646 70.581815 47.007440 4.424719 0.125000 2.835356 
145.917327 81.117509 148.244117 67.925536 6.154993 0.125000 18.347765 
61.875000 65.625000 40.625000 65.625000 1.250000 0.125000 4.680034 
115.625000 65.625000 100.625000 65.625000 1.250000 0.125000 0.164584 
49.402042 98.884579 35.625005 98.124902 1.452672 0.125000 0.164584 
100.619310 47.714517 120.632792 47.437075 1.509782 0.125000 7.653196 
66.531824 106.798067 79.393785 110.560786 3.248175 0.125000 2.486513 
33.183378 100.970139 13.118759 101.704458 5.179521 0.125000 7.799532 
129.383668 97.162933 101.870971 97.991142 2.649314 0.125000 13.137834 
81.740798 0.558288 84.360605 44.375861 2.719352 0.125000 29.897934 
140.095070 0.178452 128.585791 46.054202 7.895701 0.125000 104.947634 
34.375000 39.375000 20.625000 39.375000 1.250000 0.062500 0.616176 
60.791591 112.472756 35.524322 106.019178 2.191568 0.125000 4.634728 
151.879552 100.599044 134.263651 97.509984 1.878917 0.125000 2.560371 
126.866994 50.183781 100.625634 50.659954 2.340838 0.125000 4.557628 
