88.354657 55.629931 88.276124 39.380311 2.572463 0.125000 2.249350 
46.569192 36.891011 46.739078 26.872695 2.605610 0.125000 0.797908 
42.641840 40.627193 42.590759 29.371752 2.528338 0.125000 3.456020 
81.889614 20.041804 68.118833 20.343614 3.831268 0.125000 14.686571 
92.318783 50.616697 92.666180 16.883148 1.597481 0.125000 17.533313 
57.093223 28.129835 56.927143 35.626155 2.527073 0.125000 0.164584 
35.870568 15.721342 33.294153 55.716419 4.224381 0.125000 30.254960 
57.798525 35.543242 56.251954 41.718972 3.866438 0.125000 1.697763 
54.288868 39.374698 54.332670 26.874852 1.293794 0.007812 5.655071 
68.127530 25.311676 80.636808 25.412689 2.510012 0.125000 5.219043 
48.030197 22.197736 55.653196 22.657241 2.796318 0.125000 0.164584 
84.722965 43.100845 83.242914 21.780042 3.567868 0.125000 9.277472 
53.106805 61.835945 52.874874 69.367297 3.902127 0.125000 4.336995 
81.881609 28.581001 68.122158 28.466478 1.364398 0.007812 7.683162 
90.613113 79.045653 68.142386 79.856700 2.318023 0.125000 4.864122 
91.369450 54.366620 90.996264 76.881154 2.686103 0.125000 18.201342 
64.263308 23.087520 64.884068 41.940554 6.575699 0.125000 35.907182 
44.418633 78.575136 30.556549 79.918835 2.850141 0.125000 2.249350 
139.286704 80.128725 126.667021 78.650378 6.285557 0.125000 14.491747 
78.126300 73.761229 59.373736 73.721505 1.289715 0.125000 5.172956 
87.946006 124.336218 86.492924 84.207781 11.949007 0.125000 98.607507 
145.625098 69.386932 174.373155 69.150591 2.664332 0.125000 14.382555 
174.577746 73.232760 154.283637 76.263153 4.816526 0.125000 18.537196 
134.386534 59.664435 149.412485 59.065630 2.945990 0.125000 15.860896 
106.034569 20.629091 105.784765 45.639081 2.587267 0.125000 25.451104 
80.677802 85.323242 54.373191 84.428175 2.711100 0.125000 7.190052 
108.051857 56.874584 108.250932 21.868608 1.299739 0.125000 14.614024 
44.475272 31.876628 43.988196 61.868718 2.641753 0.125000 7.558705 
63.920409 96.899905 64.285592 121.894569 11.358366 0.125000 72.244082 
162.212897 61.876986 162.572956 0.621755 4.087915 0.125000 124.609055 
105.288219 54.380592 105.682834 78.144796 2.520409 0.031250 3.590156 
148.146817 83.318216 168.173764 81.056867 6.370955 0.125000 22.413021 
29.779329 71.817654 28.264599 28.120161 3.234667 0.125000 29.297678 
174.453227 61.800402 151.886798 63.302278 3.075540 0.125000 5.868963 
45.302227 10.603779 44.233066 26.865668 1.821349 0.125000 3.370729 
64.120036 42.502429 61.666351 53.360326 9.912434 0.125000 18.265719 
170.627074 23.125037 170.221816 45.640242 2.634568 0.125000 6.633937 
64.157802 86.838490 62.112594 99.005417 11.715987 0.125000 49.330355 
36.876243 82.782638 51.876045 82.837078 1.290822 0.125000 0.164584 
119.545894 79.832233 122.566538 70.445291 3.952632 0.125000 7.697740 
159.634569 91.110300 148.025013 87.169567 4.376251 0.125000 3.294530 
107.715375 0.604262 106.639098 21.863057 2.243989 0.125000 9.366697 
174.397153 86.430343 158.125265 85.619677 1.870430 0.125000 7.389304 
64.706122 121.361272 66.622239 131.920865 9.948472 0.125000 23.291064 
33.152199 86.756456 36.415698 121.917630 6.249352 0.125000 53.195806 
43.072490 115.656989 42.642206 98.136857 2.714076 0.125000 8.533210 
5.625490 83.182161 26.873926 82.999859 1.260678 0.125000 3.776944 
30.625000 0.625000 30.625000 45.625000 1.250000 0.125000 21.838744 
28.125000 26.875000 28.125000 0.625000 1.250000 0.125000 7.389304 
0.625000 65.625000 0.625000 31.875000 1.250000 0.125000 13.710934 
26.898932 84.841451 6.879429 84.229994 1.478383 0.125000 2.873854 
4.538573 0.627275 3.634894 65.614708 1.597482 0.125000 42.596452 
101.875000 28.125000 101.875000 13.125000 1.250000 0.125000 0.164584 
