104.061864 14.073520 69.219739 21.105736 5.384557 0.125000 66.298669 
104.196616 0.486515 104.957330 13.239390 5.139990 0.125000 24.374822 
68.185873 23.085467 70.221962 90.599457 5.223810 0.125000 122.512416 
71.882369 90.546827 86.983840 91.970425 2.560288 0.125000 6.829207 
61.673067 31.823859 22.887282 37.843281 4.302426 0.125000 29.065164 
1.875870 61.090306 60.625665 60.980459 3.775702 0.125000 46.540149 
90.600345 79.289593 101.871756 79.528212 2.737553 0.125000 6.829207 
85.680726 95.262236 62.949062 91.770318 4.942030 0.125000 19.792362 
3.625389 83.279297 2.644358 70.565634 4.600507 0.125000 19.081657 
103.858591 80.594248 104.593092 98.115858 4.217893 0.125000 15.479921 
24.726863 37.024402 26.492892 18.089362 4.082038 0.125000 19.023505 
105.633923 98.052301 129.484890 100.979662 2.503856 0.125000 13.631274 
88.456371 93.219048 87.151015 80.468769 4.494347 0.125000 12.049956 
61.922967 92.387078 26.827497 90.105795 4.440695 0.125000 26.687057 
102.092588 96.444835 86.862378 94.472464 3.397866 0.125000 7.782856 
133.058823 53.904474 174.435082 57.417318 2.408709 0.125000 33.270409 
94.415325 25.886240 104.559519 24.320365 3.042818 0.125000 0.218275 
25.301338 17.045306 24.723077 11.702052 4.266202 0.125000 3.456020 
25.739100 89.340429 6.805391 87.658677 2.739952 0.125000 12.811411 
66.889398 84.476682 8.132962 83.739964 4.983935 0.125000 60.825805 
121.870586 101.925414 105.635584 100.504104 1.790315 0.125000 2.576231 
106.864833 55.495999 128.179469 53.816104 2.786911 0.125000 18.201342 
88.910179 76.886777 87.484340 20.609562 1.992641 0.125000 37.443052 
6.905109 81.422442 31.869520 80.479859 1.720737 0.125000 14.614024 
174.332099 54.953945 136.852648 52.176635 1.800829 0.125000 15.391931 
3.981869 99.401855 3.290329 89.278319 2.664566 0.125000 4.680034 
65.363541 43.181951 63.430703 34.308412 2.708761 0.125000 3.776944 
25.670806 67.951134 11.889402 64.320335 2.482570 0.125000 6.102063 
43.090274 58.252165 42.017440 36.867854 8.175314 0.125000 57.897226 
90.625000 31.875000 90.625000 56.875000 1.250000 0.125000 7.389304 
143.163067 99.621251 171.808228 95.193062 1.515822 0.125000 7.653196 
132.421032 91.902623 131.194790 60.651690 2.253025 0.125000 15.479921 
66.832236 105.208163 36.890892 108.279906 1.881325 0.125000 13.675756 
129.158013 49.381902 127.606503 0.601734 2.379524 0.125000 49.674496 
53.098485 96.592080 10.620132 100.573055 1.711091 0.125000 18.759376 
15.671531 10.621701 19.047461 58.236848 5.066662 0.125000 53.705774 
