104.325505 82.292241 174.404750 80.626858 6.812478 0.125000 102.407465 
116.860911 42.658656 174.364797 43.692493 3.547168 0.125000 49.070628 
135.624818 63.118827 153.146446 62.601864 2.756962 0.125000 0.614840 
163.403558 70.886315 155.565383 79.241697 7.180328 0.125000 2.012408 
174.477897 70.529477 161.860502 69.564579 3.548455 0.125000 5.301648 
169.003079 67.185663 175.036871 64.796645 3.704935 0.062500 1.407712 
174.385860 47.148580 116.879872 47.558464 4.088460 0.125000 68.345830 
174.403530 61.497928 165.581246 61.786266 2.621161 0.125000 2.873854 
174.398248 31.005302 18.144371 33.233448 3.713973 0.125000 253.111680 
166.904466 130.052107 111.840888 130.894031 6.249270 0.125000 110.242309 
174.459137 55.220961 165.573836 53.370698 2.702329 0.125000 0.820776 
110.703065 130.962377 50.820448 125.840093 6.800544 0.125000 128.504877 
13.126484 32.819871 0.620626 32.839509 5.001957 0.125000 4.934975 
64.378452 58.109038 13.352032 47.075092 4.920472 0.125000 66.407212 
152.048798 68.232134 114.281657 62.488805 3.439733 0.125000 56.379718 
174.681879 128.591470 166.547948 130.045693 5.801927 0.125000 14.081748 
174.370710 98.629196 48.119214 97.554981 3.622241 0.125000 95.802333 
103.113231 56.697141 136.859165 57.067572 3.708613 0.125000 17.784893 
114.368730 37.054505 153.158727 38.409434 4.358614 0.125000 22.677865 
16.876690 37.462082 109.379522 37.195765 3.929922 0.125000 105.542264 
159.365797 105.533175 174.464688 104.019845 2.861518 0.125000 13.710934 
71.905060 85.926454 103.341063 82.791803 4.975326 0.125000 31.111030 
161.878313 49.418758 136.926712 51.307983 4.211169 0.125000 7.810633 
54.055616 124.868812 36.459068 121.645954 7.706052 0.125000 34.285561 
10.911335 122.749607 0.031311 126.311584 5.550860 0.125000 7.931512 
174.374409 90.630347 140.622024 86.901945 4.001817 0.125000 30.697661 
80.666868 82.358150 55.638177 84.527057 1.951083 0.125000 15.860896 
90.637143 105.050109 103.131569 105.314019 1.460897 0.125000 0.164584 
114.962179 62.744191 87.436722 73.931556 6.081273 0.125000 44.860402 
101.881458 105.368833 161.878925 104.978940 1.615506 0.125000 47.903466 
22.922717 42.589229 28.206905 44.085807 2.405389 0.031250 0.983154 
55.666242 87.352448 71.795890 85.959167 2.275576 0.125000 5.962107 
7.128864 119.328254 6.297116 48.087965 14.084703 0.125000 218.947121 
39.304359 101.563180 90.546205 105.421475 2.357973 0.125000 23.127803 
74.576947 136.030001 65.572579 140.519871 2.237291 0.062500 2.108726 
53.620076 128.937010 31.105885 142.663734 3.566672 0.125000 12.701479 
174.455265 108.655447 135.671383 110.403877 3.858784 0.125000 40.759359 
29.149600 130.322703 12.511420 142.728539 3.243673 0.125000 17.072773 
26.842613 119.291709 11.701643 125.179173 3.883094 0.125000 6.633937 
54.379850 51.860302 61.887322 54.337659 1.590670 0.031250 0.465614 
88.881230 38.856125 96.930243 50.587096 4.183032 0.125000 0.891631 
35.366099 45.144067 53.352544 51.199079 2.404634 0.125000 11.184171 
87.661944 75.045422 81.239751 82.583812 3.136329 0.125000 6.102063 
116.904477 73.957680 91.847377 74.844695 2.011993 0.125000 6.848509 
13.322298 89.211472 28.282933 86.494698 6.709291 0.125000 7.799532 
115.607364 110.005637 76.852716 108.921835 3.058119 0.125000 51.446450 
63.055521 54.932403 76.902008 56.658324 1.862354 0.125000 4.680034 
63.269288 78.130485 63.937126 60.560842 4.222087 0.125000 26.567138 
23.105941 115.573873 10.494564 120.275097 2.779151 0.125000 8.756152 
29.262189 87.300311 41.868284 85.575902 4.784455 0.125000 1.992002 
139.381369 87.696092 83.115362 88.132560 2.819901 0.125000 32.215913 
156.875061 119.360233 174.385111 119.432727 5.015483 0.125000 12.406669 
84.418685 119.145242 109.005203 123.819943 7.013350 0.125000 32.039963 
141.814214 125.633045 150.604090 126.057756 2.497087 0.062500 0.293299 
109.353431 125.601406 140.615745 126.151222 3.991207 0.125000 26.888049 
151.881094 125.705963 164.404230 124.763331 2.149419 0.031250 0.964265 
