103.143374 60.128123 112.867227 36.025296 5.368213 0.125000 46.798721 
121.659475 27.425912 139.400144 21.956557 5.972607 0.125000 16.575611 
90.461384 72.945707 103.565223 60.987634 4.778107 0.125000 21.500653 
117.172959 32.299687 122.036783 28.887240 3.362895 0.125000 0.164584 
135.637666 11.528770 174.397571 10.985585 4.222561 0.125000 86.498120 
114.246952 57.757170 100.968378 74.644991 5.408349 0.125000 22.098620 
121.184027 64.907632 115.089508 57.001335 4.186898 0.125000 3.662037 
75.579200 71.985606 90.520193 72.488544 5.333595 0.125000 15.743835 
134.523534 21.945808 133.152807 0.623212 5.310464 0.125000 17.617317 
117.423163 70.895585 120.387322 64.890652 4.268386 0.125000 0.820776 
99.968757 74.616983 93.864568 78.590955 4.190257 0.125000 3.456020 
128.847571 88.660588 121.915382 81.833993 3.455278 0.031250 0.206899 
53.780278 0.578170 53.651821 5.638374 3.843958 0.125000 1.697763 
51.963351 7.080065 11.830342 5.535010 4.323076 0.125000 59.504567 
87.164168 79.762898 74.420787 75.488494 3.960264 0.125000 13.675756 
117.031172 103.223536 127.003810 87.417594 7.563710 0.125000 9.502259 
14.396365 1.122426 48.154644 2.080812 3.102030 0.125000 48.949632 
21.877735 40.268240 33.136655 40.354541 2.519089 0.125000 3.456020 
22.334953 28.051077 21.396550 38.080233 2.949494 0.125000 0.883796 
0.457861 3.301927 7.056573 4.074848 3.288274 0.125000 1.067674 
77.425603 0.615548 77.036900 29.377188 2.770040 0.125000 31.772734 
137.402483 0.446377 136.586062 9.462030 4.411121 0.125000 7.697740 
171.541220 14.002905 160.958074 23.496307 2.244230 0.125000 8.292394 
117.326269 121.891236 117.998371 103.210390 7.719869 0.125000 19.358656 
163.069912 25.561635 175.047509 15.148550 4.143031 0.125000 9.505731 
114.334524 85.548940 91.864794 85.301393 7.595937 0.125000 24.564401 
159.374531 84.379684 136.850074 82.123891 2.861244 0.125000 16.200067 
35.812252 51.869136 36.281572 66.854437 5.427970 0.125000 3.307159 
71.453856 0.619652 71.056700 31.896354 2.547413 0.125000 35.385094 
31.892034 84.182022 14.379718 83.975298 2.676881 0.125000 14.614024 
112.005484 131.046442 104.324917 110.643854 10.542249 0.125000 71.288805 
140.830254 92.219656 129.321611 89.610490 5.981766 0.125000 7.949579 
75.761481 116.717051 75.095154 131.961117 11.675957 0.125000 46.829887 
14.375441 81.088051 29.375428 81.073754 1.263105 0.125000 0.164584 
120.923133 144.521040 111.893011 130.278517 10.067200 0.125000 15.494181 
127.534894 131.664387 123.567509 119.233768 3.572458 0.125000 4.658263 
112.503415 93.149476 111.822848 110.622969 1.589594 0.125000 3.776944 
174.598675 93.463866 161.940915 90.356498 2.747820 0.125000 5.096564 
99.866493 106.421694 94.091134 100.923157 5.388489 0.125000 5.301648 
87.042811 84.649221 75.698391 82.698249 3.311272 0.125000 3.662037 
87.489853 96.830660 74.546433 100.061744 5.458419 0.125000 8.712693 
99.901333 96.350115 108.639265 105.112149 2.917835 0.125000 1.034919 
161.892514 91.339302 146.867707 90.848077 1.698639 0.125000 4.336995 
65.349633 16.865835 64.849583 31.890795 1.623515 0.125000 8.292394 
65.201864 0.594333 64.474366 10.632202 1.698516 0.125000 0.164584 
92.389118 50.376524 101.434766 57.022921 2.541341 0.125000 0.797908 
