129.575381 19.408796 129.292644 10.627652 2.780293 0.125000 6.486214 
122.350277 11.648703 123.520846 20.573079 3.880717 0.125000 10.098574 
132.462623 9.349537 132.843414 18.137202 2.768230 0.125000 2.873854 
159.517264 0.509230 160.678510 14.474491 4.358601 0.125000 16.190856 
125.723096 78.684721 117.146308 77.465867 3.530360 0.125000 0.883796 
135.637237 65.861273 148.168363 65.212263 2.755267 0.125000 5.962107 
149.374543 38.132937 138.161683 37.487613 2.998619 0.125000 5.219043 
127.211529 122.620929 82.020914 130.240404 8.033445 0.125000 112.482469 
136.385080 52.924143 135.196544 63.219839 2.578475 0.125000 1.653093 
148.263503 71.079944 135.497645 68.856060 3.908888 0.125000 7.098330 
150.104665 64.375138 150.098045 39.375140 3.755958 0.125000 27.273964 
140.763276 82.647693 126.356194 85.225892 7.473429 0.125000 3.700706 
154.331333 39.374869 154.252473 65.628387 3.817568 0.125000 21.492224 
136.847968 69.293326 137.601495 80.576482 2.824840 0.125000 0.218275 
154.043084 69.379513 154.212999 81.877203 2.601728 0.125000 3.370729 
75.819274 131.245052 112.878588 142.674011 4.320212 0.125000 34.701391 
157.413913 9.709244 153.621708 1.641524 3.393778 0.125000 0.883796 
112.892606 79.372301 113.002022 120.622011 3.852772 0.125000 48.642553 
174.623805 69.685156 166.921017 70.913553 3.900061 0.125000 1.653093 
114.533999 109.806473 148.226728 116.351306 4.837706 0.125000 41.647343 
150.354193 80.710516 149.789721 70.671968 3.884440 0.125000 0.923527 
139.423694 34.687301 159.519836 31.553917 3.320086 0.125000 16.311590 
114.674811 11.851969 115.438497 21.793303 2.875624 0.125000 0.820776 
165.624947 65.623428 174.407298 65.324774 2.710971 0.062500 2.527919 
161.668971 23.114297 160.953208 36.892051 2.626335 0.125000 1.229414 
174.641103 35.793472 169.131509 36.827065 3.455227 0.125000 1.067674 
160.710705 64.427768 159.628821 40.556843 4.881683 0.125000 10.557218 
166.249415 35.603723 165.055250 0.559225 5.863246 0.125000 44.969416 
119.247025 20.789428 118.182488 11.868140 2.834948 0.031250 3.866347 
115.190795 40.790679 112.057285 32.578486 3.324233 0.125000 0.797908 
89.589005 127.390267 58.097948 118.217875 3.751829 0.125000 44.384717 
160.147284 83.135728 159.894770 71.891399 3.720991 0.125000 0.149785 
112.327450 31.899324 111.372949 0.602189 3.184725 0.125000 44.364386 
69.630625 140.095642 54.530159 132.803691 5.046078 0.125000 0.519599 
112.691314 63.150755 111.868822 49.301133 3.014329 0.125000 0.923527 
28.274635 51.320791 33.862903 60.158403 3.557958 0.125000 5.096624 
166.396641 72.248290 164.346637 83.350572 7.053992 0.125000 4.346719 
138.101120 79.675264 148.126212 79.423195 2.687729 0.125000 2.576231 
166.673546 55.599180 165.509599 64.680628 4.959432 0.125000 2.742210 
171.837013 83.051204 162.376557 87.921021 5.050485 0.125000 3.294530 
90.026496 0.615977 91.757879 125.626622 3.905437 0.125000 156.512242 
0.538142 49.101363 76.867033 52.079213 5.824604 0.125000 161.458946 
147.002661 121.633088 125.464876 124.360569 7.456816 0.125000 50.389319 
28.606701 137.338249 18.362193 140.218615 7.896715 0.125000 9.867370 
42.233512 113.789632 33.366469 118.572649 3.237328 0.125000 1.855669 
116.736938 81.523455 124.439227 82.707033 2.470996 0.125000 1.067674 
159.463083 26.056267 146.728399 28.657215 2.199296 0.125000 1.653093 
59.790184 119.218535 42.806210 114.204926 4.932587 0.125000 14.382555 
28.602557 124.430576 9.851404 116.933459 3.714549 0.125000 3.307159 
45.494307 121.027602 66.921038 127.983178 2.377850 0.125000 0.940023 
79.402184 52.706502 74.151514 68.048514 3.143214 0.125000 3.012505 
167.731175 39.336377 166.250290 54.436324 1.634029 0.125000 2.576231 
79.323813 0.626232 80.406915 45.630249 2.499276 0.125000 17.787469 
165.640833 100.990914 155.605535 101.425138 1.627087 0.125000 0.820776 
71.388205 49.385869 70.298361 0.576472 4.998754 0.125000 53.976605 
