90.839851 26.826469 89.547923 54.383107 4.214197 0.125000 14.147607 
71.585713 41.885210 73.041320 83.127953 3.115699 0.125000 34.108749 
70.929261 0.589216 71.736626 35.656965 5.286387 0.125000 34.288676 
70.182470 35.036318 56.323740 16.026893 2.945540 0.125000 17.072773 
83.659437 22.083726 84.712945 0.458774 13.093437 0.125000 52.216416 
86.426100 46.851057 87.496898 26.774828 3.478373 0.125000 14.928551 
43.115725 4.097847 72.003784 41.491190 3.867565 0.125000 33.370960 
132.648237 49.371886 132.728807 69.376596 2.580530 0.125000 15.860896 
1.035377 111.877134 0.873313 48.127546 2.566724 0.125000 67.213025 
90.337900 55.569695 90.771363 63.116594 2.854270 0.125000 2.576231 
116.928748 46.968061 116.216489 28.245156 5.661642 0.125000 36.718847 
129.904293 76.827368 126.638153 40.533824 4.295095 0.125000 32.895038 
90.636866 0.504444 92.209231 16.962491 4.327407 0.125000 5.983381 
171.855702 45.624262 171.828727 0.624278 3.756743 0.125000 62.117346 
66.375400 59.355146 65.945760 43.116513 2.697053 0.125000 2.249350 
99.755375 78.195251 96.905784 42.920556 6.028405 0.125000 43.795756 
59.287494 85.625705 59.106256 63.117099 2.681082 0.125000 18.201342 
107.708571 48.842570 113.507064 50.069799 6.114552 0.062500 1.005729 
54.824666 63.112954 54.966531 83.129667 3.882790 0.125000 28.306011 
132.809720 19.334291 131.360444 30.558561 4.638692 0.125000 0.940023 
132.977831 69.023938 130.982550 76.964840 2.104246 0.125000 0.164584 
116.883269 79.759493 101.836463 80.083093 2.821941 0.125000 5.096624 
170.515736 51.657272 172.445182 61.766172 5.145693 0.125000 2.536664 
155.583931 51.455190 170.683989 49.977990 3.096639 0.125000 11.184171 
102.211117 30.602080 102.446671 46.902865 3.966343 0.125000 29.966554 
93.218699 1.652504 98.806874 4.005838 5.578342 0.125000 3.370729 
144.127702 31.975439 144.524436 28.014758 2.861312 0.062500 1.669734 
99.951975 3.518782 109.340999 0.518593 4.762753 0.125000 0.664633 
37.544276 90.622736 37.328638 26.873466 1.465631 0.125000 64.207914 
38.209166 32.213951 60.369481 48.473255 4.096955 0.125000 34.096097 
170.884762 64.246644 158.196073 53.044495 4.187402 0.125000 8.712693 
106.614910 78.137164 106.952973 50.625958 1.342060 0.125000 5.096564 
140.131216 58.149244 138.897675 33.025689 8.655673 0.125000 40.066538 
63.782429 35.636721 64.771552 85.641882 3.947032 0.125000 41.115891 
122.353279 38.140049 121.880520 53.164506 2.420137 0.125000 2.680153 
120.968946 23.087260 122.775382 39.550519 2.011921 0.062500 0.606042 
109.501734 50.624298 109.647143 76.873492 1.374619 0.125000 6.102063 
68.446225 3.987654 58.108419 1.959516 3.175177 0.125000 0.218275 
122.711699 61.791596 121.767593 80.619614 1.807693 0.125000 2.680153 
89.733471 79.272555 87.454964 126.902744 8.088718 0.125000 68.440527 
169.447689 39.564422 162.745593 42.136295 3.229717 0.125000 0.820776 
172.835752 80.527269 171.199679 64.443696 2.866669 0.125000 7.653196 
98.123841 42.151625 99.809659 26.923117 2.477231 0.062500 3.071946 
116.880942 129.398139 116.600753 114.333603 7.707909 0.125000 18.956911 
145.485998 39.295441 169.496298 36.785223 3.413184 0.125000 11.554906 
100.616728 21.184133 120.628826 20.944524 2.634510 0.125000 10.225862 
155.585641 40.622764 155.086152 49.415399 3.885754 0.125000 3.403198 
59.006650 101.876147 58.959926 86.872400 2.527237 0.125000 2.847294 
159.445457 80.622774 158.655100 55.608251 3.708654 0.125000 14.891772 
50.525986 9.438849 44.705107 0.412131 2.169797 0.125000 2.873854 
58.173218 5.446249 68.123560 8.130338 2.969489 0.062500 0.399485 
54.870084 85.611326 54.733868 93.131500 2.612781 0.125000 1.067674 
35.654348 93.364367 4.263202 97.213164 5.395454 0.125000 21.936181 
72.925315 83.183030 70.787095 121.883956 3.744290 0.125000 27.520458 
146.752149 66.874375 146.701249 76.880475 2.531760 0.125000 0.797908 
33.959898 21.871109 34.274504 89.375468 2.505798 0.125000 54.553563 
119.853504 116.905390 115.205170 105.028534 7.389537 0.125000 18.893826 
165.122850 27.962292 166.737354 35.382987 3.398534 0.125000 0.797908 
24.683841 16.873126 25.123764 89.378041 2.644054 0.125000 75.486932 
138.770894 32.094219 140.515421 17.006865 3.868759 0.125000 14.486264 
78.174791 31.873967 78.511698 48.116979 2.499462 0.125000 3.662037 
154.671505 55.617365 155.283505 79.383794 2.627882 0.125000 22.099308 
53.126874 83.437302 39.369868 83.519859 1.332491 0.062500 0.616176 
14.990026 51.804349 16.014646 60.723833 2.911631 0.125000 1.653093 
173.060531 83.186394 145.504227 81.831718 5.199065 0.125000 16.407882 
95.326348 124.364305 96.447212 93.064917 4.418625 0.125000 42.654811 
115.262970 107.060832 117.250868 84.190371 7.200699 0.125000 9.977503 
101.963489 100.671783 101.090745 125.641279 4.009694 0.125000 27.410457 
23.476013 61.752246 19.561813 50.559669 4.365059 0.125000 2.536664 
101.875000 60.625000 101.875000 75.625000 1.250000 0.125000 0.164584 
140.149541 76.905112 139.030681 59.238477 4.532567 0.125000 10.792579 
53.247982 88.741299 39.065001 91.571507 3.432881 0.125000 11.948253 
152.510200 77.057691 149.134189 65.696558 3.594652 0.125000 5.301648 
81.109924 70.859898 79.831667 53.092146 6.592674 0.125000 26.308242 
126.696538 116.859142 129.471243 85.633552 3.735282 0.125000 18.364339 
106.875000 45.625000 106.875000 30.625000 1.250000 0.125000 0.164584 
54.746720 93.171453 54.460516 103.163254 2.749507 0.125000 2.576231 
23.144980 83.522327 10.613810 84.152471 1.750649 0.125000 4.680034 
90.977320 65.613941 91.370537 78.140835 1.641564 0.125000 2.510782 
143.681135 78.128296 143.799697 58.121591 1.368498 0.125000 14.971112 
119.375000 75.625000 119.375000 54.375000 1.250000 0.125000 4.680034 
132.356914 84.371973 132.521815 110.628788 1.414830 0.125000 20.032564 
109.375000 30.625000 109.375000 45.625000 1.250000 0.125000 0.164584 
9.821374 83.116821 9.248969 51.877309 1.455891 0.125000 11.904754 
40.637401 49.798348 56.873469 49.322733 1.432472 0.062500 2.873854 
64.972706 90.587447 64.179591 104.363750 2.639557 0.125000 0.664633 
7.271347 50.624602 7.305223 84.375823 1.282619 0.125000 13.710934 
37.276925 113.132739 37.638301 94.365628 1.538552 0.125000 9.438675 
125.579653 20.688498 115.410100 13.425917 1.888592 0.125000 1.067674 
114.387741 12.518583 94.370314 12.098024 1.591055 0.125000 10.098574 
10.615794 86.726339 23.145152 85.950406 1.788454 0.125000 3.776944 
0.632901 25.117519 23.127448 25.467734 1.483353 0.125000 4.680034 
8.087818 33.644170 21.856717 34.630285 1.425397 0.125000 0.164584 
117.378132 1.344996 127.838698 12.195975 4.596760 0.125000 13.304151 
137.513942 106.970137 140.690733 85.634788 3.525016 0.125000 8.524990 
88.757885 132.985993 89.512475 143.207134 3.739822 0.125000 6.799042 
121.439069 143.211672 119.718009 134.555328 3.434255 0.125000 0.797908 
