5.611745 21.989354 24.399101 24.167076 4.588633 0.125000 6.790762 
15.029209 23.944340 24.558468 27.653671 4.144735 0.125000 2.249350 
80.638642 16.120694 90.631074 15.845700 4.998108 0.125000 11.948253 
30.544959 17.996988 46.801401 19.156692 2.582609 0.125000 1.702576 
73.464081 61.058581 74.697323 52.983326 3.489656 0.125000 0.883796 
28.190774 78.881882 15.676652 79.969379 6.659409 0.125000 16.094427 
70.395626 106.891577 70.220878 78.119862 10.007407 0.125000 31.338930 
71.876189 43.199680 45.632836 43.617367 2.619038 0.125000 19.754330 
0.440066 51.843059 4.184993 30.160395 6.584303 0.125000 36.739846 
69.606164 81.645436 48.099948 78.285348 6.753956 0.125000 19.613444 
59.372642 38.201889 74.358544 38.661523 2.613787 0.125000 1.229414 
14.573107 79.395196 13.273328 92.144984 8.451334 0.125000 10.222360 
9.208839 85.089750 0.139382 67.120096 9.522142 0.125000 37.515731 
60.668371 59.319638 71.948884 58.910097 9.061700 0.125000 3.524379 
101.757143 54.355402 101.570137 79.335286 11.277757 0.125000 64.192210 
13.035603 92.822274 14.233819 102.363658 9.616326 0.125000 21.765382 
1.518162 65.672892 1.143709 53.109540 2.722330 0.125000 8.292394 
78.279803 38.201208 77.905387 26.679041 10.035322 0.125000 9.566393 
40.358926 20.589846 39.953367 38.080443 6.306273 0.125000 30.107196 
5.623204 103.377888 6.972138 83.384563 9.824040 0.125000 42.648093 
50.629923 8.818839 33.131294 8.663956 1.393776 0.125000 7.697740 
79.605183 55.358266 95.843170 51.556951 3.728691 0.125000 7.695231 
67.100107 138.308266 70.884626 107.846658 5.732422 0.125000 43.854848 
98.839269 23.735459 102.201723 53.778833 12.005344 0.125000 45.128343 
30.966668 83.224680 27.745867 94.264389 4.650189 0.125000 12.811411 
96.607545 54.849366 80.543482 60.388593 4.360119 0.125000 5.868963 
49.389081 14.927926 30.621489 14.548828 2.726689 0.125000 12.058439 
174.437785 79.702696 109.358851 81.147677 5.082011 0.125000 75.027182 
58.512883 77.255575 60.076827 65.388031 6.359743 0.125000 11.797682 
89.733752 73.365895 96.966143 66.978196 7.057508 0.125000 11.688648 
121.892656 97.695505 174.406683 99.854279 4.568312 0.125000 43.918152 
49.119012 40.707738 49.859524 31.811284 3.113509 0.125000 1.720471 
51.864071 30.017342 60.633716 29.859611 1.896670 0.125000 2.873854 
72.775288 24.883214 63.334626 18.386908 6.244800 0.125000 10.526739 
61.680390 29.932251 70.441302 27.471094 3.134108 0.062500 1.347188 
38.317219 71.828362 38.563417 79.441667 3.950047 0.125000 7.389304 
63.320782 18.213005 49.272927 19.275724 5.740097 0.125000 14.491747 
104.745070 0.558507 102.859555 25.510484 5.362540 0.125000 21.782305 
65.640156 73.142807 74.416156 65.673356 9.093819 0.125000 14.787699 
49.393838 1.654904 39.360353 0.796126 1.778443 0.125000 0.164584 
174.388569 102.824464 125.625096 100.622881 2.094396 0.125000 32.369314 
170.892512 75.654583 170.493738 45.560485 8.765794 0.125000 113.531301 
113.899037 19.468390 114.770295 0.585564 3.515559 0.125000 30.869644 
22.089129 35.982404 13.248184 33.861510 3.938135 0.125000 1.229414 
42.171731 87.402790 34.477678 124.192163 10.979482 0.125000 120.863066 
112.429449 31.952409 114.212956 19.177859 6.189963 0.125000 22.997911 
112.075905 79.380473 113.336773 33.096716 3.748609 0.125000 54.722242 
98.491490 101.475188 101.110477 112.064092 6.080123 0.125000 4.503683 
174.269593 28.962048 170.900441 19.623662 5.879073 0.125000 5.595353 
68.145448 32.793346 59.351807 32.251174 1.632244 0.125000 0.164584 
