131.867780 31.517900 161.906047 30.910566 5.226392 0.125000 43.887804 
174.380986 98.645793 128.122730 99.177524 2.758451 0.125000 47.903466 
125.629571 96.193335 169.376741 95.841519 4.071550 0.125000 39.839297 
132.058271 0.600105 131.386315 29.392767 3.982293 0.125000 42.071000 
137.127740 44.490394 132.014865 55.688858 2.892108 0.125000 1.855669 
164.118935 30.817755 174.545425 29.660593 5.521017 0.125000 3.453467 
135.908414 54.578169 141.157097 47.256441 2.682914 0.062500 1.407712 
144.352191 63.020361 155.872238 60.509221 3.663963 0.125000 1.702576 
148.124054 40.621948 137.153643 44.023624 3.211554 0.125000 5.096564 
150.753346 72.031073 131.968611 69.827132 9.488127 0.125000 53.299150 
154.929452 28.137932 155.426162 6.841208 2.615905 0.125000 18.532534 
154.373610 5.724823 134.360081 5.446050 2.743495 0.125000 22.371880 
130.983389 50.677301 133.510062 33.363613 5.308607 0.125000 14.891772 
158.903700 58.215382 156.502894 45.696360 3.447463 0.125000 1.198571 
131.060504 73.129216 130.891222 90.615476 2.584587 0.125000 3.048414 
129.363397 100.599724 128.935097 143.158312 8.799873 0.125000 129.576152 
0.488116 106.110342 8.137720 106.713744 1.867259 0.062500 0.616176 
151.055362 43.347046 162.608672 39.190012 6.067767 0.125000 4.367750 
134.357704 1.178546 153.128435 1.765062 2.693974 0.125000 10.225809 
156.034058 51.169146 142.445668 61.384126 5.753898 0.125000 9.973546 
174.385107 72.186174 161.861354 72.267256 3.814663 0.125000 17.323294 
83.121411 101.002462 121.879792 101.370945 1.594563 0.125000 38.094364 
8.431515 106.248348 17.969313 101.558385 2.299146 0.125000 0.820776 
18.127164 101.374717 81.876633 101.190675 1.430428 0.125000 72.411783 
105.625000 103.125000 81.875000 103.125000 1.250000 0.125000 6.486214 
13.087387 107.895852 0.315950 109.992186 3.902949 0.125000 5.091660 
159.554841 28.134001 159.728041 0.619354 2.515687 0.125000 18.743487 
155.571625 143.426038 158.194636 100.324952 13.193091 0.125000 230.548835 
160.826478 79.232914 156.316715 74.964908 5.252621 0.125000 0.218275 
148.217682 80.335717 133.117041 81.792502 1.857671 0.125000 0.797908 
65.619950 102.874465 21.862533 103.756484 1.375702 0.125000 14.486264 
149.400080 87.696726 135.551171 86.885725 2.861103 0.125000 9.642303 
84.478991 11.875405 84.347410 45.624892 1.274357 0.125000 13.710934 
13.125000 9.375000 13.125000 31.875000 1.250000 0.125000 5.583124 
