174.415343 125.824824 90.793056 142.707412 4.124240 0.125000 117.915254 
33.145455 74.796031 9.390795 75.950111 1.673131 0.125000 9.642303 
0.603799 73.615657 80.680977 71.379865 3.434556 0.125000 55.037476 
70.610472 67.620225 0.596516 69.635334 4.108068 0.125000 92.213658 
9.314870 79.399818 34.435860 80.584706 5.701170 0.125000 10.433629 
117.891511 133.008003 128.230399 131.242074 5.139080 0.125000 11.074856 
79.689859 141.943675 117.426176 132.933407 5.716989 0.125000 70.942296 
175.427211 105.709812 137.188762 110.263946 23.435503 0.125000 236.421363 
129.222638 131.043251 137.143772 129.592239 2.889084 0.062500 0.293299 
0.584141 56.744778 174.421965 63.087891 6.911056 0.125000 329.945876 
78.707814 134.089596 114.640327 125.482699 4.774929 0.125000 30.845768 
137.459809 115.244643 101.377227 121.506853 10.493952 0.125000 87.132856 
64.409777 129.482062 53.895081 132.897555 7.102785 0.125000 1.962270 
137.926135 129.691039 145.864693 128.000706 2.965830 0.125000 2.576231 
115.592317 125.408986 144.438478 121.044549 3.561706 0.125000 29.844582 
75.921629 127.957044 65.345735 130.856299 5.580734 0.125000 4.191864 
145.843221 124.029246 162.304178 122.361784 10.562832 0.125000 35.466451 
161.941656 122.786886 174.405423 123.079608 7.585980 0.125000 13.356699 
124.530202 -0.046266 174.736427 11.561785 3.372035 0.125000 79.610018 
36.922121 140.917164 50.716504 138.692344 2.866172 0.125000 3.662037 
88.574079 124.895869 76.812494 127.878517 9.113469 0.125000 10.922076 
46.633678 134.744053 37.331700 137.292186 4.607507 0.125000 0.731012 
69.394070 141.104654 81.917340 141.414676 2.622592 0.125000 0.218275 
174.533578 6.221562 148.311179 -0.142171 3.384978 0.125000 37.191274 
81.990817 109.233860 69.266809 108.174542 4.566736 0.125000 6.633937 
121.018717 107.938995 108.147359 106.651479 8.333669 0.125000 16.282393 
174.819756 16.234956 107.238095 0.331982 5.152525 0.125000 105.688839 
107.968088 107.055641 97.951484 105.957027 8.152713 0.125000 8.821999 
134.252072 99.917862 125.390363 97.911178 5.428668 0.125000 6.281913 
9.375002 84.375016 0.626252 85.633704 1.771277 0.062500 1.669734 
0.599638 91.665799 14.449168 89.986788 2.180951 0.125000 4.232717 
141.126017 97.523528 132.844648 95.553527 6.310673 0.125000 8.739380 
117.007578 97.907767 106.853973 99.211203 2.194778 0.062500 2.108726 
