160.606422 79.458341 115.613042 69.428644 4.087132 0.125000 62.139959 
136.003569 33.047853 138.598846 45.783169 6.373732 0.125000 6.838852 
145.909216 4.831495 137.360500 1.769530 4.373375 0.125000 4.248691 
99.157687 13.973020 139.969875 24.431499 4.684769 0.125000 42.145716 
175.736551 17.366178 155.740039 12.638429 10.151383 0.125000 54.001248 
33.004241 10.013378 0.485590 3.861973 2.456436 0.125000 27.624343 
98.133746 97.987929 53.104009 97.704000 4.999901 0.125000 53.162945 
67.799129 5.621840 67.893603 70.627153 5.050861 0.125000 81.103000 
35.631702 79.651268 0.591675 80.501307 2.863044 0.125000 41.706724 
115.577341 70.250940 99.430198 72.308236 3.561944 0.125000 16.275264 
75.327007 6.513472 85.823254 10.033901 3.562697 0.125000 4.339063 
0.611873 77.021320 34.371965 76.619785 4.121389 0.125000 58.157315 
95.994014 75.703034 95.098177 94.289359 5.656166 0.125000 24.701793 
168.148941 0.024831 173.621500 11.641093 6.252040 0.125000 15.291999 
51.937267 95.223355 0.323095 99.011683 9.938817 0.125000 139.395500 
133.391144 17.210915 100.746917 7.706270 3.646229 0.125000 44.384717 
138.151552 95.848826 153.235849 94.059442 2.777093 0.125000 9.438675 
156.055893 11.186594 146.396033 5.140210 8.080094 0.125000 12.116880 
114.476023 99.634152 99.337731 98.951683 6.356250 0.125000 9.585713 
95.245715 12.997506 94.639578 20.743518 5.277311 0.125000 1.702576 
98.162805 30.426663 100.585679 15.618566 4.306307 0.125000 10.082962 
174.395425 98.083238 146.862779 97.647899 5.038900 0.125000 28.272052 
37.632454 83.281541 34.577225 0.479171 8.937803 0.125000 271.876557 
136.706359 5.354974 116.863761 1.940309 5.947468 0.125000 16.872798 
133.049122 80.832550 153.109818 88.166528 3.294798 0.125000 11.888850 
145.743725 97.942611 125.576110 100.185368 2.484683 0.125000 2.246834 
93.481238 21.011871 91.067670 31.032689 7.291487 0.125000 7.776105 
131.213377 50.674572 133.113294 28.124014 5.297176 0.125000 11.939636 
58.141306 6.809107 65.791488 8.702206 2.990733 0.062500 0.293299 
0.480167 86.206085 41.815214 84.316894 6.300553 0.125000 80.144439 
60.304082 86.978315 63.455881 96.768478 4.376382 0.125000 3.851484 
0.567330 1.004073 30.818021 5.606248 5.238879 0.125000 47.735922 
154.901358 14.550409 149.881255 12.091452 4.467416 0.125000 1.970764 
142.215401 26.567622 163.278764 31.171508 6.679786 0.125000 31.147469 
123.026273 82.226899 108.145478 78.052010 4.285909 0.125000 4.934975 
117.013413 72.943283 123.567335 77.935356 3.740595 0.125000 3.370729 
174.884271 63.660214 170.387469 67.939045 3.578338 0.125000 1.067674 
174.525256 86.238522 163.030589 83.524922 3.581914 0.125000 9.438675 
110.683241 74.061208 118.382037 75.490132 3.230813 0.125000 0.797908 
100.496340 82.369250 111.868869 83.208116 4.894500 0.125000 7.475045 
169.275360 27.234921 145.608903 20.683147 2.334525 0.125000 8.275987 
74.749647 19.310462 73.213731 10.394385 3.271160 0.125000 0.218275 
74.686067 40.561454 71.594339 25.426980 3.423932 0.125000 5.336485 
147.631941 44.186043 165.593021 38.031672 8.037628 0.125000 29.863897 
103.110472 54.542682 119.346890 55.949436 1.353233 0.125000 1.067674 
152.364308 61.585023 159.834925 57.777374 5.043944 0.062500 3.245848 
