93.338020 66.882816 93.982652 49.314737 6.383304 0.125000 15.278426 
93.738410 48.205018 94.651538 26.940552 3.692920 0.125000 0.993903 
95.623660 47.146255 119.379256 47.263622 3.836414 0.125000 20.136217 
71.340850 26.870722 71.565014 64.384322 4.984972 0.125000 56.839794 
113.079765 44.450010 112.061332 26.864209 5.063906 0.125000 15.409125 
121.521370 49.374681 121.537394 94.375120 2.509793 0.125000 29.414821 
85.649297 21.084947 73.116304 21.263032 3.820661 0.125000 7.274493 
73.125000 79.375000 90.625000 79.375000 1.250000 0.125000 1.970764 
119.418831 75.760045 95.705479 74.827820 7.297802 0.125000 46.916889 
82.020630 50.714824 81.196197 40.578542 2.897107 0.125000 1.034919 
94.035756 105.632267 93.499909 80.616969 5.186242 0.125000 43.397485 
109.394154 25.165045 94.316193 24.537142 2.497835 0.125000 4.339063 
70.715577 83.124370 70.941532 115.622799 7.604108 0.125000 66.944849 
153.097129 78.345897 136.791277 76.288568 2.480336 0.125000 9.642303 
106.867001 51.925955 119.449399 53.901038 2.082075 0.125000 1.697763 
71.382550 65.603346 70.941257 75.638907 1.633185 0.125000 1.970764 
110.521389 19.230289 98.067598 18.872383 5.249296 0.125000 9.079857 
99.873421 44.383842 100.139835 29.366393 1.471523 0.125000 9.195484 
90.654318 81.406741 74.366403 81.128830 2.584936 0.125000 13.710934 
136.882853 79.266431 150.651231 80.262367 2.583668 0.125000 7.870688 
111.492072 126.843202 113.381883 104.084937 5.711353 0.125000 22.982729 
96.461549 26.809211 97.844717 44.397042 2.390455 0.125000 5.301648 
83.136700 28.888398 74.361717 28.677401 1.459974 0.125000 0.164584 
74.357598 26.177193 85.635790 26.532611 1.564360 0.125000 1.970764 
119.419644 51.609286 106.854313 49.498126 1.854068 0.125000 3.776944 
0.346038 76.899424 20.790716 74.595598 6.630607 0.125000 40.353143 
168.170333 80.639227 170.761396 72.383208 3.894876 0.125000 0.218275 
95.573797 79.172280 109.351976 79.845919 2.497017 0.125000 1.855669 
87.922050 125.613618 89.040145 105.676322 9.086226 0.125000 35.795682 
71.411460 123.066053 71.703817 133.166138 5.106409 0.125000 2.835356 
106.924995 104.244178 105.668903 115.766059 5.241490 0.125000 12.171350 
117.406632 103.995419 109.877104 97.781197 2.610771 0.125000 0.797908 
82.675125 100.849426 87.356487 84.159440 4.960990 0.125000 3.033181 
19.643907 85.015111 0.569724 82.257317 5.664018 0.125000 22.143095 
123.379602 46.879318 123.761404 24.364595 1.588929 0.125000 13.710934 
68.125000 80.625000 51.875000 80.625000 1.250000 0.125000 1.067674 
134.338609 73.745092 150.605941 74.699765 2.056313 0.125000 3.370729 
44.375000 40.625000 44.375000 74.375000 1.250000 0.125000 11.416468 
121.708368 30.617668 121.102114 44.395993 1.688372 0.125000 5.583124 
158.125000 61.875000 158.125000 29.375000 1.250000 0.125000 12.807844 
50.625000 79.375000 66.875000 79.375000 1.250000 0.125000 1.067674 
156.875000 0.625000 156.875000 24.375000 1.250000 0.125000 5.583124 
159.375000 21.875000 159.375000 0.625000 1.250000 0.125000 4.680034 
43.125000 29.375000 43.125000 0.625000 1.250000 0.125000 10.098574 
160.719785 8.125491 160.435059 63.130487 1.250000 0.125000 26.563777 
78.125000 10.625000 93.125000 10.625000 1.250000 0.125000 0.164584 
