174.412401 41.304918 0.590488 29.901043 2.125140 0.125000 114.910815 
24.330214 130.149556 59.489228 126.837639 4.743506 0.125000 26.740470 
0.592251 131.431061 23.153896 129.766712 2.493225 0.125000 22.741834 
0.563858 32.846765 174.412115 43.785108 3.019435 0.125000 121.590592 
91.866806 124.247222 139.491595 121.193192 3.582325 0.125000 38.578333 
140.604612 120.151144 174.379455 119.751691 3.838434 0.125000 20.179752 
60.530767 127.107200 91.744665 124.217267 4.287278 0.125000 54.318989 
93.138607 34.102519 130.607591 35.973617 1.310788 0.125000 16.420204 
56.890210 31.598563 90.606912 33.453733 1.316786 0.125000 13.710934 
134.388174 36.634724 168.105353 38.483347 1.250000 0.125000 13.710934 
146.877191 3.097886 166.847827 4.711333 1.447262 0.125000 3.776944 
