152.911939 21.741214 151.543989 49.481957 8.599070 0.125000 40.714548 
154.095100 0.517172 153.526029 21.785392 8.713435 0.125000 64.583685 
138.548781 38.150482 138.777997 0.606092 7.728801 0.125000 155.496062 
150.436673 50.595533 150.051651 69.388863 2.525079 0.125000 17.323294 
150.628647 72.564078 174.385769 72.718527 4.999894 0.125000 24.962463 
140.934284 91.867728 140.695216 40.607183 6.273251 0.125000 134.595762 
0.609933 93.790768 136.898237 90.276025 2.893089 0.125000 142.722761 
166.910433 92.102450 141.897153 91.235697 2.714944 0.125000 14.776697 
156.496651 45.605087 155.246653 69.355087 1.379669 0.125000 2.560371 
84.367474 55.936330 135.617741 57.175284 1.581938 0.125000 36.288184 
154.375000 68.125000 154.375000 46.875000 1.250000 0.125000 4.680034 
147.201125 38.126477 147.141166 0.622576 2.549958 0.125000 44.415994 
64.333090 36.494761 131.857007 39.748411 1.970491 0.125000 39.185466 
49.375000 55.625000 80.625000 55.625000 1.250000 0.125000 11.904754 
140.087981 110.626752 140.039024 95.622833 1.294859 0.125000 0.164584 
