79.237040 87.913218 28.060186 81.112760 3.379617 0.125000 71.127865 
161.796291 68.559767 170.628741 68.223149 2.402070 0.125000 0.820776 
156.570181 95.935121 160.155206 70.558631 4.964560 0.125000 34.605983 
123.063724 89.790619 153.146985 94.225880 3.242155 0.125000 20.694162 
1.043381 48.146522 1.949389 83.155424 4.007452 0.125000 40.867602 
54.214108 90.346650 81.828589 91.626428 8.856355 0.125000 35.997293 
157.204998 53.120431 156.477744 0.595885 5.518695 0.125000 144.236960 
149.458340 95.938943 124.323705 93.701142 3.180964 0.125000 26.459591 
29.293600 84.875981 53.422112 88.796409 5.305238 0.125000 37.659976 
123.103680 67.353157 150.660365 68.581870 2.664560 0.125000 27.912643 
153.120290 55.584202 130.631386 58.180320 2.196811 0.125000 16.420204 
0.566198 98.546963 53.156059 94.812365 2.950927 0.125000 29.107472 
101.796480 92.139627 114.415565 91.134066 2.492100 0.125000 8.292394 
129.383184 55.699192 154.355101 52.944601 2.210821 0.125000 14.686571 
30.595187 98.978748 0.670533 101.230198 2.399173 0.125000 11.091767 
116.100057 82.004390 113.358713 65.585978 3.083444 0.125000 7.098330 
151.872482 65.734665 124.386970 65.103630 1.593963 0.125000 8.756152 
83.024726 90.883280 96.879694 91.804388 2.411574 0.125000 3.403198 
99.584542 0.626289 99.015657 93.130477 3.053427 0.125000 104.108717 
90.035116 0.623303 90.179746 56.876145 1.394618 0.125000 39.900544 
17.802368 41.982680 18.425137 29.389843 3.745423 0.125000 9.378608 
3.949312 44.382462 3.357523 10.620924 1.687953 0.125000 24.120316 
24.344845 77.453165 76.832456 80.190710 2.638099 0.125000 26.986419 
171.584653 0.591869 172.794512 35.636410 2.671026 0.125000 43.512904 
93.768814 55.626560 93.627272 0.623707 1.391530 0.125000 54.349984 
96.860198 94.113812 66.885628 95.812538 1.460178 0.125000 13.710934 
132.173762 62.004345 150.600765 58.013110 2.809334 0.125000 5.091660 
1.550886 86.846316 1.861584 96.875416 2.731037 0.125000 6.486214 
20.682764 86.279046 4.343948 84.695363 1.485358 0.125000 2.576231 
59.356237 96.631322 35.650538 98.456663 1.250000 0.125000 3.456020 
168.644018 48.105576 168.083427 33.126556 2.731994 0.125000 4.480242 
168.456280 31.869974 167.982270 0.627165 1.306744 0.125000 10.098574 
