40.160543 25.045170 44.753813 31.268046 2.579015 0.062500 1.785718 
20.623228 79.232184 60.632578 78.735753 3.858272 0.125000 34.981108 
22.241449 0.865227 26.456990 12.831912 6.310249 0.125000 7.648728 
21.972257 43.377580 36.042665 37.959688 2.876032 0.125000 2.486513 
60.833151 82.686051 19.374801 86.873034 6.105110 0.125000 54.049409 
36.928767 46.815290 50.116215 58.690030 5.573437 0.125000 20.114163 
46.869928 98.080060 0.505127 103.312876 3.987146 0.125000 55.205298 
33.574685 47.541761 23.224371 54.522341 3.832080 0.125000 6.953153 
8.020046 35.506335 25.903199 19.689544 2.808965 0.125000 12.321533 
155.590533 89.991521 110.591412 87.475787 1.937911 0.125000 17.093108 
49.172275 59.439850 54.830863 77.129036 5.475958 0.125000 36.846700 
74.375532 81.914618 174.391068 80.571549 3.413977 0.125000 59.505087 
63.125000 54.375000 63.125000 70.625000 1.250000 0.125000 1.067674 
119.375000 86.875000 156.875000 86.875000 1.250000 0.125000 16.420204 
19.288614 58.127410 19.846239 78.111851 1.458704 0.125000 3.776944 
61.875000 0.625000 61.875000 31.875000 1.250000 0.125000 11.904754 
153.111125 85.903658 116.888693 84.100010 1.310618 0.125000 15.517114 
50.625000 8.125000 50.625000 24.375000 1.250000 0.125000 1.067674 
70.625000 35.625000 70.625000 0.625000 1.250000 0.125000 13.710934 
18.144488 110.882449 0.650108 112.206701 1.250000 0.125000 1.067674 
174.375000 61.875000 158.125000 61.875000 1.250000 0.125000 1.067674 
73.125000 14.375000 73.125000 35.625000 1.250000 0.125000 4.680034 
