64.449849 51.903854 65.567273 0.596519 6.248518 0.125000 86.709955 
0.786702 11.402244 6.613888 19.561482 5.086082 0.125000 5.664267 
5.586891 20.017150 0.106670 31.630404 4.051908 0.125000 17.323294 
77.552947 88.168399 78.444867 74.235439 5.069642 0.125000 7.030996 
79.411019 74.585860 78.215629 60.617244 6.440402 0.125000 18.893826 
94.348513 19.601497 92.740962 28.285307 6.373118 0.125000 3.586135 
154.369039 31.517428 166.878137 31.471045 5.023140 0.125000 3.770729 
111.653789 36.657515 124.517542 37.904211 4.132627 0.125000 8.084162 
93.697665 28.580536 97.501410 37.307109 7.080836 0.125000 1.579054 
76.936373 59.426228 68.131328 59.638045 8.837654 0.125000 4.705434 
143.103147 7.961540 100.528527 13.653386 3.968715 0.125000 29.065164 
131.362321 37.174115 139.783958 32.633509 4.573416 0.125000 1.198571 
174.476769 91.044345 79.357092 88.931050 10.497579 0.125000 380.633613 
68.602626 61.883967 68.109987 88.124718 2.804580 0.125000 24.830979 
159.236124 19.804211 147.953922 16.153736 2.028649 0.125000 2.873854 
159.598451 8.937489 151.624722 4.865037 3.908196 0.125000 1.855669 
174.457051 7.422348 159.374356 8.110891 3.404070 0.125000 14.971112 
0.619584 63.330766 45.654187 64.516165 2.564917 0.125000 48.788863 
66.892536 89.157624 33.060195 86.428318 5.586886 0.125000 50.833986 
45.620526 67.026274 0.622916 65.695472 2.136314 0.125000 37.669546 
46.640018 63.008562 64.762298 26.436314 6.225417 0.125000 108.334480 
84.263365 29.438565 85.875395 0.569183 2.914251 0.125000 23.911826 
80.637137 81.418314 100.623022 81.949442 1.448802 0.125000 3.776944 
0.621500 79.530315 65.616668 80.994776 1.964370 0.125000 36.739846 
149.374244 66.929602 84.369395 66.030061 1.716870 0.125000 53.696074 
89.357253 62.832759 174.374386 64.408118 2.291145 0.125000 44.752772 
39.448633 80.100168 45.105335 69.775123 6.892364 0.125000 12.054691 
66.875000 106.875000 39.375000 106.875000 1.250000 0.125000 9.195484 
144.382139 83.050840 161.840679 84.731523 1.250000 0.125000 1.970764 
87.443190 54.473347 83.985316 30.500905 3.021772 0.125000 15.743835 
158.130158 78.085532 145.518824 76.437500 2.211289 0.125000 1.697763 
64.375000 93.125000 41.875000 93.125000 1.250000 0.125000 5.583124 
133.109212 138.612550 115.627543 138.046456 1.451628 0.125000 1.067674 
138.125598 60.543904 121.876482 60.424069 1.305276 0.125000 0.164584 
110.625237 138.099904 96.876469 137.969800 1.297257 0.062500 1.669734 
