132.810298 25.871195 135.433994 15.903756 7.316891 0.125000 9.479218 
136.857994 54.366741 142.233329 43.299032 4.465397 0.125000 1.668182 
62.203972 10.365096 58.802514 22.418923 4.216762 0.125000 1.349337 
146.249763 33.268910 141.896516 52.167885 3.743336 0.125000 9.479218 
117.319938 31.863029 116.668981 75.640524 4.046946 0.125000 56.129509 
155.259804 23.153859 153.461765 0.400827 8.821279 0.125000 58.098208 
112.505463 86.867046 111.811468 31.860031 6.028732 0.125000 84.732832 
140.217344 52.906537 133.618721 65.219710 2.282636 0.125000 4.232717 
68.431092 0.579420 67.883297 11.923689 2.858831 0.125000 5.962107 
130.963119 76.791087 132.466919 60.449414 3.390591 0.125000 2.089640 
58.383007 20.623663 58.577260 58.122657 6.288767 0.125000 36.440965 
44.433704 12.512313 0.488299 8.301733 3.561595 0.125000 64.353011 
154.403268 30.631662 157.178325 18.857275 6.152988 0.125000 20.451231 
153.554341 40.774515 154.447490 30.742744 7.248747 0.125000 4.746480 
127.293822 0.623920 127.345397 20.627010 1.301563 0.125000 3.776944 
170.519515 39.836189 167.311568 47.797223 3.478231 0.125000 0.883796 
0.479677 3.151775 52.197866 9.038378 5.190074 0.125000 99.321663 
58.635344 57.916147 57.556219 68.196507 4.120994 0.125000 2.486513 
0.326134 17.590090 13.635821 23.152772 5.095315 0.125000 8.712693 
40.842955 20.338980 50.894366 18.066362 5.544791 0.125000 0.553250 
27.671702 24.399853 39.194281 20.136563 4.689318 0.125000 6.905508 
151.984738 73.076353 152.544709 45.562309 6.528491 0.125000 27.929202 
139.393486 41.900588 119.379176 41.598419 2.650674 0.125000 8.275987 
63.087141 15.926388 88.125291 15.651520 6.208458 0.125000 16.089658 
55.311646 91.692478 54.109413 101.989931 5.546082 0.125000 5.101639 
58.406937 70.510347 55.855829 92.050383 3.348110 0.125000 17.249225 
141.866886 0.616759 141.925055 9.382962 2.558005 0.125000 6.486214 
115.626325 78.218678 130.623325 78.006563 3.802659 0.125000 17.321641 
173.436945 25.687137 171.665128 34.582185 3.433556 0.125000 6.102063 
123.909548 18.134745 124.127070 0.621921 1.467250 0.125000 1.067674 
154.327427 91.655645 114.354895 89.810563 10.335186 0.125000 89.402849 
165.657933 48.367036 156.899997 49.558709 2.645705 0.125000 1.970764 
124.423736 39.783571 138.127851 38.148902 1.389255 0.125000 0.164584 
117.178532 18.130506 117.496274 0.613595 1.567177 0.125000 6.486214 
119.410352 37.105376 138.103790 34.236783 1.425136 0.125000 1.697763 
25.625000 65.625000 9.375000 65.625000 1.250000 0.125000 1.067674 
45.625000 63.125000 30.625000 63.125000 1.250000 0.125000 0.164584 
51.880204 89.406125 34.449434 92.320230 1.439006 0.125000 1.697763 
155.665359 55.894199 174.369750 53.089983 3.152556 0.125000 9.886491 
44.375000 79.375000 29.375000 79.375000 1.250000 0.125000 0.164584 
30.625786 51.830043 46.870826 52.113880 1.337157 0.125000 0.164584 
10.633840 67.673429 26.877615 67.991426 1.469954 0.125000 0.164584 
45.628580 68.041574 30.602610 67.396731 1.731203 0.125000 0.883796 
34.326155 95.413811 52.035275 91.317981 2.154034 0.125000 1.454630 
8.125000 54.375000 26.875000 54.375000 1.250000 0.125000 2.873854 
31.890315 42.869130 48.156857 43.842758 1.471821 0.125000 0.820776 
26.875000 85.625000 43.125000 85.625000 1.250000 0.125000 1.067674 
25.624128 70.466119 10.624580 70.548454 1.332318 0.062500 2.873854 
26.875000 56.875000 10.625000 56.875000 1.250000 0.125000 1.067674 
51.886979 101.060745 38.122935 100.980874 3.807965 0.125000 3.782874 
9.386500 57.900273 26.904592 58.796709 1.503892 0.031250 0.964265 
41.923630 83.829326 30.641109 84.608317 1.419231 0.062500 0.465614 
170.543896 98.698267 151.641698 96.024048 5.137763 0.125000 8.875252 
28.119640 48.212847 11.853927 47.220357 1.780590 0.125000 6.486214 
56.162161 101.976810 57.322722 124.351777 4.003961 0.125000 19.324164 
88.155165 16.293277 101.868291 17.004371 1.507250 0.125000 0.164584 
69.341770 19.690174 103.111753 23.250642 1.273433 0.125000 0.434640 
26.906940 52.563211 10.638458 51.638286 1.531795 0.125000 2.873854 
30.647238 35.940503 16.877542 36.911069 1.774240 0.125000 1.697763 
26.910191 81.817124 41.897131 81.374712 1.692061 0.125000 1.067674 
6.890701 72.436767 25.626066 71.913143 1.598731 0.125000 5.583124 
59.365371 86.081758 110.622992 85.459544 1.401634 0.125000 25.451104 
10.673869 40.162597 30.714244 42.280562 2.092031 0.125000 5.172956 
25.625000 74.375000 8.125000 74.375000 1.250000 0.125000 1.970764 
174.507946 90.400794 155.461934 88.683195 4.418435 0.125000 11.363855 
9.370020 49.582837 28.109261 50.031845 1.579008 0.125000 6.486214 
88.125000 71.875000 109.375000 71.875000 1.250000 0.125000 4.680034 
25.625000 43.125000 11.875000 43.125000 1.250000 0.062500 2.873854 
174.587839 141.372886 151.921629 131.764997 2.301749 0.125000 15.564217 
112.431307 111.892818 112.077529 98.119798 2.691759 0.125000 5.962107 
11.875000 45.625000 26.875000 45.625000 1.250000 0.125000 0.164584 
108.195562 89.806038 65.617193 88.353900 3.960854 0.125000 34.701391 
25.625000 78.125000 9.375000 78.125000 1.250000 0.125000 1.067674 
73.127133 63.047182 108.135094 64.006725 1.763262 0.125000 24.777277 
