88.418968 55.615977 88.572318 39.367424 2.594262 0.125000 1.454630 
43.459182 44.388250 43.241952 29.373308 2.626317 0.125000 4.339063 
81.879590 20.326835 68.123882 20.393176 2.560255 0.125000 9.195484 
36.454233 19.367175 36.690109 44.364950 3.879571 0.125000 14.122904 
57.338581 24.373512 57.314933 36.873468 1.273645 0.031250 0.983154 
92.414203 51.870296 92.645752 16.880100 1.481581 0.125000 18.200964 
89.305650 23.233056 80.835548 17.796942 2.659572 0.125000 0.820776 
49.263081 22.322069 55.650173 22.743289 2.659095 0.062500 0.616176 
69.350696 25.230096 80.662614 25.551603 2.570017 0.125000 6.486214 
91.466760 49.372381 91.290329 76.871249 2.572127 0.125000 19.641228 
38.125011 81.883303 80.624933 81.825781 1.263534 0.125000 11.925485 
84.968512 43.174771 83.345256 21.763535 3.815782 0.125000 8.695560 
81.880470 28.589055 68.122437 28.493302 1.345664 0.015625 5.451035 
54.514147 39.381388 55.089407 26.850413 1.764596 0.125000 3.776944 
66.061990 21.917617 63.116718 52.118003 9.194003 0.125000 54.433678 
53.699520 60.517884 53.210394 69.310212 4.992281 0.062500 1.160094 
76.893648 73.697732 59.372514 73.215291 1.524770 0.125000 0.820776 
46.864621 78.004060 33.108658 79.184568 2.704604 0.125000 6.829207 
136.917067 78.991134 125.394493 77.728400 6.502178 0.125000 8.991506 
129.698062 75.821322 133.483174 69.592660 2.555520 0.062500 1.785718 
159.438365 60.625136 159.567237 0.617359 6.177504 0.125000 92.104289 
46.058498 11.857411 45.465787 39.371570 1.303553 0.125000 6.102063 
87.382310 126.903549 87.773874 85.657267 13.796845 0.125000 127.274963 
133.131527 59.552938 146.908841 59.047576 2.819060 0.125000 9.366697 
174.464489 72.747512 151.818099 75.070220 4.208690 0.125000 28.949636 
106.212024 0.610498 104.598957 74.352556 2.417393 0.125000 55.651765 
31.407594 70.617923 31.170230 44.370069 3.795061 0.125000 11.738727 
156.875422 64.320819 174.384098 64.457235 1.250000 0.125000 1.970764 
174.435639 61.838609 149.373294 63.090862 3.058297 0.125000 11.550453 
149.379454 68.718520 174.378303 68.888134 1.411109 0.125000 18.226384 
63.408304 85.405053 66.002049 132.968107 12.345325 0.125000 120.568875 
145.639376 82.033531 166.940909 80.101788 5.656929 0.125000 21.860321 
35.745060 44.185850 33.810945 55.739826 3.497573 0.125000 1.702576 
42.112242 47.767624 45.508875 61.902904 5.445721 0.125000 9.277472 
58.257778 66.763558 78.069339 68.695724 5.923445 0.125000 2.439796 
118.984180 78.339263 121.478349 68.337809 3.941027 0.125000 6.799042 
167.182387 24.371631 167.415294 45.619077 1.428041 0.125000 3.776944 
158.385915 89.723203 145.850301 86.096296 4.138561 0.125000 1.349337 
107.333530 50.637363 108.142729 20.625478 1.754911 0.125000 22.741834 
174.347537 67.152794 156.894535 65.427396 1.366911 0.125000 1.067674 
174.393535 85.304579 155.634000 84.219417 1.753221 0.125000 9.195484 
5.625000 81.875000 29.375000 81.875000 1.250000 0.125000 6.486214 
34.812940 85.573008 37.955493 112.043522 5.112497 0.125000 33.672074 
1.816230 20.625194 1.998037 75.628725 1.270652 0.125000 29.063464 
44.413067 118.123411 43.579830 98.158186 2.497826 0.125000 11.086358 
9.375000 78.125000 25.625000 78.125000 1.250000 0.125000 1.067674 
31.875000 84.375000 8.125000 84.375000 1.250000 0.125000 4.336995 
30.617705 39.375019 30.515968 0.625286 1.286096 0.125000 17.323294 
71.875000 9.375000 89.375000 9.375000 1.250000 0.125000 1.970764 
6.721802 0.623146 5.950604 64.363816 1.748956 0.125000 31.077684 
31.750024 30.628271 32.143171 45.650695 1.250000 0.125000 0.164584 
