12.652057 60.989812 20.571075 63.309120 5.004183 0.125000 0.923527 
79.325821 58.766792 87.169201 42.012729 4.672579 0.125000 6.790762 
85.454150 39.290808 77.545613 55.339487 3.396117 0.125000 5.101639 
69.874351 26.923036 70.595559 0.658516 3.611342 0.125000 28.975529 
60.874175 71.872122 61.047549 86.884556 2.572008 0.125000 2.036308 
88.204449 42.038168 99.266385 36.651933 3.400970 0.125000 6.799042 
61.610189 0.613597 61.158395 60.629015 3.853400 0.125000 77.864691 
72.894373 53.301129 69.874763 27.916855 9.722318 0.125000 61.937643 
20.739903 80.988430 10.634681 80.444980 6.777997 0.125000 13.821835 
70.569368 40.213581 62.627152 51.525454 3.286646 0.125000 0.731012 
40.167378 53.117527 41.025159 0.590709 6.351218 0.125000 81.875784 
96.631215 79.705620 84.566935 70.809943 3.922529 0.125000 3.586135 
125.325072 31.880444 125.846730 60.620975 2.998648 0.125000 37.716186 
76.869175 31.460041 124.394905 30.792847 4.118107 0.125000 57.192308 
78.663008 55.699977 79.978599 68.193070 3.467563 0.125000 5.301648 
84.110917 70.680460 81.239665 57.008426 3.608722 0.125000 6.281913 
63.114924 61.212063 73.133427 61.384009 1.399969 0.125000 0.164584 
79.756904 68.043172 88.040892 78.193642 3.261426 0.125000 6.799042 
19.383539 55.757216 39.380855 54.465657 3.822768 0.125000 24.830979 
72.021208 71.400338 62.364595 73.221314 6.071572 0.125000 5.865812 
112.148537 75.161736 99.833429 79.443517 2.873517 0.125000 2.680153 
40.505487 86.908414 40.950645 71.847678 2.757424 0.125000 8.614963 
86.914625 91.660946 80.578270 91.903314 2.737063 0.125000 1.067674 
25.604839 89.003089 39.382114 88.256224 1.924798 0.125000 5.583124 
117.438713 46.795290 119.740442 63.073326 2.637769 0.125000 4.480242 
119.116088 63.697956 112.989038 74.296399 2.908420 0.125000 2.680153 
60.765940 93.117736 60.683970 105.633573 2.573624 0.125000 1.720471 
102.120056 82.368043 114.634865 76.147839 2.808386 0.125000 5.946800 
26.866682 84.114954 38.145126 83.754180 1.569077 0.015625 4.679098 
91.876491 91.677047 88.123921 91.673183 2.503860 0.015625 1.067674 
99.587887 37.304663 110.735890 40.197696 2.736809 0.125000 0.883796 
136.946686 90.294468 121.746711 91.479534 7.671632 0.125000 17.173606 
115.621453 75.623360 122.437136 60.884956 3.488894 0.125000 3.294530 
160.600977 83.430290 174.461873 84.520981 4.788477 0.125000 7.673113 
122.222571 57.683807 119.158716 46.589524 2.576401 0.125000 0.797908 
121.743082 91.766691 98.179796 92.958431 8.044296 0.125000 44.293017 
63.107610 83.377565 70.627118 83.246464 2.586781 0.062500 0.616176 
111.294567 41.104235 116.496896 47.405118 2.387556 0.125000 0.164584 
81.793531 0.572829 82.415159 29.390312 4.513598 0.125000 39.243383 
38.136342 58.924154 20.622129 59.172725 1.480480 0.125000 1.067674 
70.643831 91.491220 63.100658 91.121090 1.554805 0.062500 0.616176 
26.812910 67.210749 37.152783 69.122915 4.596715 0.125000 2.536664 
119.767898 45.065421 103.592973 33.708496 3.286730 0.125000 4.191864 
157.914763 93.918249 137.989219 88.637315 5.896102 0.125000 26.888049 
160.363883 63.107644 160.671321 80.624187 2.762844 0.125000 5.595353 
58.275004 108.446572 45.502539 106.382953 4.337867 0.125000 8.896623 
174.405184 61.813294 161.854302 61.524485 2.758144 0.125000 9.195484 
39.957997 75.031921 27.347957 76.700119 7.927028 0.125000 4.768651 
57.630203 93.130669 58.324616 0.617116 3.025339 0.125000 114.577374 
133.209643 65.465631 148.016298 73.329668 3.243170 0.125000 8.739380 
157.877463 74.424753 154.109597 55.678344 3.195997 0.125000 11.349210 
38.125000 63.125000 24.375000 63.125000 1.250000 0.062500 0.616176 
129.472296 80.024557 150.573344 83.443783 2.702003 0.125000 15.407743 
174.610622 90.201596 165.411725 91.245354 8.438675 0.125000 6.512397 
111.904593 21.883798 116.306584 7.077640 2.299095 0.125000 5.096564 
150.422739 74.365005 154.070612 0.548185 4.300703 0.125000 90.624550 
161.295057 0.618572 160.740759 50.626283 1.734830 0.125000 44.415994 
23.124667 61.236034 38.125314 61.228226 1.257808 0.125000 0.164584 
160.479215 53.251040 174.480067 51.435038 2.754130 0.125000 9.642303 
143.048138 73.291564 127.828181 66.268223 2.532450 0.125000 6.799042 
152.855633 73.117856 152.524353 85.609070 1.414819 0.015625 0.203554 
118.698298 7.054982 114.432436 20.643032 1.705776 0.125000 1.697763 
60.778845 109.374606 60.810875 121.874524 2.516007 0.125000 0.218275 
98.445171 96.874920 75.227262 102.822267 4.903228 0.125000 22.621449 
77.590078 28.127140 77.480041 0.622579 1.360008 0.125000 21.838744 
87.554304 20.273110 84.424958 3.115888 4.362009 0.125000 2.615980 
86.031252 143.158982 87.078279 130.642004 1.662437 0.125000 1.970764 
135.617474 61.093728 149.383996 61.314779 1.450527 0.125000 6.486214 
157.317221 131.400063 141.801895 116.953514 2.303364 0.125000 6.953153 
145.294909 98.904691 135.468535 94.744576 2.962733 0.125000 0.218275 
114.077903 125.925808 121.624170 133.378964 1.250000 0.125000 0.164584 
79.382079 85.969049 98.124145 85.583440 1.378299 0.125000 1.970764 
88.221432 0.454529 89.351228 9.378010 2.480200 0.062500 0.293299 
