0.484883 96.585809 115.555414 86.110594 3.392893 0.125000 165.306027 
117.462058 86.849201 116.692062 69.328106 4.611015 0.125000 15.910044 
119.546164 88.631649 0.465166 100.234627 5.391281 0.125000 196.038107 
118.127186 68.918105 144.376986 68.845770 2.561992 0.125000 21.725979 
143.898662 70.397346 141.911675 85.464998 4.303388 0.125000 17.891364 
174.387371 90.189041 158.103139 90.436510 5.151374 0.125000 7.963887 
139.375022 87.282372 120.624989 87.282250 7.500033 0.125000 28.784271 
157.092337 85.430915 149.495711 78.001571 2.720363 0.125000 0.050694 
157.417836 77.337821 171.183879 83.021339 11.628317 0.125000 44.238737 
169.395374 86.538535 174.452522 86.844756 2.646533 0.031250 1.970764 
116.419119 66.885664 115.219531 15.605244 3.142440 0.125000 81.280964 
144.372658 59.326093 174.363753 57.890099 1.965958 0.125000 11.964570 
118.199266 14.148360 139.608100 21.163637 3.523277 0.125000 13.911462 
139.518361 22.950623 142.194578 44.335005 2.480649 0.125000 7.274493 
