34.294788 77.704086 49.228861 74.858138 3.859795 0.125000 3.586135 
48.059579 80.905044 35.570426 81.273091 4.079759 0.125000 12.777654 
49.376039 71.852222 33.045987 71.107452 4.087806 0.125000 3.699353 
140.625800 79.699697 75.620034 79.859901 5.012307 0.125000 114.802855 
116.750994 33.137639 140.517284 35.471768 5.342590 0.125000 24.672101 
174.397129 79.988625 164.365097 80.350410 1.519485 0.031250 0.255185 
45.622247 63.125059 44.330425 3.099058 4.864367 0.125000 64.503725 
111.996055 16.003289 100.339681 19.733396 3.190609 0.125000 0.664633 
142.040201 25.453592 114.476687 22.250070 3.003388 0.125000 27.436248 
148.116724 14.310239 161.802950 12.561204 3.113654 0.125000 6.009503 
78.950067 53.124708 78.955377 68.124706 5.001327 0.125000 21.306669 
73.126914 79.349931 72.599981 53.035391 7.473471 0.125000 41.652168 
52.805827 53.154649 52.096198 15.597202 4.056312 0.125000 71.917648 
74.237820 10.482109 109.318756 14.828917 3.106702 0.125000 34.057143 
104.527150 110.211488 36.278233 85.099646 9.019451 0.125000 193.207129 
94.364981 76.535492 109.425640 76.091061 2.572654 0.125000 9.642303 
115.597586 25.907081 140.604358 28.337395 2.488277 0.125000 15.342551 
141.002139 36.861112 142.524134 78.193156 5.088610 0.125000 68.360794 
52.426153 85.628303 52.373188 54.374156 5.031767 0.125000 46.478505 
69.855278 39.480694 71.694958 9.364002 6.514983 0.125000 39.937147 
63.864765 8.113601 64.250208 33.126923 3.749555 0.125000 9.256276 
99.454272 19.924044 74.351237 17.085124 3.726247 0.125000 37.669546 
164.474000 2.896318 146.896824 4.600141 2.005929 0.125000 7.389304 
53.811703 14.456048 51.797402 0.456313 8.135627 0.125000 19.302251 
114.370154 19.425093 144.451414 22.335091 3.491854 0.125000 20.575909 
92.244154 25.553130 113.020956 19.042952 3.133140 0.125000 5.241318 
164.355480 88.477423 148.155179 87.580128 2.772688 0.125000 1.198571 
164.223634 79.377276 164.274515 26.874903 5.039974 0.125000 110.931879 
48.473389 33.121699 48.734052 60.631073 1.498663 0.125000 18.226384 
79.793920 67.620280 90.880984 76.822602 4.645736 0.125000 2.278091 
149.373373 85.411802 164.372500 85.297348 1.335807 0.125000 0.164584 
156.885039 19.024876 130.620791 18.271812 3.820112 0.125000 7.799532 
106.942386 38.150643 96.835407 37.594379 2.770994 0.125000 7.389304 
160.601153 9.988085 150.664807 9.601591 3.844335 0.125000 1.855669 
108.196016 67.452720 94.467169 66.002476 2.748793 0.125000 2.680153 
58.840671 4.452108 67.973147 0.291670 5.068298 0.125000 3.048414 
149.386999 21.850138 150.151078 60.634337 3.626166 0.125000 49.383499 
48.603205 13.122358 48.713729 33.128653 1.353563 0.125000 4.336995 
140.610213 30.780484 116.837476 28.519550 1.836128 0.125000 14.614024 
129.400258 17.915337 112.937420 15.932087 1.381559 0.062500 2.108726 
146.565632 74.379404 145.889342 26.871237 2.553123 0.125000 41.727629 
75.638334 84.801350 123.130974 83.316026 2.576927 0.125000 44.511696 
150.101128 65.612619 150.336232 79.401237 3.877316 0.125000 9.563678 
62.405598 79.374264 62.374380 56.874307 1.279482 0.125000 5.583124 
174.576998 9.179771 166.880500 10.653719 2.690493 0.031250 6.858025 
155.704849 59.374893 155.652831 20.623285 5.013419 0.125000 52.011510 
91.519799 49.397479 90.086574 26.750859 4.595266 0.125000 10.585534 
130.091732 58.158351 130.967714 39.332783 3.020211 0.125000 24.548014 
174.116260 31.879308 174.469934 53.123420 1.312249 0.125000 4.680034 
134.262145 135.884571 121.464024 130.320259 3.090159 0.125000 4.480242 
143.200904 125.436139 104.860563 110.027043 12.541649 0.125000 134.618485 
27.295755 88.580678 22.357187 85.964703 3.379426 0.125000 0.164584 
174.080491 55.599720 174.510992 71.871402 1.282623 0.125000 1.067674 
174.355681 119.440696 142.074221 109.947548 1.975603 0.125000 21.725979 
95.468953 39.330849 94.995940 54.394498 2.577232 0.125000 5.946800 
117.850393 73.234292 115.685263 43.031073 5.072096 0.125000 31.111030 
121.003977 129.848166 98.396235 118.819018 1.862635 0.125000 16.420204 
123.262585 61.869689 122.489863 41.851266 2.932072 0.125000 15.342597 
154.265592 139.708875 139.240556 134.785275 2.006547 0.125000 2.510782 
141.877873 109.953138 129.378182 110.015255 1.305890 0.125000 0.820776 
153.047468 131.975652 143.325798 124.487074 9.983093 0.125000 22.624128 
161.895849 134.791070 155.035454 129.729779 7.733993 0.125000 10.695739 
174.496456 106.422432 153.109494 100.682780 2.738559 0.125000 4.634728 
169.490851 131.084376 164.237324 130.314570 3.017272 0.125000 0.164584 
