105.624207 85.033261 128.122668 85.060367 5.019574 0.125000 13.507197 
94.772212 14.079507 103.890752 64.910344 8.579655 0.125000 112.086876 
102.424442 67.769585 105.082269 81.225982 7.115638 0.125000 36.159573 
173.125418 81.866402 138.147426 80.164180 3.381007 0.125000 30.534386 
158.096399 74.712493 173.120818 74.241584 2.537932 0.125000 0.664633 
120.761285 91.176248 102.728271 87.659089 3.155828 0.125000 0.891631 
138.144359 70.002767 174.359918 68.885929 4.056458 0.125000 25.242931 
26.912959 48.955696 0.539618 46.568147 3.509327 0.125000 28.975529 
133.025021 82.628803 140.393914 62.580613 9.747453 0.125000 42.479339 
30.587369 85.351358 1.864853 89.301213 3.668752 0.125000 13.921461 
51.267919 30.636974 51.074285 0.605984 5.120790 0.125000 70.987514 
0.556177 62.221489 31.933922 61.218703 6.765872 0.125000 55.206315 
45.653247 105.166607 9.352286 105.478124 6.088872 0.125000 53.934430 
95.868662 85.590859 95.430665 34.355290 6.538279 0.125000 125.657973 
44.490561 0.610959 44.658383 31.873479 5.067029 0.125000 64.353011 
96.314127 0.532371 95.930475 13.209900 6.625246 0.125000 44.415994 
150.603974 85.927708 134.345591 84.798393 1.250000 0.125000 0.164584 
155.625000 79.375000 170.625000 79.375000 1.250000 0.125000 0.164584 
136.909706 82.825050 150.620778 84.411491 1.816407 0.125000 2.873854 
17.564796 11.792029 19.082546 24.410177 5.113496 0.125000 15.391931 
47.141875 140.642070 47.948324 128.033748 6.556410 0.125000 28.183996 
18.065658 24.570448 19.686282 45.792144 5.851131 0.125000 35.291851 
35.617686 93.798706 0.621811 93.418792 1.629862 0.125000 14.649975 
135.407696 51.496141 148.750937 -0.181636 10.153763 0.125000 164.907849 
0.619899 90.831960 31.881716 91.602508 1.804037 0.125000 23.491411 
55.721813 16.771670 51.957302 104.324793 8.835489 0.125000 187.780226 
8.210477 104.939771 0.433351 105.306078 6.301889 0.125000 3.294530 
19.522166 65.527693 18.896459 80.656906 5.460604 0.125000 39.089723 
45.038228 86.913763 45.874662 45.630058 5.631989 0.125000 117.109643 
94.733836 131.695886 92.317834 143.716476 7.112701 0.125000 10.169903 
94.650712 104.545088 92.341504 125.258952 7.176838 0.125000 54.535675 
138.317858 62.842777 134.548376 48.987748 9.534022 0.125000 32.873047 
25.169140 8.091974 26.522695 40.639651 3.746761 0.125000 27.099318 
57.221048 0.624579 57.218114 15.625312 3.752933 0.125000 23.644924 
46.735460 119.758003 48.871978 106.590559 7.170335 0.125000 16.437095 
136.849247 99.381652 133.734394 87.321891 7.301800 0.125000 16.733064 
58.118912 136.819613 88.168074 133.516900 1.938773 0.125000 21.207173 
75.635825 131.974865 60.542181 133.610967 1.542493 0.125000 1.970764 
31.562644 29.381073 31.198259 10.638157 1.517030 0.125000 9.195484 
109.376339 63.036873 130.621431 63.359783 1.287850 0.125000 2.873854 
0.620951 141.775760 41.874838 141.920928 1.250000 0.125000 19.129474 
35.411230 14.395073 35.000208 35.612897 2.620580 0.125000 14.686571 
103.125054 105.234217 101.367142 110.857023 4.325149 0.125000 1.697763 
128.142590 102.888332 108.126923 103.235772 1.250000 0.125000 0.820776 
174.394937 108.589599 136.856781 110.200446 1.623988 0.125000 9.505731 
158.675548 0.585895 156.508050 39.354484 1.868111 0.125000 14.649975 
84.342108 127.777723 70.597019 129.079574 1.250000 0.062500 1.669734 
