98.238737 56.867982 65.554878 59.858674 5.890428 0.125000 37.685991 
129.378262 60.325574 103.124282 60.415654 2.568607 0.125000 20.626123 
69.356394 68.782005 100.616723 69.667263 3.171302 0.125000 10.250524 
0.602809 90.923250 41.888654 89.960610 2.878110 0.125000 18.520351 
15.625968 88.071293 0.608317 87.800622 2.657274 0.125000 5.096624 
60.608518 87.354169 90.658956 88.387816 2.154755 0.125000 20.844003 
125.245108 80.368857 119.661759 71.212354 6.872033 0.125000 5.141086 
174.400481 19.011217 144.389350 19.874099 2.894145 0.125000 29.911371 
173.115947 64.652549 130.620386 63.266461 2.906170 0.125000 36.668527 
88.124681 90.691661 55.625427 90.535899 2.607808 0.125000 33.212780 
94.104917 89.343311 96.164240 71.791607 3.870114 0.125000 18.743487 
69.491584 58.222789 73.623375 0.481769 7.753021 0.125000 201.099265 
135.625833 31.508689 174.375633 31.596842 2.528430 0.125000 32.409963 
58.110115 68.886081 68.138875 68.580765 2.650992 0.062500 2.527919 
130.598354 67.453151 174.370596 69.470557 3.458275 0.125000 43.067301 
165.678470 40.518229 164.542233 53.251465 5.091312 0.125000 11.688648 
174.387398 84.530504 131.890705 84.905373 8.948127 0.125000 118.673959 
145.620733 22.314919 174.380152 22.593897 1.492439 0.125000 25.451104 
106.880578 63.706699 123.129084 63.550898 1.405751 0.062500 2.108726 
174.375898 26.119095 148.125984 26.166784 1.295415 0.125000 7.389304 
80.697520 84.307793 61.865034 85.462452 2.648307 0.125000 5.091660 
88.116069 67.120559 61.855344 66.165414 1.567215 0.125000 13.710934 
71.973192 63.834717 88.087673 61.605209 2.647722 0.125000 4.339063 
82.357301 54.409488 82.507548 46.862707 3.873662 0.125000 6.985969 
89.782135 7.391869 84.947249 -0.492454 3.992516 0.125000 1.855669 
77.248465 54.412945 77.833838 29.368195 3.486100 0.125000 17.533313 
0.497971 97.286563 23.048490 93.870009 2.471792 0.125000 13.631274 
163.117852 92.769391 131.869848 92.519671 1.499688 0.125000 20.935654 
64.375000 116.875000 96.875000 116.875000 1.250000 0.125000 12.807844 
48.052013 61.704894 44.650436 88.160415 3.914270 0.125000 13.611144 
104.375000 118.125000 119.375000 118.125000 1.250000 0.125000 0.164584 
