85.577409 73.137992 81.506288 58.225660 4.276024 0.125000 4.503683 
25.401122 38.122856 25.556812 21.862379 2.619564 0.125000 8.567595 
30.482309 39.374776 30.521519 14.374838 2.537246 0.125000 15.342597 
31.872642 95.582356 96.874706 95.463800 2.595750 0.125000 31.463447 
75.620688 98.377437 63.124334 98.163997 1.377900 0.031250 0.983154 
88.813188 47.658583 91.046368 32.998772 6.072448 0.125000 13.356699 
114.378229 98.626567 75.628951 98.459365 1.395617 0.125000 8.533210 
16.285321 20.633097 16.055432 39.380278 3.948970 0.125000 28.306011 
80.622656 12.013091 56.858286 11.609755 2.839037 0.125000 24.701078 
71.882151 99.119875 36.874619 98.138582 2.358919 0.125000 11.554906 
30.137097 66.889303 30.630007 40.625094 2.827931 0.125000 20.493157 
52.179542 15.591800 51.432715 36.859469 3.200339 0.125000 22.163170 
49.418590 37.975647 33.106543 37.467520 2.887979 0.125000 14.614024 
31.860866 34.686606 48.134085 35.424711 2.554070 0.125000 8.567595 
83.573161 39.420772 82.071444 13.113786 3.743905 0.125000 13.744739 
50.873601 71.367915 29.520478 68.346775 4.075135 0.125000 9.010332 
33.102086 13.773988 50.624377 14.392649 2.630762 0.125000 15.517114 
49.031983 34.371928 49.177494 18.123231 1.384273 0.003906 7.760740 
48.102806 17.277093 34.325784 16.516650 2.840654 0.125000 11.416468 
28.086069 31.873812 27.284323 58.137495 1.859669 0.125000 20.935654 
65.604727 17.794687 79.403131 18.098855 2.802420 0.125000 12.304394 
91.846778 33.121912 91.907159 8.125078 2.533207 0.125000 0.993903 
1.433292 11.888092 0.866548 46.878912 1.796411 0.125000 31.928121 
28.958834 0.537863 27.843713 21.860289 2.961482 0.125000 1.575894 
3.533310 46.876633 3.668307 13.122174 1.379969 0.125000 9.438675 
44.489098 31.963060 36.817580 31.209746 2.732349 0.062500 2.108726 
80.635333 21.451724 61.835508 20.992803 3.352324 0.125000 7.917544 
62.103133 15.866071 59.124558 49.573782 9.156146 0.125000 68.630494 
90.333776 50.621779 90.015684 79.382086 2.707212 0.125000 23.097763 
75.645931 73.436704 51.879873 72.906556 2.778146 0.125000 6.289854 
154.345977 95.673719 172.208597 106.315020 3.427257 0.125000 16.311590 
118.430536 11.886853 116.923855 50.723883 4.560126 0.125000 49.353361 
26.825314 59.685684 11.809545 57.284283 1.876436 0.125000 2.576231 
46.426702 59.358408 46.660503 70.655309 2.680516 0.125000 0.883796 
120.990494 51.880690 121.593905 13.120624 1.755742 0.125000 33.775689 
0.624723 95.698132 29.379044 95.807026 2.580456 0.125000 15.599063 
39.381483 43.743583 36.252445 56.100413 6.349988 0.125000 16.720712 
4.392203 79.487896 26.940082 76.052113 2.765718 0.125000 19.754330 
83.516457 93.562448 82.626342 84.185030 10.073373 0.125000 25.750214 
28.005400 80.456773 0.594920 82.768312 5.297436 0.125000 28.283255 
36.744030 23.188297 44.562664 22.325394 4.412986 0.125000 6.985969 
32.709480 18.113506 32.293899 33.136588 1.629740 0.125000 9.195484 
158.150926 66.602797 174.490809 68.159116 2.666408 0.125000 11.416468 
61.144856 84.235197 60.492949 93.468689 8.640239 0.125000 31.136691 
11.312498 39.369797 11.624652 5.622684 1.515867 0.125000 19.129474 
50.608923 81.067108 79.372408 80.494729 1.423839 0.125000 3.403198 
11.988858 59.778505 26.887449 61.782445 2.311057 0.125000 5.096564 
28.126713 98.454281 0.620955 98.597369 1.386537 0.125000 8.292394 
56.875000 83.125000 39.375000 83.125000 1.250000 0.125000 1.970764 
7.552632 9.371649 7.347659 44.377768 1.432955 0.125000 32.675824 
60.672349 110.593976 60.525464 128.124166 12.520508 0.125000 47.091742 
6.224285 51.845285 5.936868 58.139242 2.668465 0.062500 0.616176 
85.530794 133.142026 85.317127 100.586002 13.807129 0.125000 123.257715 
123.124975 97.496257 145.625025 97.495345 1.250862 0.125000 2.576231 
102.144095 43.314143 103.714879 30.698446 3.257930 0.125000 6.799042 
29.975064 94.389845 30.253974 83.115821 1.496934 0.125000 1.970764 
30.714823 81.603318 45.817049 80.216731 3.391435 0.125000 1.783865 
106.318033 76.933899 115.527999 80.852956 3.132480 0.125000 2.510782 
99.302301 95.519745 120.546006 96.868863 2.435844 0.125000 7.782856 
149.802736 87.012334 146.654351 68.161852 3.289528 0.125000 4.503683 
168.379032 107.692090 158.212290 101.726245 2.601655 0.125000 4.336995 
124.244022 54.371668 125.611326 0.624652 1.948959 0.125000 45.362773 
121.297426 118.128418 121.193817 100.621634 1.346147 0.125000 11.416468 
30.452488 118.129440 29.938076 98.142680 2.627818 0.125000 3.012505 
117.691256 49.344038 118.308557 65.618037 1.343863 0.125000 0.164584 
117.251749 100.571874 116.177204 118.234640 3.287646 0.125000 9.284128 
165.518269 59.195182 174.183305 54.052037 2.149824 0.125000 1.067674 
15.183820 106.847771 15.817154 125.660612 2.919159 0.125000 17.918538 
128.357122 0.632695 126.575956 54.365087 1.414967 0.125000 29.966554 
