28.181407 72.605581 19.130904 71.622723 3.365681 0.125000 1.720471 
33.145675 45.958387 24.400124 45.761126 2.527552 0.125000 1.067674 
14.424178 50.258353 28.201068 49.491372 3.883166 0.125000 11.925485 
87.012113 58.284519 95.133815 51.303552 3.924923 0.125000 4.480242 
26.013933 29.374610 26.026468 41.875851 1.261280 0.015625 2.951974 
23.463769 44.402350 23.765308 26.886023 2.757813 0.125000 12.304394 
53.099221 69.962166 69.324679 69.331128 1.880570 0.125000 3.456020 
25.613044 25.699805 33.137699 25.623254 2.563451 0.062500 2.527919 
82.040251 64.357377 79.507820 40.610836 5.369469 0.125000 18.827547 
85.040762 56.883085 85.248545 71.897508 2.707323 0.125000 0.664633 
84.367684 47.800672 111.910063 47.179390 3.579909 0.125000 20.307774 
69.139687 68.131726 69.587181 0.618121 4.180742 0.125000 109.536708 
33.968302 63.904866 31.155697 73.816155 4.468824 0.125000 0.294986 
112.789663 48.132412 113.176277 65.623867 2.775609 0.125000 2.536664 
30.875321 51.380836 29.188631 59.059488 5.419933 0.125000 5.301648 
0.591958 77.827387 11.979156 76.563159 2.484734 0.125000 3.456020 
96.543690 77.328806 88.454757 71.423321 2.291666 0.125000 0.820776 
69.491582 72.380452 55.341127 75.644247 4.402593 0.125000 9.284128 
85.229932 26.836955 86.067605 45.660929 2.886521 0.125000 23.644924 
48.090721 61.367754 66.916002 62.236575 2.958369 0.125000 8.488164 
140.630740 84.858000 83.094301 85.541761 7.558886 0.125000 104.683611 
149.219901 0.610903 148.341983 88.114636 3.210569 0.125000 126.004895 
53.087760 80.450259 68.077519 80.058452 5.953911 0.125000 12.593266 
14.371015 79.908575 0.621440 79.985054 1.326461 0.062500 0.293299 
154.805773 76.969507 152.463194 56.662945 4.823807 0.125000 13.744739 
154.070799 54.373118 154.403336 0.617443 2.793786 0.125000 87.764313 
12.485109 18.119473 12.085581 64.376819 1.541444 0.125000 33.578914 
140.565650 8.126937 141.137411 25.649068 3.992606 0.125000 5.682535 
128.782930 74.395185 128.193709 20.624247 4.146978 0.125000 66.844285 
126.369007 12.590383 137.994608 0.499625 3.742845 0.125000 16.190856 
141.162012 3.600356 130.088692 13.792315 2.539570 0.125000 1.229414 
133.144517 78.060935 140.704506 80.364019 2.495035 0.125000 0.164584 
80.931204 14.554116 78.238581 0.366215 7.243005 0.125000 12.146369 
132.700755 26.878202 132.594108 54.377789 2.514524 0.125000 26.563777 
141.067911 25.616583 141.305382 38.112070 1.463536 0.125000 0.820776 
151.889863 105.090354 174.372489 105.715344 2.811650 0.125000 17.040467 
154.228650 103.141973 153.924449 78.115283 2.788477 0.125000 22.991712 
66.593855 21.927076 62.887770 1.918942 2.548961 0.125000 7.274493 
108.131660 4.094068 85.624132 4.248757 3.775684 0.125000 35.507777 
105.980886 44.398351 108.528605 5.569465 2.556782 0.125000 19.555565 
120.419045 68.519599 127.851562 72.398893 1.688514 0.062500 0.465614 
84.360142 94.740343 146.884493 93.690220 3.339300 0.125000 80.696950 
130.636281 3.891590 110.622220 4.186115 2.738837 0.125000 17.323294 
173.157272 109.681779 156.840836 109.123512 4.004269 0.125000 22.099308 
61.776861 48.428611 65.798571 33.170750 2.670359 0.125000 1.702576 
12.334220 0.624246 12.324690 10.625428 1.259528 0.031250 0.465614 
82.507912 35.635362 82.151199 14.391351 3.959332 0.125000 8.282591 
80.211911 39.429656 79.193651 31.733607 2.150485 0.062500 0.616176 
34.353676 60.624791 34.476344 48.125995 1.274475 0.015625 0.674597 
110.744553 5.632611 108.594655 39.404898 2.438663 0.125000 1.716411 
53.097371 93.945074 68.122430 94.451283 2.751121 0.125000 6.848509 
86.598096 14.189369 89.534631 29.583002 6.551043 0.125000 4.824972 
163.873449 5.584609 162.165110 26.797698 2.190911 0.125000 15.517114 
158.379954 35.628677 158.884864 0.617931 2.499740 0.125000 25.554186 
75.537212 81.871823 76.124572 65.643081 1.430027 0.125000 1.067674 
10.625000 46.875000 10.625000 28.125000 1.250000 0.125000 2.873854 
92.911664 44.905644 86.977457 28.541130 4.377628 0.125000 11.021859 
34.120221 23.131767 33.588475 3.112689 1.647848 0.125000 13.710934 
69.852119 129.428904 69.017333 98.101222 4.898335 0.125000 31.610997 
16.519794 46.885067 15.987829 28.114717 1.674438 0.125000 13.710934 
