51.754488 81.376925 29.070254 86.865486 4.820675 0.125000 27.125627 
28.302609 85.624441 28.035190 0.621350 3.903348 0.125000 173.557862 
82.453965 118.126240 82.705652 0.621424 3.985603 0.125000 195.331338 
174.376171 88.770240 84.374088 88.596020 3.742734 0.125000 78.027086 
49.871089 0.618116 49.704450 79.380986 10.161299 0.125000 219.275264 
108.310450 29.164598 121.998458 30.902774 4.507461 0.125000 0.532358 
136.637425 29.392110 137.123884 0.608081 2.964335 0.125000 37.582520 
91.656074 83.019927 115.490685 87.577434 2.744213 0.125000 10.884515 
174.382007 83.227401 95.621720 82.997222 3.753637 0.125000 131.118714 
0.182704 112.083909 53.203079 89.558785 2.616787 0.125000 62.830390 
94.365836 79.743798 174.377424 80.196723 2.514112 0.125000 95.388435 
148.141776 40.894040 134.212104 41.762640 5.223689 0.125000 11.314525 
116.384035 40.056268 98.369899 32.538195 3.842109 0.125000 13.490504 
54.199040 94.373846 54.428629 59.375352 1.299172 0.125000 8.509122 
148.624557 20.629201 148.466883 39.377875 2.562983 0.125000 14.081748 
55.612988 88.747430 80.627795 89.230195 2.957805 0.125000 2.619268 
20.370305 71.856482 19.044718 0.607889 2.197287 0.125000 77.685287 
125.603763 114.413919 174.402302 115.217944 6.784562 0.125000 89.408375 
55.625000 58.125000 79.375000 58.125000 1.250000 0.125000 6.486214 
54.905011 54.373939 54.797459 0.624155 1.355049 0.125000 28.160374 
107.988394 112.670285 124.398358 115.489017 4.753937 0.125000 11.797682 
85.617230 85.141072 96.864330 84.960482 2.579950 0.125000 0.797908 
25.625000 28.125000 25.625000 75.625000 1.250000 0.125000 23.644924 
31.008387 113.781216 43.594195 106.428087 2.874214 0.125000 5.172956 
79.375000 55.625000 56.875000 55.625000 1.250000 0.125000 5.583124 
