141.873877 5.545292 174.402647 5.086896 4.119506 0.125000 56.767395 
140.249198 44.400365 140.429177 29.327883 7.514390 0.125000 11.246672 
126.672344 49.449337 123.546884 40.928764 4.812030 0.125000 3.274964 
122.176742 68.209561 127.087983 50.684687 2.552868 0.125000 9.366697 
117.380264 32.971458 120.201447 19.287676 4.404218 0.125000 1.575894 
139.590407 70.630000 140.171718 45.585465 3.865014 0.125000 18.240388 
129.384893 50.627503 123.139594 75.312442 3.007729 0.125000 0.341111 
115.459910 40.627488 115.930690 71.870394 2.556216 0.125000 1.067155 
140.203167 28.323491 138.880761 0.529568 8.918332 0.125000 52.080179 
137.939108 98.675368 125.582201 94.501714 3.968539 0.125000 4.304398 
113.361933 84.393805 112.549247 40.612484 3.842150 0.125000 29.065164 
76.422660 0.594154 75.945943 26.903465 3.704093 0.125000 45.319084 
121.389638 19.375642 121.364852 0.624022 1.273131 0.125000 2.873854 
14.434541 18.131937 12.389603 35.684952 3.724808 0.125000 6.907656 
73.060831 29.800842 114.387292 28.522313 5.268181 0.125000 18.784999 
48.178893 2.324697 10.606283 1.337085 3.945778 0.125000 51.957317 
166.864656 37.729403 174.355200 26.861354 3.797034 0.125000 1.783865 
171.943050 27.024839 157.625360 33.527228 4.552509 0.125000 7.949579 
125.827945 77.004673 136.939751 79.017554 4.437666 0.125000 0.614840 
143.173084 84.845169 121.636984 87.047655 4.211015 0.125000 2.156200 
158.366727 33.819172 154.850320 40.197944 4.982198 0.125000 3.403198 
69.736911 0.604183 69.062003 29.396964 3.026573 0.125000 25.865094 
17.456882 34.423412 16.369129 19.411655 2.674139 0.125000 6.799042 
136.832803 87.407958 150.595498 88.497616 2.097562 0.125000 0.050694 
76.077905 121.753032 74.794176 143.298928 9.982298 0.125000 53.504745 
120.204606 143.354865 118.218176 118.117666 11.019143 0.125000 68.047481 
173.092680 97.816713 153.310107 99.890660 4.120557 0.125000 6.188963 
30.624877 88.120818 0.614106 89.005379 2.462087 0.125000 14.928551 
108.130561 86.324722 63.122525 85.869845 2.790421 0.125000 36.595355 
85.625928 73.166244 110.641390 72.603163 2.724403 0.125000 3.323118 
61.875000 15.625000 61.875000 30.625000 1.250000 0.125000 0.164584 
84.378826 66.697987 109.394157 67.238625 1.303726 0.125000 7.389304 
71.875000 83.125000 108.125000 83.125000 1.250000 0.125000 15.517114 
108.183220 90.319237 94.254953 91.178032 3.742892 0.125000 16.442587 
56.875000 13.125000 56.875000 29.375000 1.250000 0.125000 1.067674 
