0.507941 26.699971 24.260664 27.895888 4.553681 0.125000 38.446780 
44.392149 69.604962 40.084198 46.509554 4.832454 0.125000 34.936281 
40.073623 45.047575 49.814859 47.841270 4.293882 0.125000 3.048414 
65.188420 49.377553 65.349200 76.876613 3.823019 0.125000 48.931444 
18.143264 19.216083 16.890282 9.216457 6.667745 0.125000 4.503683 
17.124258 7.495445 28.540441 2.909102 3.479695 0.125000 6.009503 
68.134931 76.714435 174.365119 83.284750 5.402246 0.125000 147.134203 
33.993098 15.871709 19.905280 21.234232 4.559881 0.125000 6.729638 
19.768543 39.326773 20.649152 69.337613 11.245160 0.125000 66.026358 
64.372360 78.318764 48.122461 78.359380 2.537484 0.125000 10.529091 
171.919544 88.777982 66.851589 80.938772 6.958650 0.125000 167.072289 
31.854578 71.444627 0.592841 70.665705 5.936706 0.125000 29.134970 
84.058059 48.125228 84.023863 0.624353 1.283295 0.125000 23.644924 
156.830306 41.334078 85.550524 47.223631 2.285647 0.125000 68.090346 
81.449633 0.624611 81.406205 48.125714 1.292283 0.125000 21.207173 
45.238018 44.381553 44.496636 0.601772 2.605466 0.125000 49.846574 
19.110117 0.052477 0.331480 8.740581 4.012990 0.125000 12.334838 
65.333627 81.871627 65.102120 101.868947 2.572183 0.125000 10.225862 
83.051657 49.701980 154.348126 44.036794 2.079260 0.125000 60.467058 
47.503128 0.609445 48.586690 44.363566 3.241950 0.125000 56.366817 
49.358671 81.338457 63.130066 81.653647 1.478486 0.031250 2.447038 
41.530093 101.522019 45.808125 82.192175 4.881869 0.125000 14.393573 
21.872148 80.557836 41.889134 79.707865 1.832208 0.125000 6.799042 
0.616451 83.801997 16.881480 83.559315 1.473643 0.125000 8.292394 
65.190655 45.626930 64.990676 0.622264 1.444389 0.125000 39.900544 
41.842597 81.508826 25.609101 82.945335 1.355317 0.125000 1.067674 
157.562412 0.613786 156.764917 40.622806 1.623419 0.125000 27.257284 
5.762663 9.354445 8.035329 24.575033 4.447273 0.125000 7.949579 
71.875000 40.625000 71.875000 74.375000 1.250000 0.125000 13.710934 
25.291159 84.256325 20.925436 96.537447 3.873811 0.125000 4.304398 
76.955445 125.424972 64.464832 120.401631 1.386640 0.062500 0.616176 
129.349789 141.950144 114.359623 136.920832 1.250000 0.125000 0.164584 
