41.547515 51.825383 42.899582 42.901459 4.456689 0.125000 5.172956 
42.454255 43.075131 41.367635 30.453451 2.481573 0.125000 3.370729 
18.275713 19.384272 18.581429 55.631693 6.207608 0.125000 48.331409 
45.597262 32.211629 55.625974 31.907074 2.688562 0.125000 1.653093 
110.366873 105.073963 97.048404 100.155451 4.257338 0.125000 7.149246 
34.420153 94.380310 34.298931 66.875335 8.782969 0.125000 43.377729 
107.545582 53.755665 91.688676 7.758313 6.760787 0.125000 101.158935 
94.476808 98.277396 102.836294 92.692838 4.506937 0.125000 1.967896 
62.728040 51.776664 60.920972 82.041941 5.866380 0.125000 36.496480 
37.323909 19.217360 25.324077 20.716885 7.282111 0.125000 0.258931 
21.871129 14.644419 9.374395 14.612582 2.525468 0.125000 2.510782 
100.356298 75.886940 106.316453 53.558576 8.049824 0.125000 55.888271 
37.169664 44.308576 36.638678 51.945480 2.840787 0.125000 3.776944 
174.931805 80.830626 171.488208 90.155398 4.257349 0.125000 3.662037 
165.678260 -0.866001 175.070998 15.218565 6.563148 0.125000 31.659609 
171.637428 90.011757 174.947340 104.241874 5.719564 0.125000 8.077908 
36.619083 28.845163 42.141903 26.177581 4.382735 0.125000 0.820776 
18.217038 61.850132 17.813398 80.645153 3.963845 0.125000 17.979779 
35.684813 64.367130 34.046896 51.918169 9.327466 0.125000 0.028466 
66.933019 19.369584 65.165615 0.434528 3.849941 0.125000 7.030996 
92.123442 7.694687 96.770199 -0.799894 6.889290 0.125000 8.275987 
56.586630 -0.391768 63.665643 6.303358 3.681908 0.125000 0.050694 
25.473932 53.128956 25.244105 44.352242 2.597307 0.125000 0.820776 
9.246200 49.378676 8.672810 29.288015 6.461420 0.125000 23.734118 
105.361533 91.698657 101.199413 76.140121 8.606617 0.125000 24.021735 
20.641419 8.616325 10.619061 8.399430 2.634641 0.031250 0.566731 
153.138814 116.776627 111.825804 110.975345 10.577039 0.125000 124.647426 
66.976081 89.319437 51.662619 90.615356 6.543957 0.125000 19.016768 
69.971869 33.096512 69.479731 44.379568 2.769975 0.125000 4.336995 
51.808033 89.745576 46.882429 83.119478 2.993571 0.125000 0.820776 
24.735023 39.664062 23.318861 29.179967 5.791634 0.125000 17.058749 
26.302126 80.622720 26.453641 125.618000 5.029436 0.125000 47.572433 
96.875794 76.896339 74.314012 77.735754 4.072727 0.125000 18.311374 
37.434356 106.659817 30.826407 94.267603 10.000193 0.125000 29.824120 
73.099556 58.124424 74.402317 0.597311 3.805639 0.125000 114.857013 
48.115420 73.110874 57.287889 66.890590 3.174909 0.125000 0.426994 
6.026720 81.975387 7.928216 50.689011 6.204095 0.125000 63.038190 
72.660534 76.889838 73.015467 58.099320 2.830052 0.125000 20.032564 
49.004694 0.581497 47.087616 16.899978 2.774616 0.125000 3.851484 
17.371778 78.102767 16.484871 108.150381 5.071583 0.125000 24.346698 
172.067438 109.653582 150.529332 112.365082 6.357187 0.125000 24.021735 
70.250910 0.620697 70.020880 20.618051 2.600480 0.125000 17.323294 
69.198564 58.072418 68.320872 81.882220 3.286984 0.125000 17.249225 
22.444216 78.134178 22.766935 58.119227 2.781807 0.125000 12.811411 
168.183944 119.876360 153.080734 118.687222 5.475144 0.125000 19.163995 
7.662781 11.954281 8.821206 0.443470 5.600697 0.125000 1.228753 
73.136633 87.757525 98.151136 88.549428 4.420513 0.125000 17.726396 
38.137360 126.829370 37.417006 106.900591 9.993474 0.125000 47.331857 
28.494182 68.051440 27.958522 74.465489 2.907447 0.062500 1.407712 
5.105624 100.605987 5.701358 84.332037 2.864147 0.125000 15.860896 
96.860805 92.099218 81.841865 91.148376 1.405460 0.125000 1.067674 
34.097960 138.031366 37.264687 128.661759 7.121664 0.125000 13.304151 
76.083425 143.469403 66.061531 120.435072 2.143609 0.125000 11.925485 
74.275106 95.602565 89.378530 96.831619 2.593148 0.125000 0.149785 
