41.697769 46.873445 41.302885 91.869979 1.644851 0.125000 16.561053 
13.121583 86.481875 39.369599 86.253714 3.717263 0.125000 16.968635 
39.485586 78.123968 39.170607 44.365244 1.261608 0.125000 8.567595 
138.042673 109.729954 172.906700 117.816205 3.352124 0.125000 29.562304 
41.434035 25.592342 42.141333 43.114249 1.943378 0.125000 1.653093 
129.112610 104.911412 137.653363 109.089184 2.245723 0.031250 0.060979 
133.058839 100.403545 174.337794 98.547526 3.016307 0.125000 26.093022 
159.392214 100.800030 135.504460 103.149370 2.243304 0.125000 20.935654 
33.038215 93.709459 0.548272 95.181439 5.673766 0.125000 36.763748 
0.611063 86.455894 11.848636 86.082196 3.789473 0.031250 0.867939 
174.489642 121.409906 131.519295 110.818070 3.974244 0.125000 40.616417 
61.874227 91.440195 174.376093 91.240315 1.449874 0.125000 115.760103 
1.125306 34.067608 17.777579 47.311821 6.070057 0.125000 41.709860 
174.379932 101.751565 160.601983 101.201098 1.648213 0.125000 3.776944 
43.106625 91.089691 58.131690 91.250706 2.499856 0.125000 6.829207 
16.072714 45.907507 28.521112 83.834716 8.222521 0.125000 73.238819 
166.875000 93.125000 134.375000 93.125000 1.250000 0.125000 12.807844 
59.375000 0.625000 59.375000 61.875000 1.250000 0.125000 33.578914 
56.875000 55.625000 56.875000 0.625000 1.250000 0.125000 29.063464 
61.875000 63.125000 121.875000 63.125000 1.250000 0.125000 32.675824 
83.149945 59.826010 64.388202 60.863699 1.524214 0.125000 5.583124 
0.625000 63.125000 0.625000 45.625000 1.250000 0.125000 1.970764 
23.140483 104.725762 0.629169 105.719455 1.965393 0.125000 6.953153 
