75.857534 61.871625 74.986355 1.847984 3.949151 0.125000 114.982151 
154.018483 12.038804 155.167693 5.770326 3.288934 0.062500 0.966439 
34.752337 36.374557 24.416153 54.398600 4.799915 0.125000 27.410457 
11.058303 25.402321 31.969187 31.554883 4.727465 0.125000 29.075454 
92.402783 26.833182 93.796307 44.420852 4.786915 0.125000 23.074217 
125.511019 7.434872 152.182460 12.864769 6.168279 0.125000 26.740470 
24.506952 52.105172 19.125696 55.190125 3.716072 0.125000 1.970764 
18.018817 55.917814 -0.251621 49.292396 5.333185 0.125000 23.716725 
128.151561 23.807785 103.147855 22.636926 3.198906 0.125000 6.512397 
156.708488 5.995267 174.406950 7.814110 4.334866 0.125000 7.648728 
-0.539844 17.452940 7.304183 22.451502 4.505978 0.125000 4.339063 
88.852350 0.273270 92.992436 8.834633 5.589681 0.125000 2.536664 
83.621987 81.896508 84.382580 64.321233 3.800538 0.125000 17.891364 
134.338842 47.367737 141.881331 47.007597 3.061115 0.125000 2.873854 
133.059269 26.986490 146.957919 27.657504 3.685359 0.125000 3.012505 
162.856303 21.745545 168.921526 9.156522 3.501415 0.125000 14.971112 
102.883832 27.809221 119.321466 25.277429 5.702871 0.125000 7.466030 
103.137691 50.390673 113.175946 50.934357 2.901956 0.125000 8.292394 
151.915320 24.538832 130.601886 23.747652 2.312801 0.125000 10.225809 
123.003936 46.621102 133.139505 45.805188 6.831651 0.125000 0.935925 
174.419974 85.021224 85.600948 82.866400 6.005624 0.125000 189.738187 
117.809201 7.051516 124.822387 8.604080 3.661355 0.062500 4.405129 
77.802809 66.874025 77.757422 81.873888 2.534029 0.125000 8.756152 
154.359689 46.869788 169.382046 46.777978 7.576253 0.125000 11.249092 
115.160092 49.825976 123.371813 47.962797 6.095081 0.125000 3.782874 
106.977727 6.205055 98.765200 20.268910 4.136515 0.125000 3.699353 
120.756937 33.211089 103.059205 34.958716 3.102091 0.125000 17.641629 
174.376363 34.283863 158.111306 34.040594 3.936517 0.125000 7.695231 
156.235973 14.360604 155.982669 25.604898 5.167644 0.125000 10.390293 
152.140901 31.542157 135.376429 33.599085 5.594568 0.125000 0.859619 
78.117781 1.578172 86.892991 1.364762 2.681604 0.125000 1.970764 
154.274771 27.679775 174.582494 30.208950 4.961668 0.125000 15.241215 
75.670690 82.809094 49.333695 82.040635 4.404629 0.125000 48.706717 
58.423179 65.780231 74.421324 35.049863 6.120961 0.125000 69.928542 
20.638251 65.280050 56.882784 66.672375 2.306225 0.125000 33.230150 
151.946492 6.085762 141.802797 7.659653 2.470440 0.125000 4.680034 
15.613481 80.522129 0.522755 82.211876 2.345377 0.125000 8.292394 
69.347963 66.873921 70.045420 49.401762 2.847017 0.125000 11.948253 
53.141157 68.864712 19.385420 67.795914 2.142721 0.125000 29.966554 
51.126026 79.466629 57.521130 71.120063 6.777926 0.125000 2.267805 
87.669499 45.663524 88.277107 33.132375 1.369610 0.031250 2.447038 
0.616942 77.409220 48.124988 78.125790 2.895603 0.125000 22.526659 
109.375000 68.125000 86.875000 68.125000 1.250000 0.125000 5.583124 
89.054720 59.395379 88.257544 46.866567 1.178094 0.062500 0.465614 
129.373983 113.323796 96.874834 113.157483 1.320348 0.125000 12.807844 
169.375000 108.125000 134.375000 108.125000 1.250000 0.125000 14.614024 
33.125000 104.375000 69.375000 104.375000 1.250000 0.125000 15.517114 
115.625000 66.875000 150.625000 66.875000 1.250000 0.125000 14.614024 
155.625000 91.875000 135.625000 91.875000 1.250000 0.125000 3.776944 
93.125000 65.625000 106.875000 65.625000 1.250000 0.031250 3.914505 
