74.269454 40.705500 75.600930 63.126429 3.891607 0.125000 17.705453 
73.631302 0.610229 74.617252 34.404401 4.258753 0.125000 34.079326 
90.754803 13.137715 88.911769 31.952071 2.950160 0.125000 4.824161 
72.284124 32.825672 64.903764 22.738139 2.485000 0.125000 2.510782 
125.029350 36.864761 124.449010 70.626272 2.435180 0.125000 23.862562 
71.254301 60.254710 69.446221 69.389098 3.169398 0.125000 0.883796 
69.393369 34.215720 74.835140 40.360518 6.443487 0.125000 0.553250 
174.375633 99.240164 0.629467 98.424018 2.740709 0.125000 179.273600 
115.675355 70.728815 98.130566 70.360119 3.670385 0.125000 2.278091 
18.361542 71.888233 18.002319 44.376602 2.858827 0.125000 46.222174 
68.121135 96.509056 90.645026 96.271175 3.842197 0.125000 3.700114 
157.100185 28.126679 157.305260 0.618889 3.852401 0.125000 41.712915 
122.577599 66.828054 120.570890 36.795094 4.244480 0.125000 16.555253 
65.697187 38.136075 62.396959 59.646858 3.896189 0.125000 2.077850 
8.215907 18.118435 7.311435 5.593483 3.560195 0.125000 8.509122 
85.740237 36.923023 86.270307 21.853730 2.762108 0.125000 8.567595 
60.728127 64.537514 58.194465 85.633343 6.950689 0.125000 21.848172 
164.423868 37.024141 153.913933 40.467864 2.273168 0.125000 0.797908 
99.344000 96.048139 143.125291 96.859316 2.823754 0.125000 21.591305 
20.290548 43.527721 5.637648 40.562496 4.419286 0.125000 11.507462 
113.460729 40.678723 112.440260 23.312137 5.504659 0.125000 24.921977 
88.314999 39.366574 89.034226 55.584678 3.635559 0.125000 9.563678 
38.506594 16.964578 39.808742 29.588139 2.848688 0.125000 2.680153 
96.598325 60.644679 95.707410 48.119138 5.164772 0.125000 3.770729 
83.944178 21.738563 83.311325 0.544785 10.107471 0.125000 61.500978 
130.798920 36.813868 130.428908 20.629483 6.448360 0.125000 20.694162 
131.863696 69.375870 129.443942 37.927337 7.286434 0.125000 54.706938 
172.899843 48.226707 174.398337 33.127316 4.102007 0.125000 0.190130 
4.771505 39.370296 4.534090 19.358283 2.692594 0.125000 13.809694 
89.136106 0.644194 90.042200 11.921825 2.992509 0.125000 2.680153 
40.625365 15.620860 65.651485 17.824166 1.942236 0.125000 10.225862 
128.393722 8.178361 129.968787 0.246476 3.921646 0.125000 0.218275 
95.093615 48.164265 96.258683 26.841325 5.401737 0.125000 22.621449 
54.375000 18.125000 40.625000 18.125000 1.250000 0.062500 0.616176 
99.483247 25.617613 99.564904 40.630766 2.581546 0.125000 11.904754 
40.765233 20.109424 53.353894 23.533458 6.899267 0.125000 20.136217 
98.127106 16.394836 116.876966 16.343542 1.297870 0.031250 1.896440 
133.150411 15.617849 130.593562 6.532081 6.167503 0.125000 1.269599 
103.714876 68.114151 104.105092 44.370564 2.561284 0.125000 16.275264 
105.999158 44.375581 105.962249 68.125524 1.284965 0.125000 4.336995 
75.737011 73.051113 74.347338 94.454364 4.827515 0.125000 23.093660 
33.321302 56.003208 30.906006 49.274137 2.572595 0.062500 0.966439 
145.118730 70.601169 144.478547 50.621682 3.267693 0.125000 12.882770 
157.046494 75.721561 156.027390 64.338973 2.373591 0.125000 0.050694 
35.643072 16.871586 10.612090 17.234460 3.803964 0.125000 28.117220 
3.125593 95.647596 28.108399 94.992187 5.063844 0.125000 10.590460 
117.547313 18.126487 117.679257 69.372929 2.602979 0.125000 47.987976 
131.876839 4.435053 150.647516 3.860186 2.958000 0.125000 15.342551 
174.458239 63.414806 160.595693 62.213069 2.490659 0.125000 1.034919 
163.821817 3.111964 163.644479 10.637242 1.396897 0.031250 0.255185 
40.857347 60.601575 42.753811 79.412422 2.863550 0.125000 9.449320 
113.923898 92.081607 111.607043 73.005726 6.390312 0.125000 20.153740 
104.505188 144.384855 114.983323 101.717419 13.353241 0.125000 138.601567 
94.635592 89.386627 95.364183 73.057588 5.329343 0.125000 3.344873 
27.651002 34.572306 24.879783 27.914879 2.788395 0.125000 1.067674 
30.123892 75.509524 33.595314 60.445328 5.057708 0.125000 6.916790 
141.193604 50.603818 141.846360 68.126067 1.621405 0.125000 7.389304 
174.377977 27.761812 159.368739 27.638772 1.372918 0.125000 0.164584 
81.837178 64.491148 80.973008 45.609073 5.623405 0.125000 26.818236 
87.663074 75.432306 85.933248 90.800396 5.108440 0.125000 36.288184 
86.708982 101.713482 89.603618 143.541697 11.223158 0.125000 109.676402 
48.968658 75.811900 51.519772 64.296304 3.251915 0.125000 4.339063 
6.822386 20.002927 23.271116 21.381164 5.713141 0.125000 7.833110 
89.784043 58.146549 89.189545 69.431083 2.693824 0.125000 2.560371 
42.664864 31.280202 48.994719 26.383426 2.518388 0.125000 0.164584 
28.474609 48.131362 28.042535 71.873499 1.363515 0.125000 6.486214 
35.625014 96.761960 66.875014 96.765924 1.253964 0.125000 11.904754 
121.146569 88.142436 121.648867 73.117440 1.708719 0.125000 5.219043 
12.600245 46.866908 12.865373 70.627897 2.499844 0.125000 19.962553 
124.634374 73.125206 124.619510 91.875194 1.259909 0.125000 2.873854 
156.863401 30.287592 173.137141 29.728172 1.678704 0.125000 8.292394 
50.057494 64.218115 42.616271 60.354900 3.946683 0.125000 2.510782 
111.936279 9.019274 91.870096 8.253496 2.450513 0.125000 7.098330 
121.773235 17.009179 112.607358 10.057519 2.025489 0.062500 0.293299 
128.013952 94.356191 131.446420 74.090691 5.347279 0.125000 34.902377 
114.147556 0.837869 124.217815 10.766609 5.290659 0.125000 7.949579 
73.620664 100.618876 73.821582 116.881837 3.873248 0.125000 5.868963 
158.125000 96.875000 171.875000 96.875000 1.250000 0.062500 2.873854 
