41.836608 31.199985 61.914023 32.540557 5.403342 0.125000 18.265719 
26.731789 29.040306 42.327879 31.480505 5.015514 0.125000 18.906105 
53.218185 106.680971 10.718224 110.431411 3.845364 0.125000 54.445551 
26.171431 51.799493 27.497659 39.441824 5.547393 0.125000 11.688648 
115.524117 32.491619 133.364611 35.410447 3.723444 0.125000 20.626123 
153.839342 28.384978 171.241702 14.512494 7.210843 0.125000 19.528852 
5.694109 107.562499 53.092121 102.797918 5.224975 0.125000 57.777191 
144.564975 26.266506 153.604630 29.088736 4.772800 0.125000 4.658263 
45.903362 72.440868 15.552147 70.535505 7.876851 0.125000 50.008732 
133.970848 35.730367 140.088842 26.889022 6.718153 0.125000 6.289854 
17.493044 0.520106 15.393900 38.181790 6.031625 0.125000 59.226780 
64.266756 31.961888 115.484614 36.108864 6.703877 0.125000 68.225631 
173.014035 16.751278 174.028363 5.593488 3.960936 0.125000 2.249350 
39.357815 64.296827 53.260319 61.240544 3.662542 0.125000 0.940023 
14.935813 49.381987 14.826615 58.146201 3.796429 0.125000 4.232717 
144.361870 99.207035 54.325761 106.245100 2.687226 0.125000 104.510757 
46.818298 40.439907 34.690568 44.155121 3.316184 0.125000 9.438675 
101.912179 39.726764 76.851636 38.689475 2.601251 0.125000 13.137834 
30.251003 59.094442 46.245773 43.773056 8.238136 0.125000 32.486079 
35.312625 44.551660 28.824077 53.996520 3.798695 0.125000 10.310893 
14.843480 73.142850 13.987426 95.610233 4.853595 0.125000 44.784936 
77.057161 38.120496 67.954565 36.798745 3.711080 0.125000 2.680153 
63.244515 38.911730 49.143119 35.273825 3.083893 0.125000 4.658263 
121.832610 35.446540 103.240849 39.862715 2.432323 0.125000 5.301648 
49.334041 102.879923 70.599661 103.746684 1.080045 0.125000 2.873854 
55.493740 29.417064 56.005702 0.587365 6.604122 0.125000 50.031250 
53.193249 6.367644 29.369897 3.162934 3.216579 0.125000 23.963988 
149.375237 72.935946 54.373818 72.816648 3.859875 0.125000 144.420550 
121.109648 60.203791 125.149469 52.863293 3.505870 0.125000 2.510782 
53.298155 52.106683 39.680728 62.284066 5.744114 0.125000 9.973546 
170.709867 71.240716 163.221179 84.996873 3.391048 0.125000 11.925485 
55.338721 60.626870 55.248931 46.877456 3.798897 0.125000 7.917544 
48.107567 43.006635 60.702558 41.151589 6.729715 0.125000 6.086341 
155.840173 73.145478 155.121572 80.696053 2.962473 0.125000 0.820776 
27.537631 0.618189 27.262097 24.379489 1.481819 0.125000 6.126021 
25.072083 96.879821 24.864826 73.109830 6.315154 0.125000 27.726884 
13.305112 119.111149 15.680797 143.242567 8.972148 0.125000 78.151880 
174.398006 95.929007 145.529547 98.113662 4.588238 0.125000 26.219476 
70.571858 62.763585 88.061328 60.191968 3.018932 0.125000 3.294530 
53.159993 143.458516 56.197648 108.984883 12.671192 0.125000 190.110277 
7.445186 18.158628 7.010363 9.368304 3.930692 0.125000 3.403198 
90.601904 59.566744 106.767928 61.513938 2.482060 0.125000 0.149785 
120.307503 -0.003738 104.341520 8.058699 1.723675 0.125000 5.583124 
48.160587 91.165334 29.327626 92.405701 4.152637 0.125000 8.077908 
44.439888 82.259628 30.455263 84.618868 3.072749 0.125000 0.731012 
123.160715 77.780192 145.678079 80.112555 1.713975 0.125000 9.642303 
46.881184 98.323807 33.105630 98.752335 2.731987 0.125000 0.426994 
