85.582711 50.807264 116.833197 49.569543 4.241755 0.125000 49.572553 
115.637679 48.166030 114.058784 0.552584 4.659358 0.125000 103.784112 
74.835872 56.858587 74.296288 0.613763 3.039494 0.125000 66.280813 
83.202062 60.625228 83.195836 96.874797 5.001073 0.125000 30.709616 
118.676530 100.593608 116.403104 60.651860 5.276053 0.125000 54.414477 
130.145275 0.610278 131.889551 91.874722 3.598302 0.125000 159.621704 
169.848322 75.847928 167.207358 51.838442 4.845814 0.125000 24.180297 
82.946657 0.619455 83.231175 55.611516 4.034505 0.125000 90.641841 
75.175468 95.625260 75.186850 60.624858 2.510569 0.125000 29.911371 
133.983396 38.137730 134.428488 8.125793 2.648014 0.125000 6.086341 
115.730471 61.198501 85.542265 62.944581 7.322259 0.125000 59.586905 
73.127534 61.310488 16.873057 61.058010 1.502443 0.125000 57.922651 
14.786089 99.324929 16.041111 109.628819 3.905381 0.125000 6.799042 
14.763835 61.845962 15.384577 96.879260 3.993004 0.125000 56.256956 
72.561021 65.655254 71.788318 83.176304 2.662792 0.125000 6.281913 
51.896782 49.953119 69.378409 50.519860 1.694874 0.125000 5.219043 
16.868931 58.642660 79.374995 59.375424 2.338647 0.125000 58.254059 
77.421411 0.621754 77.338327 50.625770 2.495843 0.125000 49.936597 
169.339306 76.080029 153.188688 74.813107 2.492343 0.125000 5.946800 
154.387989 72.810271 168.166109 73.378881 1.821331 0.015625 2.951974 
121.572016 0.599940 124.185917 99.380003 3.318833 0.125000 139.781535 
14.448590 28.124686 14.576475 58.124141 2.611878 0.125000 20.451231 
71.542399 0.624923 71.531391 48.125210 1.261009 0.125000 22.741834 
67.959944 48.127292 67.883016 0.623368 2.576918 0.125000 58.865434 
134.556932 58.119137 134.153222 45.591864 2.538965 0.062500 4.606112 
12.013901 111.605274 1.689825 113.068153 3.186808 0.125000 7.870688 
16.876958 62.973580 68.134551 63.636367 1.508484 0.125000 26.354194 
0.986089 110.636951 0.481766 73.126926 1.417935 0.125000 16.420204 
18.099822 83.232666 63.133047 82.240098 2.637115 0.125000 40.871437 
152.083295 73.140771 152.867556 0.622216 2.567441 0.125000 82.517883 
85.622433 81.406414 114.378418 81.248876 1.407484 0.125000 20.032564 
16.859168 48.631653 51.864048 49.725487 1.835084 0.125000 19.081657 
167.171088 95.468465 170.000275 78.227606 4.529180 0.125000 0.704127 
66.147804 80.968360 68.662072 67.986919 5.345378 0.125000 16.311590 
118.003222 120.620479 118.653804 103.098223 2.822933 0.125000 4.057129 
132.065969 103.063219 132.659001 116.894980 2.551250 0.125000 10.098574 
66.827059 67.656518 16.861721 64.591466 3.719879 0.125000 35.795682 
83.491118 100.554364 83.877595 109.396740 2.497615 0.125000 1.970764 
13.125000 23.125000 13.125000 0.625000 1.250000 0.125000 5.583124 
155.437828 0.619008 155.811384 66.873949 2.873482 0.125000 49.095046 
0.461437 0.627297 1.093160 45.618427 1.425373 0.125000 20.935654 
142.282960 23.148043 141.700944 1.879763 1.352114 0.125000 4.680034 
64.234773 0.582589 53.698313 35.420340 6.011614 0.125000 65.426295 
54.346433 93.944740 18.090274 96.351972 2.080450 0.125000 19.604676 
85.476903 93.987490 115.660161 99.170227 2.600937 0.125000 9.752547 
40.577820 51.189389 26.892625 52.131125 2.494102 0.062500 2.426959 
53.100236 34.618894 51.746405 48.358663 7.341281 0.125000 42.115070 
