23.636455 26.988934 27.302332 50.751912 4.750963 0.125000 27.300336 
10.071866 0.389062 2.601826 17.901841 4.599088 0.125000 24.707834 
27.510266 66.849360 28.521723 91.909439 4.391006 0.125000 33.212780 
29.101807 56.587671 27.379103 65.720092 3.383508 0.125000 3.370729 
35.721345 96.778425 0.445412 99.725001 7.682070 0.125000 57.434949 
3.103604 89.188205 11.881614 88.182741 3.014393 0.125000 3.776944 
0.530690 104.440658 44.413615 107.586315 4.549212 0.125000 43.676174 
0.314707 59.869496 10.647557 58.270791 1.830905 0.062500 0.966439 
60.690495 98.649459 36.908612 96.502655 1.927970 0.125000 4.480242 
5.563725 30.366386 15.873459 27.923629 2.720841 0.125000 4.680034 
9.150813 111.330289 0.482032 108.574775 2.003868 0.031250 6.486214 
0.591429 22.551416 15.686042 21.667950 5.721815 0.125000 1.153169 
33.089484 114.035006 10.574993 113.156298 2.351852 0.125000 12.777654 
21.655875 117.987275 48.230183 113.791127 4.873881 0.125000 34.108749 
45.631804 110.669752 33.228494 112.555662 2.471593 0.125000 1.720471 
39.398907 104.031379 19.408703 102.640578 2.146939 0.062500 3.245848 
40.545078 98.597085 55.744312 101.170246 2.256276 0.125000 7.870688 
24.411225 100.926022 39.345374 99.128821 1.539745 0.125000 1.067674 
89.327872 101.021532 149.517606 108.175125 3.820519 0.125000 48.125567 
150.522594 108.952105 174.523731 111.923741 3.863389 0.125000 10.373848 
0.240614 112.031019 21.075540 117.727003 4.389324 0.125000 25.750214 
30.701999 92.586806 55.551043 96.141930 2.651834 0.125000 1.575894 
64.323150 97.213627 88.277133 100.881443 2.950022 0.125000 13.490504 
30.648081 53.579641 174.408323 46.281389 2.204985 0.125000 124.857991 
