14.723989 21.850748 14.454111 31.877129 3.055922 0.125000 1.855669 
0.613387 85.864860 48.121478 85.318686 3.950927 0.125000 69.950577 
49.442527 54.374137 49.890100 89.384395 1.697303 0.125000 13.631274 
0.181233 26.979795 13.155013 21.952454 3.496655 0.125000 5.468486 
46.146471 90.327247 0.304289 97.251826 10.660641 0.125000 89.023928 
15.357929 7.946717 21.562123 16.729076 4.083770 0.125000 2.486513 
123.076993 99.837683 174.294390 105.151906 2.439924 0.125000 30.704344 
48.157147 83.124892 48.051971 51.871039 1.250000 0.125000 11.904754 
66.876036 89.513602 174.379374 88.710428 2.006398 0.125000 85.745142 
50.421283 35.628520 50.680364 50.624043 1.271407 0.125000 0.164584 
12.047922 39.161277 32.836657 55.981376 5.415331 0.125000 44.398485 
121.870114 93.843894 174.365670 93.360925 1.698438 0.125000 15.087828 
145.680356 105.287686 124.188623 101.760689 2.504851 0.125000 15.564217 
174.373763 95.532115 121.866429 96.231306 1.915633 0.125000 24.823557 
7.917893 41.590536 0.042204 47.324524 3.217749 0.125000 4.336995 
174.444620 107.145863 146.817655 105.181498 2.405049 0.125000 18.779381 
30.933481 55.928787 40.022709 82.906779 6.385579 0.125000 56.478013 
48.125000 21.875000 48.125000 0.625000 1.250000 0.125000 4.680034 
61.875000 28.125000 61.875000 0.625000 1.250000 0.125000 9.195484 
174.375000 101.875000 156.875000 101.875000 1.250000 0.125000 1.970764 
174.373724 91.272097 129.373899 91.183381 1.333785 0.125000 21.925975 
49.958532 0.604631 49.461194 16.877634 1.593080 0.125000 1.697763 
34.375000 0.625000 34.375000 21.875000 1.250000 0.125000 4.680034 
66.868876 66.311349 158.121685 65.319896 1.331408 0.125000 47.311261 
64.375000 0.625000 64.375000 31.875000 1.250000 0.125000 11.001664 
86.881213 63.195099 69.407698 64.743903 1.250000 0.125000 0.820776 
