104.354474 38.919255 146.880805 37.003898 2.958812 0.125000 42.584446 
69.415802 19.556538 58.086854 19.123913 2.688978 0.125000 5.096564 
102.298427 8.198532 101.104435 55.668500 8.063383 0.125000 76.828810 
103.129547 6.920178 174.287827 -0.241187 3.089396 0.125000 76.465937 
158.156701 20.685052 169.480651 14.707229 8.046328 0.125000 21.127438 
70.669938 66.493224 60.608720 66.216143 4.894871 0.062500 2.433365 
159.375851 6.884172 143.034555 8.399890 2.835655 0.125000 10.225809 
150.048820 27.753042 158.995052 20.887602 6.180554 0.125000 14.776697 
104.722548 55.386748 89.710558 64.489776 6.606364 0.125000 9.538704 
112.649251 78.867161 144.472463 86.466883 11.123819 0.125000 49.388298 
85.872874 64.443339 68.815720 67.650425 6.142372 0.125000 24.701793 
144.392413 39.733534 104.425977 41.674610 4.291328 0.125000 39.596843 
0.581544 79.474843 36.834214 80.641927 3.788279 0.125000 67.896333 
49.505964 21.908059 49.208515 0.592437 5.278577 0.125000 45.932239 
144.580756 75.620699 143.824521 39.438758 11.090821 0.125000 87.622069 
145.991173 40.982513 151.816492 27.054888 7.695295 0.125000 10.904130 
29.396576 82.044490 46.930682 79.812412 3.404279 0.125000 11.219093 
99.375350 20.629432 83.127957 21.912444 2.590644 0.125000 2.847294 
174.582927 3.134398 156.129556 6.181055 6.358549 0.125000 19.581622 
51.662197 64.387334 49.555639 28.042081 7.849075 0.125000 78.290017 
53.962675 40.727523 67.143076 44.745648 4.213887 0.125000 2.835356 
78.747749 46.486998 80.640332 55.621824 2.793424 0.125000 1.697763 
44.531090 86.623371 0.568018 84.129507 5.956792 0.125000 82.591686 
68.074548 0.628116 69.242344 19.537585 5.298691 0.125000 18.240388 
51.924803 27.521323 98.189063 23.956383 4.699270 0.125000 54.061957 
150.713357 5.072406 104.570536 10.918382 5.622383 0.125000 65.528905 
150.680391 98.742653 111.899472 95.345622 10.443550 0.125000 67.552209 
174.537109 100.443059 151.762944 97.864806 3.304357 0.125000 25.698706 
80.971712 3.490772 73.196703 0.442135 4.654945 0.125000 1.034919 
85.319581 55.857576 83.957830 46.750470 3.708769 0.125000 7.870688 
64.124690 63.368281 61.199580 45.329138 4.735456 0.125000 20.136217 
104.410540 87.041485 121.403034 83.414085 4.972164 0.125000 14.928004 
78.290723 63.103656 76.845081 51.878853 2.319852 0.125000 1.697763 
29.372652 46.578013 0.624449 46.805280 1.437709 0.125000 10.098574 
144.385807 11.980841 174.455212 8.910577 1.979180 0.125000 16.275264 
60.599408 22.804416 80.671071 21.202118 2.293133 0.125000 14.081748 
65.528891 47.970558 67.402857 61.971655 2.643730 0.125000 5.096624 
111.889321 70.494772 100.637921 69.257502 1.789045 0.125000 0.164584 
139.305498 14.841737 114.390752 17.052517 1.937800 0.125000 16.420204 
161.951263 12.160648 149.036885 15.608574 3.218616 0.125000 9.642303 
148.295591 15.678326 139.370577 14.406024 2.827798 0.125000 3.776944 
0.625000 49.375000 28.125000 49.375000 1.250000 0.125000 9.195484 
110.653656 14.719310 143.136720 12.015822 2.076682 0.125000 21.498652 
174.627058 38.075728 163.317697 35.881715 3.443303 0.125000 3.508045 
43.194241 0.588334 45.313779 76.848908 3.748552 0.125000 132.246641 
50.611639 84.774919 89.401865 86.070870 3.622694 0.125000 36.076834 
118.153896 72.719872 139.421770 71.992475 3.918717 0.125000 9.867370 
94.889547 58.086350 94.615282 45.564978 5.163039 0.125000 20.844003 
139.360650 49.697863 105.566294 48.195863 3.635298 0.125000 34.469886 
150.643581 37.958689 160.658229 39.077581 3.039715 0.125000 3.370729 
89.321226 77.681749 113.175085 74.787842 6.692689 0.125000 39.470654 
104.355233 61.068318 119.492347 61.743273 6.689247 0.125000 18.265719 
59.354517 79.071726 73.126120 78.141579 1.752564 0.125000 3.776944 
170.644899 108.969210 150.631727 107.987823 2.190886 0.125000 10.529091 
109.375000 31.875000 123.125000 31.875000 1.250000 0.062500 2.873854 
52.648959 109.397226 51.947414 94.371619 2.730475 0.125000 7.697740 
98.138840 29.584534 76.898942 30.987468 1.329667 0.125000 4.680034 
147.477463 116.776270 146.215140 109.073442 5.338485 0.125000 7.653196 
