63.475148 22.352797 44.879605 -0.785144 6.646993 0.125000 59.789984 
91.844683 109.217678 33.105220 107.587919 6.039584 0.125000 87.239102 
107.301662 23.226475 108.088367 0.537048 6.852655 0.125000 65.906782 
119.707730 18.641435 110.109734 24.825247 4.132601 0.125000 0.731012 
70.657483 106.310941 101.896622 104.831585 2.497201 0.125000 15.743835 
0.505166 10.415305 9.424790 11.442763 4.011451 0.062500 2.034583 
101.791634 106.548650 90.631273 109.399558 3.323951 0.125000 2.036308 
13.117072 60.872298 58.150934 62.316085 2.739043 0.125000 53.696074 
19.367230 98.329193 0.596844 97.614914 1.439226 0.125000 1.970764 
174.648259 115.360147 105.662683 102.916100 4.679307 0.125000 89.649833 
0.622941 100.720313 55.651267 101.909104 3.668132 0.125000 74.794025 
174.489447 91.835680 108.036408 88.840649 8.224037 0.125000 221.289572 
58.140152 65.153579 10.608901 63.625895 3.101035 0.125000 48.473974 
73.403762 143.489013 174.655901 126.001397 4.950328 0.125000 181.796321 
61.368449 60.735857 62.700078 21.775030 7.452925 0.125000 140.572898 
117.925319 63.223889 119.760527 20.534100 6.136858 0.125000 107.142747 
60.545443 98.123422 61.191124 65.561865 7.448962 0.125000 57.525053 
83.131841 41.649608 103.151338 42.257219 1.287346 0.125000 2.873854 
100.627100 79.410517 71.903631 81.109140 1.250000 0.125000 2.560371 
101.875000 54.375000 80.625000 54.375000 1.250000 0.125000 2.576231 
100.625000 65.625000 78.125000 65.625000 1.250000 0.125000 0.050694 
31.921355 108.134754 0.574985 106.963164 4.949824 0.125000 35.762335 
81.875000 60.625000 101.875000 60.625000 1.250000 0.125000 1.697763 
78.125000 38.125000 101.875000 38.125000 1.250000 0.125000 4.336995 
100.642244 90.996762 73.143426 92.272260 1.480327 0.125000 10.529091 
61.296765 0.442121 62.756258 15.779043 5.688019 0.125000 21.622673 
80.625000 49.375000 101.875000 49.375000 1.250000 0.125000 0.797908 
13.100863 87.285447 55.637579 86.062531 2.498967 0.125000 46.565806 
79.377812 56.425653 101.876931 56.566477 1.375154 0.125000 4.680034 
13.988268 0.492738 11.286445 59.462577 6.701141 0.125000 166.568572 
158.134877 84.997451 174.400617 84.739334 2.499685 0.125000 11.904754 
71.894877 94.711118 100.618345 93.012472 1.139374 0.125000 1.720471 
105.781161 79.343410 107.262104 28.063980 6.066971 0.125000 75.456873 
7.966221 9.372536 7.981531 0.620376 4.999992 0.125000 14.614024 
174.375000 78.125000 160.625000 78.125000 1.250000 0.031250 6.486214 
174.376646 64.783702 131.872301 64.954930 1.411128 0.125000 24.777277 
10.756734 65.509575 8.150772 90.756683 6.858674 0.125000 64.631293 
31.880936 94.448173 55.630332 94.567974 3.794090 0.125000 21.500653 
121.808711 76.935020 121.345900 66.785132 4.144672 0.125000 12.304394 
