73.993503 18.123053 73.927875 73.125958 2.565623 0.125000 69.702513 
133.167195 11.273475 75.585647 15.020196 5.578936 0.125000 85.137525 
96.879086 47.182717 81.865134 47.382102 1.432473 0.015625 2.356067 
86.856321 71.052400 76.929910 70.618579 3.910157 0.125000 1.229414 
76.796478 59.402048 76.941370 53.126532 2.585893 0.125000 1.067674 
81.872531 29.086394 96.882127 28.957977 1.367591 0.007812 5.056076 
100.562876 75.740850 106.085772 65.883153 5.715420 0.125000 6.145961 
78.103329 51.200696 84.387012 50.998746 3.788218 0.125000 0.820776 
79.236705 48.183964 79.674909 30.632488 4.123217 0.125000 17.891364 
96.884553 30.625164 96.627286 45.642171 1.506755 0.125000 0.164584 
94.314785 43.122387 94.750230 33.087043 1.465577 0.015625 1.925686 
93.151204 31.306878 84.366141 31.644486 1.585090 0.062500 1.669734 
73.691969 74.369426 74.208092 126.864351 5.466749 0.125000 66.784795 
84.366101 45.142903 93.136186 44.981024 1.411269 0.031250 3.914505 
139.340885 51.223636 159.416752 50.172182 3.346491 0.125000 14.776697 
114.350736 68.716656 126.833779 68.256578 1.709542 0.062500 0.966439 
109.214464 78.384801 125.640678 75.721706 4.501843 0.125000 3.662453 
134.194839 64.402399 133.188491 11.873784 5.166685 0.125000 64.989454 
127.050276 66.876857 127.619708 13.119648 3.829230 0.125000 79.921887 
82.661602 33.112680 82.395035 43.138826 1.515336 0.125000 3.776944 
16.879198 78.182298 38.106823 76.626921 2.401972 0.125000 16.420204 
91.592661 64.359712 91.712057 71.917071 5.098105 0.125000 8.567595 
67.642600 13.930314 43.733907 -0.391503 6.863954 0.125000 40.616417 
38.131097 79.519448 16.813555 80.419205 2.655913 0.125000 17.641629 
138.334856 34.373313 138.455420 49.372344 2.570251 0.125000 6.829207 
59.893453 76.871239 60.150523 26.872560 4.007024 0.125000 110.562502 
125.705574 71.195122 115.554997 72.629676 3.524927 0.125000 4.248691 
60.726278 114.375463 60.892151 78.120503 2.660103 0.125000 37.669546 
85.638167 35.982706 90.677350 35.797222 3.839421 0.125000 0.164584 
59.968408 26.514343 62.565911 12.782787 10.987417 0.125000 13.109670 
108.169595 62.597612 118.208503 61.978074 2.572248 0.125000 2.873854 
160.969438 51.854032 161.732181 64.383694 2.022287 0.125000 0.883796 
174.372624 80.379283 139.363810 80.717822 2.826234 0.125000 53.696074 
70.195738 84.375679 70.248498 20.624688 1.299655 0.125000 35.385094 
97.508581 64.365843 97.824167 43.120531 1.472653 0.125000 8.292394 
135.626274 11.892836 174.357307 9.127222 1.780607 0.125000 22.608456 
79.238129 102.031794 76.818685 80.631367 3.748002 0.125000 14.703475 
174.054911 66.877415 173.743624 25.610904 2.499929 0.125000 34.925376 
140.427622 23.093494 140.633058 38.107786 5.102143 0.125000 10.792579 
145.698013 75.086955 154.483803 74.185944 2.231911 0.125000 0.164584 
174.444674 12.859023 139.355073 15.343565 3.210919 0.125000 35.748456 
138.119292 84.829560 174.376395 84.569399 1.510071 0.125000 14.614024 
127.976688 116.879356 126.985159 83.121764 4.225473 0.125000 51.021369 
123.124409 30.625095 120.514650 14.392742 2.424676 0.125000 0.149785 
119.640887 60.523784 122.593035 31.820288 2.266542 0.125000 5.682535 
84.913442 81.763039 87.560320 94.492416 4.386341 0.125000 9.711716 
123.453138 16.860151 124.754007 45.607849 1.250000 0.125000 7.870688 
144.816314 48.436463 139.977992 35.874193 3.499422 0.125000 2.742210 
41.932842 3.124211 42.922395 75.627765 1.846943 0.125000 73.314873 
44.363340 77.285102 55.639764 77.605720 1.533706 0.125000 1.970764 
0.555310 99.037297 58.180821 87.145500 2.778942 0.125000 50.483194 
97.835758 28.155947 96.631547 16.901048 1.641858 0.125000 0.164584 
