124.409000 24.345874 118.675804 17.653163 4.610450 0.125000 5.172956 
120.090959 12.030461 122.648880 0.250197 5.256042 0.125000 10.082962 
60.137234 30.199493 90.925587 38.221328 5.519827 0.125000 38.818459 
161.063432 28.058079 158.683415 56.921046 3.621522 0.125000 39.456678 
158.048283 27.300668 131.969513 22.600586 4.820637 0.125000 32.973721 
91.833377 37.657094 104.416849 37.352207 5.119643 0.125000 27.257284 
126.710766 0.604795 126.389124 23.118058 3.803187 0.125000 38.997454 
170.668843 24.575393 161.796569 26.516518 4.197673 0.125000 9.642303 
14.302539 32.514508 59.336250 33.553908 5.959907 0.125000 52.961181 
157.577945 66.862801 156.909269 96.847889 3.665463 0.125000 17.229454 
-0.043524 24.736931 15.227187 31.070223 6.619083 0.125000 14.348050 
123.009321 45.621315 123.647099 25.601811 3.135566 0.125000 28.160374 
174.421941 57.844724 138.135949 59.601186 2.436639 0.125000 15.716783 
153.101753 56.951137 154.825952 29.170247 6.934879 0.125000 52.011510 
171.260428 55.611647 171.912533 25.598656 3.721962 0.125000 41.042918 
87.950372 47.073324 76.653679 37.126352 3.304241 0.125000 7.782856 
151.612912 105.640639 152.246281 65.630878 5.078515 0.125000 52.044618 
108.099000 56.816385 121.904930 50.692474 3.169993 0.125000 3.274964 
130.492546 21.993980 132.785622 0.455786 5.765906 0.125000 49.061126 
115.034895 45.176522 124.444569 47.883142 4.015500 0.125000 0.149785 
28.068964 37.236304 9.380760 34.337863 3.216727 0.125000 7.931512 
126.517175 23.146144 125.716351 56.936415 3.897030 0.125000 22.233427 
132.521827 18.066992 133.247964 10.516610 2.847508 0.125000 0.820776 
153.100815 64.747496 174.403536 64.160378 3.050056 0.125000 8.991506 
171.203097 101.871641 170.999740 66.872823 3.771725 0.125000 30.484120 
10.815221 34.324717 0.487650 32.813872 3.378368 0.125000 6.829207 
120.625003 76.277938 53.124992 76.277642 7.500016 0.125000 103.366817 
126.332883 68.120311 126.267922 75.630561 1.314823 0.015625 4.680034 
126.302673 76.870577 126.080432 105.628520 1.443157 0.125000 18.013092 
59.530273 35.165462 46.785420 37.668966 2.453120 0.125000 0.218275 
160.573139 56.392494 169.356027 55.448483 3.020020 0.125000 3.456020 
45.640534 37.664927 29.366881 37.115466 1.755457 0.125000 8.292394 
51.907031 76.103809 0.605163 77.054313 4.605497 0.125000 95.637907 
88.713825 44.086055 94.375933 55.624542 3.366512 0.125000 3.048414 
132.607399 24.376538 132.536510 58.126389 2.536752 0.125000 38.094364 
130.040524 83.142018 130.456584 66.870694 2.690896 0.125000 13.710934 
169.380950 65.721518 160.587310 66.263595 1.709088 0.062500 1.669734 
8.508189 44.043870 17.730417 54.715976 3.012213 0.125000 4.480242 
174.598032 120.337993 75.929541 143.189925 4.024949 0.125000 135.873361 
135.667171 58.541110 150.640067 57.023665 1.621741 0.125000 0.820776 
153.098604 14.302551 163.534954 10.500209 7.265339 0.125000 5.412007 
159.091063 119.507852 170.553702 116.594479 2.135222 0.125000 2.873854 
172.593149 8.188136 171.384003 21.941728 2.599866 0.125000 7.870688 
166.540873 2.915160 151.023279 9.120905 6.730973 0.125000 25.691914 
54.553876 142.685318 153.188334 120.911907 4.168359 0.125000 132.057965 
139.425783 75.161118 149.442579 76.257698 2.213093 0.125000 1.067674 
163.607227 10.423765 170.557222 6.746886 2.689703 0.031250 0.060979 
135.501981 20.175054 145.760421 17.370308 1.752169 0.125000 0.164584 
129.883978 58.125739 129.934767 23.125812 1.300788 0.125000 13.710934 
119.504408 61.750942 118.502040 70.805126 3.864773 0.125000 8.756152 
59.267452 0.374801 46.902817 5.689714 2.296800 0.125000 4.680034 
140.931581 50.631588 141.442248 26.865701 1.679360 0.125000 5.882676 
83.202838 127.290180 111.882197 121.913387 1.996517 0.125000 9.711716 
143.125000 30.625000 143.125000 55.625000 1.250000 0.125000 7.389304 
88.125061 85.636111 119.374131 85.465697 1.304515 0.125000 11.001664 
