0.395764 111.123430 26.853237 103.053649 3.849948 0.125000 42.294314 
31.880738 73.417551 54.396593 72.975943 3.896350 0.125000 31.136691 
28.906603 101.906092 30.000805 74.399895 5.443222 0.125000 71.558792 
54.341260 73.894600 50.692719 93.137840 5.674895 0.125000 28.596689 
148.123091 93.740900 174.376713 93.822290 1.331372 0.125000 19.129474 
174.378346 96.041397 148.119997 96.252406 1.450850 0.125000 6.953153 
174.103730 84.324312 172.623077 92.248352 3.456604 0.125000 1.653093 
70.458031 82.460383 108.326922 85.905397 7.243525 0.125000 69.899602 
49.339693 91.849904 43.949073 99.433746 4.370015 0.125000 2.249350 
31.992738 105.985184 4.563391 114.951327 6.671432 0.125000 54.053994 
78.157172 95.596756 68.227092 84.285375 4.352746 0.125000 10.884515 
138.277939 85.813189 122.985383 98.241305 4.061908 0.125000 0.154156 
94.394304 101.423138 79.342643 101.787184 5.149659 0.125000 16.561053 
121.918149 101.993370 95.608844 101.516715 5.270895 0.125000 37.463690 
44.447613 98.472369 30.522214 101.383289 4.693731 0.125000 8.959915 
172.078355 98.085409 171.301354 143.158208 9.179606 0.125000 102.603855 
85.624065 96.576392 124.371571 96.614471 5.034394 0.125000 49.618810 
131.836412 95.204855 146.938630 93.817806 2.718170 0.125000 8.567595 
41.552523 75.595646 40.639462 85.626316 2.829652 0.125000 1.653093 
109.302561 85.070621 128.172696 84.313059 10.242662 0.125000 41.881352 
127.772967 83.614819 136.899777 82.016484 5.571923 0.125000 5.091660 
151.875000 83.125000 171.875000 83.125000 1.250000 0.125000 3.776944 
55.616975 59.794289 119.373100 59.178368 1.370693 0.125000 32.822801 
62.250531 93.365794 74.414443 95.387711 5.752188 0.125000 4.820313 
29.663244 70.631942 31.349479 0.612344 3.718819 0.125000 95.085853 
76.369299 89.124501 87.844090 94.930210 3.372656 0.125000 1.967896 
51.179570 6.843219 54.186546 59.314166 3.314756 0.125000 42.851187 
41.833545 105.431212 32.955042 107.330510 5.412347 0.062500 2.129176 
44.777877 0.253160 50.192874 6.120133 2.826433 0.125000 0.820776 
