123.585671 60.665536 124.924251 45.453346 3.994633 0.125000 13.717433 
130.624296 35.695237 145.635315 35.845670 5.099959 0.125000 22.163170 
146.867487 35.954554 174.386059 35.729942 5.152869 0.125000 29.582666 
110.622986 86.397977 145.622363 86.250242 2.605503 0.125000 30.047395 
125.583732 44.174234 123.731755 33.024220 6.779975 0.125000 5.078000 
115.370883 70.636628 115.239544 81.885095 2.587395 0.125000 0.050694 
131.891151 71.201745 115.610807 71.065024 5.031315 0.125000 8.695560 
115.434864 53.121975 115.275498 63.139326 2.539451 0.125000 3.776944 
116.839079 0.624426 116.159279 43.153521 3.909344 0.125000 50.840822 
174.375840 88.529635 116.873493 88.648961 1.369318 0.125000 26.142933 
146.887211 5.277732 123.122641 4.442074 2.410600 0.125000 13.650421 
140.738445 44.718694 132.859115 47.319473 3.169224 0.125000 2.576231 
132.624020 47.373632 126.475774 56.609231 3.124545 0.125000 5.962107 
129.380595 1.686122 146.902248 2.205161 2.757989 0.125000 14.541222 
128.229456 61.333893 131.358776 55.354819 4.533508 0.125000 0.218275 
143.279497 73.340766 132.275062 71.696895 10.316087 0.125000 20.063090 
148.638906 33.139793 149.216227 13.084447 2.642837 0.125000 14.686571 
0.070551 100.368963 37.262228 86.676818 3.647644 0.125000 62.563299 
115.006964 90.580589 115.304561 103.191557 5.116567 0.125000 28.160374 
148.112144 12.407996 128.123773 11.925863 2.740410 0.125000 20.032564 
129.372400 8.472242 146.880778 8.603351 2.574811 0.125000 8.509122 
147.330648 61.902103 146.988400 51.871131 1.872819 0.125000 0.164584 
174.444903 43.538504 158.100128 42.172627 2.074935 0.125000 5.962107 
141.809528 47.793420 151.671829 45.846054 3.639687 0.125000 1.034919 
126.582188 6.809971 125.578470 30.623039 2.497782 0.125000 13.650421 
144.873424 56.240465 135.920964 63.490463 4.672316 0.125000 2.536664 
124.069383 84.417349 123.760574 73.073669 6.213669 0.125000 4.746480 
115.129822 104.298802 115.374239 110.729549 5.233767 0.125000 10.098574 
48.148138 91.748806 33.103043 92.058567 3.826397 0.125000 5.595353 
149.663765 143.131438 149.566088 90.615345 11.317403 0.125000 239.820353 
50.625001 88.126361 106.874989 88.101180 1.258394 0.125000 29.063464 
174.382375 73.225099 155.619278 73.327595 3.763601 0.125000 29.966554 
32.713969 93.347531 -0.906332 106.797077 8.356316 0.125000 68.040154 
40.319130 0.621186 39.243386 86.888946 2.624494 0.125000 71.164359 
117.654627 111.153724 122.847696 143.766289 15.882693 0.125000 187.836449 
152.799561 33.142871 153.283064 8.128055 1.346392 0.125000 7.389304 
144.470409 82.027379 127.101640 80.517633 5.305954 0.125000 13.631855 
126.697386 90.606802 124.757321 109.542242 3.220855 0.125000 7.695231 
36.875000 30.625000 36.875000 0.625000 1.250000 0.125000 11.001664 
43.125000 53.125000 43.125000 0.625000 1.250000 0.125000 26.354194 
