93.765541 59.321368 94.638771 49.398212 4.542450 0.125000 7.653196 
92.865221 70.930264 94.461405 59.216443 6.699085 0.125000 3.315834 
96.875639 44.308418 129.372646 44.620294 3.845794 0.125000 45.380093 
115.379337 41.919634 114.820297 23.186317 5.221491 0.125000 18.311374 
91.879880 15.387525 71.874320 15.483936 2.566234 0.125000 11.948253 
111.908058 20.011996 98.130716 19.269007 2.294435 0.125000 4.680034 
66.874863 84.223618 90.625976 84.202092 1.266993 0.125000 5.583124 
68.239174 15.727849 67.342408 49.420710 7.563861 0.125000 88.420443 
91.874879 87.069074 66.874888 87.053439 2.507817 0.125000 5.101639 
98.128212 16.813019 111.905988 17.527117 1.701227 0.125000 1.067674 
67.003482 51.780406 65.720766 66.988508 8.929156 0.125000 11.334045 
174.394572 81.742723 150.429418 78.196872 3.066103 0.125000 25.258669 
130.925159 51.869249 130.766178 78.125855 3.863458 0.125000 30.652939 
105.023222 27.346242 110.564456 34.422411 7.019318 0.125000 4.634728 
99.366281 22.081121 111.896735 22.611163 1.671508 0.125000 3.776944 
71.868974 20.791437 85.646171 21.290258 2.814961 0.125000 5.962107 
83.140732 72.497716 71.866474 72.214965 1.468982 0.125000 1.067674 
86.870742 24.460020 70.598953 23.645098 3.184635 0.125000 13.809694 
100.856018 41.881371 101.270297 26.858325 1.594097 0.125000 1.653093 
112.918040 14.474715 99.353517 13.394863 5.480215 0.125000 13.304151 
95.633611 99.561402 93.715363 86.786354 5.687024 0.125000 10.768851 
98.465682 26.873367 98.438742 41.875563 1.276933 0.125000 0.164584 
119.464109 77.926824 99.386297 76.691401 8.579944 0.125000 36.232969 
115.630803 120.642069 115.493760 100.617344 9.999766 0.125000 32.482315 
65.963544 89.210194 68.018213 124.598925 10.490358 0.125000 120.168234 
10.588804 80.437123 26.953853 77.284295 2.499927 0.125000 13.710934 
90.897509 103.516487 93.464414 93.533690 7.851754 0.125000 11.284283 
148.341268 82.894763 174.427588 84.961115 5.477917 0.125000 30.071428 
77.117169 87.839979 68.708915 93.360491 6.237786 0.125000 2.651501 
86.750095 123.442160 88.805634 108.048969 7.268561 0.125000 26.495372 
31.777954 79.921905 11.813242 82.677563 2.860218 0.125000 13.631274 
85.830895 130.684788 88.228234 122.429019 6.002066 0.125000 2.536664 
108.705062 99.386182 101.491392 117.003425 8.680639 0.125000 28.766610 
142.465091 48.358910 143.755818 38.205189 3.877694 0.125000 5.172956 
129.389256 78.989878 120.605021 78.664706 1.526587 0.031250 6.486214 
133.004544 49.372343 133.721010 16.888145 1.608016 0.125000 14.971112 
20.625000 84.375000 61.875000 84.375000 1.250000 0.125000 19.129474 
145.164832 79.364919 145.766963 51.878110 1.413957 0.125000 4.232717 
61.875000 86.875000 0.625000 86.875000 1.250000 0.125000 33.578914 
84.680500 101.140560 82.242595 96.674347 3.991081 0.125000 1.067674 
88.141225 3.993569 120.635601 5.375771 1.355116 0.125000 8.567595 
120.427697 92.196256 112.752085 87.482195 9.007630 0.125000 0.154156 
72.842678 127.259572 80.963999 128.662280 8.241568 0.125000 4.503683 
148.070344 75.038107 174.347882 77.204003 1.978143 0.125000 14.081748 
128.142021 73.795667 118.113952 73.501045 1.506423 0.125000 1.067674 
29.485685 0.626924 28.181814 75.625988 1.988569 0.125000 29.047787 
131.784417 11.868730 132.565362 0.586263 1.592278 0.015625 4.679098 
35.625000 78.125000 55.625000 78.125000 1.250000 0.125000 3.776944 
131.359358 28.091772 130.471800 41.865128 1.568947 0.125000 1.970764 
119.412170 7.471739 105.635647 6.687874 1.461007 0.125000 0.164584 
146.875000 23.125000 146.875000 3.125000 1.250000 0.125000 3.776944 
26.875000 45.625000 26.875000 0.625000 1.250000 0.125000 21.838744 
