86.066792 72.102853 82.526113 59.543840 3.270124 0.125000 2.486513 
83.943678 62.421404 87.432239 54.085095 3.128851 0.125000 0.883796 
88.015234 54.403503 87.674203 38.134450 2.604238 0.062500 2.232796 
43.015680 34.385028 43.103680 24.374813 2.543857 0.062500 0.275019 
91.883423 44.375110 92.274009 14.380196 2.760200 0.125000 25.554150 
80.632091 17.677113 66.872116 17.798764 3.783005 0.125000 16.751076 
30.624241 84.045692 83.125236 84.088970 1.291217 0.125000 24.777277 
28.945265 15.577392 30.608295 44.230871 4.685255 0.125000 42.552883 
89.004228 19.708443 80.387018 16.211425 4.104940 0.125000 0.664633 
44.362267 19.588667 54.326881 20.182475 2.793003 0.125000 0.820776 
90.687061 53.124769 90.775436 76.879091 2.569739 0.125000 24.548014 
151.491777 70.518778 147.684922 84.253019 3.076938 0.125000 1.198571 
55.574221 20.599084 55.275492 35.593133 2.773393 0.125000 9.438675 
81.872847 86.109276 28.123909 85.870287 2.538881 0.125000 30.697661 
52.681478 36.889197 52.901839 24.371072 1.469814 0.007812 5.655071 
64.247590 20.813042 61.861345 50.921128 7.970356 0.125000 67.366072 
68.090595 22.961067 80.657180 23.359159 2.854952 0.125000 15.517114 
53.134421 41.279721 44.366834 41.140958 1.388311 0.062500 2.873854 
81.869849 26.184022 65.621228 26.034293 1.388164 0.125000 0.164584 
90.620415 79.216740 66.890332 79.904230 2.354156 0.125000 9.378608 
42.351413 68.144491 42.659834 60.605969 1.504445 0.062500 0.616176 
44.347318 38.396417 51.896281 39.166349 1.750875 0.031250 0.983154 
51.892354 22.546428 44.361636 22.320550 1.474294 0.015625 1.232791 
40.658483 78.522331 25.555063 79.795078 3.631792 0.125000 6.119189 
75.653020 73.316664 56.883083 72.819711 2.730708 0.125000 4.824161 
51.512029 59.298325 51.091388 68.147170 5.231773 0.062500 2.129176 
83.686598 43.131940 83.510195 25.633718 3.863217 0.125000 3.369347 
138.701657 70.274400 135.341637 76.727457 2.263289 0.062500 1.669734 
137.536018 78.494534 142.453413 69.698355 3.402069 0.125000 0.426994 
28.158979 77.069749 40.713000 74.879367 2.305647 0.125000 2.576231 
87.664798 112.149091 85.191166 85.433690 15.028317 0.125000 67.588355 
146.923027 80.542040 133.093566 81.111158 6.501701 0.125000 10.169903 
108.557841 0.599632 106.268163 74.356162 2.817331 0.125000 45.733622 
40.773863 28.127560 40.215217 60.617954 2.435162 0.125000 11.550453 
62.692825 93.143548 63.875466 120.700085 12.970875 0.125000 95.342820 
154.377969 68.037519 174.397333 68.716950 2.668157 0.125000 3.586135 
136.786237 88.831702 143.271573 87.772137 2.870390 0.125000 1.067674 
23.355416 76.886769 23.623784 43.128965 3.859188 0.125000 31.689591 
141.881905 57.063693 159.404183 56.422463 2.955461 0.125000 19.423771 
159.356662 86.232542 174.379878 86.380856 2.499878 0.125000 9.642303 
44.376484 78.248452 76.886810 77.857777 1.309990 0.125000 2.249350 
109.793383 54.370163 110.004225 18.121389 1.446284 0.125000 22.608456 
172.005216 58.126247 172.556086 0.607580 4.001219 0.125000 128.403363 
31.853147 63.200181 39.773934 65.502567 2.350957 0.125000 0.164584 
82.976783 129.615986 87.086248 110.827587 11.257276 0.125000 61.023337 
41.999437 5.526255 40.783272 19.388885 2.818162 0.125000 2.847294 
123.199556 83.145199 126.840933 69.704421 4.826026 0.125000 8.959915 
161.861995 58.729528 170.634826 58.918248 1.411012 0.062500 0.616176 
174.474737 75.856073 165.680441 76.448289 3.909498 0.125000 1.855669 
170.625000 60.625000 153.125000 60.625000 1.250000 0.125000 1.970764 
106.883555 84.198949 121.848218 84.926143 2.375711 0.125000 0.883796 
24.232872 0.626701 24.771513 45.635214 1.444369 0.125000 21.838744 
0.621495 83.905941 21.876677 84.001345 1.339756 0.125000 4.680034 
27.943150 86.760305 31.819704 122.862494 6.172512 0.125000 65.716176 
168.344666 91.817940 159.222100 90.284788 4.526823 0.125000 11.416468 
21.875541 85.665745 0.629283 85.947701 1.498697 0.125000 4.680034 
40.451383 123.131562 39.553186 99.368265 1.815669 0.125000 17.323294 
91.046239 138.154962 92.114072 123.142005 1.601591 0.062500 0.805318 
21.790377 30.624146 22.093024 0.627200 1.287769 0.125000 10.098574 
