139.371022 45.221352 164.380912 44.974859 5.061353 0.125000 25.981593 
136.912675 74.625353 139.156845 63.082586 4.635316 0.125000 4.824161 
150.842656 75.979631 137.008090 77.856183 11.651956 0.125000 11.121430 
139.432889 67.345133 146.085337 57.176148 6.598864 0.125000 6.512397 
110.612033 95.034250 153.118991 94.101254 3.047997 0.125000 22.526659 
161.887331 96.758629 110.616204 97.316310 2.404683 0.125000 16.434819 
164.500813 45.013679 169.395824 44.687603 5.072027 0.031250 5.995755 
4.500389 77.029275 2.407840 95.684768 4.144638 0.125000 20.493157 
137.612369 78.198583 136.216792 92.183534 4.975289 0.125000 3.323118 
137.864232 19.370363 137.441646 43.135076 2.855190 0.125000 24.548014 
174.377543 76.666402 163.121506 76.693885 2.527461 0.125000 5.583124 
23.057215 83.910729 65.885490 87.605518 7.086377 0.125000 72.895741 
34.116515 99.628698 20.496213 85.751402 3.667547 0.125000 10.297348 
136.008194 60.697051 138.590669 46.962559 4.913890 0.125000 7.190052 
99.543078 87.040958 87.122916 99.619789 2.713306 0.125000 6.953153 
151.836542 84.460181 139.350153 84.872435 2.663630 0.125000 6.486214 
155.407159 93.233583 156.242248 85.295436 6.869589 0.125000 14.541222 
81.881774 104.742102 33.102252 105.642259 6.802449 0.125000 77.846825 
155.638153 41.977047 156.507819 20.559334 5.604457 0.125000 37.462130 
135.738615 98.136412 135.879850 143.139892 10.047025 0.125000 93.981343 
154.429309 10.801209 140.556628 11.329469 5.424459 0.125000 9.990166 
45.618877 100.448482 83.203733 99.144706 4.563645 0.125000 56.224094 
174.407483 82.830329 160.630908 83.298752 2.838373 0.125000 4.658263 
155.252570 143.077636 159.556005 109.239050 11.453931 0.125000 76.287811 
165.520847 69.997946 174.440024 68.516478 2.261394 0.062500 0.293299 
3.126052 95.125933 26.875947 95.176011 1.294804 0.125000 5.583124 
35.613041 95.663659 48.867917 99.764150 4.493126 0.125000 12.171350 
114.375000 83.125000 134.375000 83.125000 1.250000 0.125000 3.776944 
16.949407 99.991696 29.418704 98.487221 2.781463 0.125000 9.195484 
140.617964 2.478033 163.128896 2.233208 1.467430 0.125000 11.001664 
93.114671 96.336624 105.634045 96.096444 1.465558 0.125000 3.456020 
0.551011 8.130069 4.574727 66.861317 2.066963 0.125000 42.659503 
5.603364 58.668683 28.120526 57.978941 1.479045 0.125000 2.510782 
19.426582 114.462632 0.583327 125.554202 0.904471 0.062500 0.966439 
161.874198 4.326126 143.129243 4.633636 1.331846 0.125000 1.067674 
30.616547 57.915797 69.374143 58.230568 1.260110 0.125000 14.971112 
69.375912 90.089428 83.125872 90.112841 1.269154 0.031250 0.983154 
