91.909867 30.472278 90.324378 43.087217 2.636363 0.125000 6.985969 
71.386492 40.057783 48.233733 8.975103 2.986835 0.125000 19.302251 
71.601737 0.546308 72.318271 9.439995 2.893458 0.125000 5.583124 
72.511419 46.851619 73.982335 86.889426 3.976931 0.125000 37.328842 
89.371984 1.878340 94.613379 6.610997 3.620994 0.125000 1.697763 
87.288978 50.635029 87.804918 29.336965 3.869988 0.125000 11.832720 
72.120776 11.844141 72.715247 40.659242 5.230980 0.125000 24.904348 
89.410256 43.122386 91.168494 66.834701 3.602342 0.125000 19.981934 
46.887265 12.846277 73.282290 46.482472 3.421288 0.125000 33.287148 
170.609289 53.125068 170.382007 0.620641 2.716415 0.125000 54.418088 
114.447661 32.312215 108.048033 32.587821 3.961658 0.125000 1.720471 
132.291267 53.117311 132.389354 74.372626 3.836484 0.125000 18.200964 
128.798409 63.235350 126.863858 53.127132 3.395298 0.125000 4.248691 
117.036825 50.731714 116.239786 33.268091 5.735678 0.125000 40.829675 
139.736610 17.231939 136.928273 0.407458 6.370511 0.125000 9.178894 
3.247419 98.125675 3.495751 53.120148 3.943064 0.125000 73.359405 
126.717065 53.057687 126.251800 45.509318 4.913628 0.125000 0.149785 
60.756164 89.374511 60.672215 66.874824 2.583932 0.125000 21.838744 
120.924307 86.090044 113.127950 83.117264 3.769624 0.125000 0.218275 
132.576745 24.289061 130.986879 34.431725 4.285484 0.125000 0.434640 
107.925079 52.617166 114.380120 54.355992 4.528033 0.125000 0.797908 
153.140144 55.831514 169.394401 54.639573 3.739958 0.125000 3.453467 
56.133627 66.870392 56.314914 86.880074 3.874416 0.125000 31.641506 
90.496072 5.643617 92.668847 20.690867 2.652981 0.125000 9.642303 
102.460526 34.369478 102.613980 50.641607 3.891284 0.125000 30.139265 
84.270462 30.606327 84.175142 5.616227 11.316668 0.125000 68.580026 
128.865163 81.882431 128.609369 64.331505 3.804250 0.125000 8.712693 
68.110935 58.254192 66.947184 46.867622 3.249600 0.125000 3.508045 
99.821104 81.933864 97.076547 44.451771 6.963588 0.125000 52.206500 
132.195162 0.597164 131.932333 9.376716 2.685900 0.062500 0.966439 
125.785329 34.349423 124.945425 29.084586 3.506249 0.125000 0.164584 
141.643597 80.772487 138.119629 45.376638 8.329958 0.125000 70.845554 
99.618649 8.870536 112.261104 1.618892 6.043397 0.125000 13.859387 
19.364639 4.529923 54.375247 6.871312 2.990958 0.125000 12.877214 
42.449672 39.058216 62.699894 53.712441 5.063294 0.125000 21.860321 
168.316693 56.827442 170.798766 66.831889 4.852878 0.125000 0.614840 
169.075369 68.458288 157.812204 58.332522 3.906033 0.125000 9.079857 
41.254126 94.373667 41.116453 29.373959 1.387671 0.125000 57.922651 
138.367239 45.598744 137.400805 36.682520 3.807088 0.125000 1.855669 
101.874461 25.224216 120.626107 25.199018 1.275195 0.125000 1.970764 
122.642028 64.355256 121.823707 84.372903 1.718699 0.125000 6.829207 
109.540103 54.373823 109.736122 81.881334 1.410300 0.125000 6.985969 
122.337191 33.130169 122.099573 54.377511 3.763744 0.125000 2.965374 
117.295454 135.573261 115.742924 122.956671 6.985852 0.125000 3.390964 
65.088786 40.636867 66.140083 88.141264 4.136271 0.125000 38.827443 
170.755572 81.871878 170.426985 68.129735 3.898329 0.125000 3.782874 
168.169858 44.519935 161.760102 46.503765 3.127391 0.125000 0.164584 
29.356099 24.375080 29.625999 88.123937 2.695789 0.125000 54.053994 
15.618118 6.109705 0.619331 6.244584 2.634784 0.125000 7.870688 
158.176202 42.551523 169.362128 41.704920 2.587206 0.125000 3.776944 
154.261053 44.374776 154.243840 53.127200 2.514745 0.125000 0.820776 
158.258897 84.370497 157.459684 60.605337 2.666640 0.125000 27.257284 
106.776962 81.890618 107.133008 55.628498 2.499770 0.125000 8.181183 
73.954698 88.102380 72.538850 114.410727 3.677407 0.125000 15.430769 
60.673101 104.375494 60.827401 89.364232 2.589804 0.062500 0.234390 
173.125000 76.875000 173.125000 98.125000 1.250000 0.125000 2.576231 
0.628901 9.500935 18.150809 8.958126 1.365516 0.125000 1.970764 
89.384078 88.052083 87.772219 143.114673 8.197615 0.125000 74.664148 
60.466004 11.101400 69.465172 14.104816 2.767139 0.125000 1.697763 
140.574549 5.953752 163.143771 4.717770 4.308993 0.125000 16.694391 
139.326778 45.188030 153.183911 43.658831 2.819692 0.062500 1.228679 
118.326235 125.921549 115.992156 97.989864 7.682134 0.125000 70.115850 
39.451763 96.329345 6.794729 99.888468 5.353076 0.125000 39.313024 
78.799438 35.613084 79.086837 51.880091 1.514777 0.125000 2.576231 
38.010440 41.855206 38.272231 56.872433 2.390682 0.125000 0.883796 
138.625781 30.856584 140.131270 19.475035 3.553703 0.125000 3.508045 
146.069971 70.615361 146.287070 80.637735 1.412130 0.125000 1.067674 
153.421201 87.285688 141.848036 83.201405 4.368233 0.125000 2.089640 
25.672244 66.863029 22.767437 55.398873 5.170246 0.125000 7.149246 
60.835811 54.368552 61.104378 63.148572 2.613484 0.125000 2.873854 
153.595977 60.604296 154.640403 84.363333 3.211235 0.125000 14.491747 
18.086999 55.624162 17.866619 65.619303 2.664718 0.125000 2.576231 
171.902251 86.874587 154.383330 86.492787 4.971577 0.125000 11.832720 
81.916086 77.141632 80.453553 56.797463 6.233912 0.125000 19.562707 
81.596643 86.846610 82.366576 79.297647 4.602859 0.062500 1.438093 
127.179864 116.986641 129.342091 86.872637 2.934680 0.125000 19.324164 
151.576058 80.715706 148.481480 70.516836 3.481120 0.125000 0.426994 
38.106136 58.125041 38.180031 91.874880 1.258208 0.125000 13.710934 
55.919069 96.870893 55.945675 106.874147 2.519939 0.125000 3.776944 
54.488791 92.457376 42.946724 94.712596 3.920110 0.125000 8.533210 
101.737291 114.363758 101.575201 134.372571 3.841009 0.125000 19.653970 
116.797613 5.633458 128.396474 17.867623 5.536946 0.125000 11.215103 
103.243039 98.134008 101.995686 114.479599 4.309804 0.125000 2.962376 
101.875000 64.375000 101.875000 79.375000 1.250000 0.125000 0.164584 
28.129822 86.973109 14.351668 87.650251 1.800720 0.125000 4.680034 
91.175225 69.361232 91.488593 81.884669 1.562293 0.125000 5.583124 
119.375000 79.375000 119.375000 58.125000 1.250000 0.125000 4.680034 
94.985444 130.563905 96.782989 111.746801 4.327345 0.125000 10.320792 
132.354345 89.376266 132.285014 115.626083 1.316025 0.125000 8.292394 
3.123799 116.874998 3.146512 103.122971 2.520642 0.125000 12.304394 
10.625000 55.625000 10.625000 88.125000 1.250000 0.125000 12.807844 
106.875000 50.625000 106.875000 35.625000 1.250000 0.125000 0.164584 
66.451390 94.342979 65.692674 104.380116 2.775547 0.125000 0.797908 
13.125000 86.875000 13.125000 56.875000 1.250000 0.125000 11.001664 
0.625601 39.194955 26.875309 39.282597 1.295901 0.125000 6.486214 
114.415272 16.721921 94.360038 16.146277 2.427243 0.125000 7.098330 
43.153796 54.816107 58.171398 53.835751 1.843272 0.125000 1.970764 
137.338578 122.980509 139.727513 89.311320 3.997704 0.125000 33.481638 
71.984320 114.529018 71.005464 123.168109 3.726158 0.125000 1.720471 
109.375000 35.625000 109.375000 50.625000 1.250000 0.125000 0.164584 
126.687903 25.884152 115.139871 17.546964 1.913271 0.125000 3.776944 
1.867081 32.495474 28.128650 32.165105 1.517204 0.125000 5.301648 
40.648058 116.876477 41.370934 105.592708 1.647020 0.125000 1.067674 
