128.629974 76.883969 129.717891 15.631090 3.409718 0.125000 48.049230 
126.871693 78.451402 105.626441 78.527460 3.754451 0.125000 13.121880 
107.069626 9.724183 126.693714 13.964072 3.763508 0.125000 18.816157 
130.400018 15.689110 166.657310 21.896522 5.350168 0.125000 41.382401 
164.371395 77.823790 129.361449 78.242809 3.974126 0.125000 47.737596 
135.056978 9.459949 133.722327 0.535668 3.396927 0.125000 3.456020 
168.559667 18.206796 169.413232 0.626856 4.812256 0.125000 8.695560 
155.613629 24.477935 131.740703 21.840679 5.244274 0.125000 20.904645 
125.717018 15.610228 125.341239 76.865591 5.007574 0.125000 135.484460 
107.127273 80.574497 106.429863 94.352468 2.749568 0.125000 1.454630 
50.605227 81.442242 13.096940 80.534722 3.597727 0.125000 27.782367 
70.806300 128.126120 71.593723 0.615544 3.827119 0.125000 138.614454 
29.364813 72.664138 51.881442 72.166438 1.719282 0.125000 17.323294 
125.822396 9.402178 109.395117 6.750381 5.334508 0.125000 5.729293 
165.932020 24.348303 164.446860 76.806256 5.422499 0.125000 102.767925 
130.621281 75.122830 160.628893 74.900593 1.462883 0.125000 27.457351 
9.721821 74.139914 14.916770 59.568145 8.078183 0.125000 9.919127 
13.113386 66.586749 51.850865 65.025985 3.746960 0.125000 30.071428 
43.131240 67.839994 29.373732 67.928948 3.798415 0.125000 11.074856 
29.337641 86.263835 50.660784 84.960389 2.724146 0.125000 9.711716 
107.155144 76.888754 107.739472 11.882771 3.412780 0.125000 78.467774 
54.010491 68.114320 53.894629 85.630091 3.799527 0.125000 13.956256 
127.202122 0.616384 127.433292 9.393219 2.597869 0.125000 0.820776 
51.883344 87.016185 29.388046 88.345725 1.764073 0.062500 0.234390 
24.400911 87.917024 6.861688 85.731845 1.858572 0.125000 6.985969 
14.386521 84.293404 24.364095 85.702229 2.300680 0.125000 0.820776 
26.862253 79.069369 50.623054 78.078335 1.978183 0.125000 12.933632 
79.593223 113.815317 106.888550 110.745481 3.477425 0.125000 17.521146 
109.093760 89.140483 174.509365 85.625836 10.522103 0.125000 173.508238 
49.380902 74.734453 26.866448 75.104122 1.598692 0.125000 14.971112 
69.236485 0.624452 68.899954 85.628068 1.576607 0.125000 48.347393 
99.890868 60.329290 94.339699 50.645235 3.875031 0.125000 6.848509 
104.377506 115.649157 80.623762 118.113063 5.360218 0.125000 16.954991 
125.278737 91.874309 125.226329 118.129194 3.792410 0.125000 32.359550 
110.581006 20.725450 122.317137 25.865476 2.649415 0.125000 3.403198 
129.351241 108.125935 128.661362 90.603882 2.168127 0.125000 2.249350 
164.303164 90.567762 166.066004 126.853575 5.418702 0.125000 50.248771 
36.985895 0.628861 36.377287 18.107670 2.367991 0.125000 7.870688 
36.835528 19.375036 36.868567 55.625006 1.261392 0.125000 14.614024 
11.943994 21.963441 19.690757 -0.140511 8.792271 0.125000 76.558037 
85.862521 35.628595 85.067744 88.135486 1.306613 0.125000 20.626123 
11.556972 33.045459 14.425806 21.575072 6.366529 0.125000 7.776105 
10.273564 47.064689 12.959751 34.340116 3.669135 0.125000 11.086358 
